1 1
0.00066 1.000000 
0.00098 1.000000 
0.00131 1.000000 
0.00164 1.000000 
0.00197 1.000000 
0.00229 1.000000 
0.00262 1.000000 
0.00295 1.000000 
0.00328 1.000000 
0.00360 1.000000 
0.00393 1.000000 
0.00426 1.000000 
0.00459 1.000000 
0.00491 1.000000 
0.00524 1.000000 
0.00557 1.000000 
0.00590 1.000000 
0.00622 1.000000 
0.00655 1.000000 
0.00688 1.000000 
0.00721 1.000000 
0.00753 1.000000 
0.00786 1.000000 
0.00819 1.000000 
0.00852 1.000000 
0.00884 1.000000 
0.00917 1.000000 
0.00950 1.000000 
0.00983 1.000000 
0.01015 1.000000 
0.01048 1.000000 
0.01081 1.000000 
0.01114 1.000000 
0.01146 1.000000 
0.01179 1.000000 
0.01212 1.000000 
0.01245 1.000000 
0.01277 1.000000 
0.01310 1.000000 
0.01343 1.000000 
0.01376 1.000000 
0.01408 1.000000 
0.01441 1.000000 
0.01474 1.000000 
0.01507 1.000000 
0.01539 1.000000 
0.01572 1.000000 
0.01605 1.000000 
0.01638 1.000000 
0.01670 1.000000 
0.01703 1.000000 
0.01736 1.000000 
0.01769 1.000000 
0.01802 1.000000 
0.01834 0.999351 
0.01867 0.999373 
0.01900 0.999395 
0.01933 0.999416 
0.01965 0.998870 
0.01998 0.998907 
0.02031 0.998942 
0.02064 0.998976 
0.02096 0.999008 
0.02129 0.998077 
0.02162 0.998135 
0.02195 0.998191 
0.02227 0.997805 
0.02260 0.997869 
0.02293 0.997101 
0.02326 0.997183 
0.02358 0.996479 
0.02391 0.995814 
0.02424 0.995557 
0.02457 0.994234 
0.02489 0.993684 
0.02522 0.992823 
0.02555 0.991675 
0.02588 0.991886 
0.02620 0.991772 
0.02653 0.991667 
0.02686 0.991268 
0.02719 0.989715 
0.02751 0.988812 
0.02784 0.986275 
0.02817 0.984952 
0.02850 0.984496 
0.02882 0.984587 
0.02915 0.984678 
0.02948 0.984519 
0.02981 0.980708 
0.03013 0.980889 
0.03046 0.978728 
0.03079 0.978952 
0.03112 0.978275 
0.03144 0.977193 
0.03177 0.977234 
0.03210 0.976646 
0.03243 0.975469 
0.03275 0.975152 
0.03308 0.973861 
0.03341 0.972044 
0.03374 0.970493 
0.03406 0.969380 
0.03439 0.966484 
0.03472 0.965499 
0.03505 0.964380 
0.03538 0.962617 
0.03570 0.960075 
0.03603 0.957798 
0.03636 0.956265 
0.03669 0.954633 
0.03701 0.952908 
0.03734 0.947679 
0.03767 0.946453 
0.03800 0.944378 
0.03832 0.941202 
0.03865 0.940171 
0.03898 0.938613 
0.03931 0.937535 
0.03963 0.935813 
0.03996 0.932123 
0.04029 0.931094 
0.04062 0.928927 
0.04094 0.927226 
0.04127 0.925714 
0.04160 0.923760 
0.04193 0.922244 
0.04225 0.917272 
0.04258 0.915325 
0.04291 0.913564 
0.04324 0.909438 
0.04356 0.905559 
0.04389 0.904724 
0.04422 0.902819 
0.04455 0.898911 
0.04487 0.897381 
0.04520 0.891675 
0.04553 0.889375 
0.04586 0.886639 
0.04618 0.884904 
0.04651 0.883328 
0.04684 0.881907 
0.04717 0.879079 
0.04749 0.875287 
0.04782 0.871138 
0.04815 0.869350 
0.04848 0.867807 
0.04880 0.864321 
0.04913 0.858523 
0.04946 0.854481 
0.04979 0.852562 
0.05011 0.849673 
0.05044 0.847381 
0.05077 0.844407 
0.05110 0.842432 
0.05142 0.841254 
0.05175 0.838749 
0.05208 0.836478 
0.05241 0.834513 
0.05274 0.832298 
0.05306 0.830458 
0.05339 0.828827 
0.05372 0.828071 
0.05405 0.824390 
0.05437 0.820811 
0.05470 0.818051 
0.05503 0.815654 
0.05536 0.812201 
0.05568 0.810233 
0.05601 0.808394 
0.05634 0.806202 
0.05667 0.801922 
0.05699 0.799947 
0.05732 0.796125 
0.05765 0.794610 
0.05798 0.791281 
0.05830 0.786707 
0.05863 0.785387 
0.05896 0.782557 
0.05929 0.780724 
0.05961 0.779431 
0.05994 0.777097 
0.06027 0.773937 
0.06060 0.771387 
0.06092 0.768556 
0.06125 0.766891 
0.06158 0.763625 
0.06191 0.760441 
0.06223 0.757338 
0.06256 0.753816 
0.06289 0.751691 
0.06322 0.749892 
0.06354 0.747503 
0.06387 0.745123 
0.06420 0.742334 
0.06453 0.737905 
0.06485 0.733785 
0.06518 0.730572 
0.06551 0.727839 
0.06584 0.724627 
0.06616 0.720802 
0.06649 0.718041 
0.06682 0.714044 
0.06715 0.711191 
0.06747 0.708643 
0.06780 0.705595 
0.06813 0.703967 
0.06846 0.701601 
0.06878 0.698246 
0.06911 0.695780 
0.06944 0.694179 
0.06977 0.691292 
0.07009 0.688386 
0.07042 0.685938 
0.07075 0.682860 
0.07108 0.679937 
0.07141 0.677884 
0.07173 0.674794 
0.07206 0.672686 
0.07239 0.669930 
0.07272 0.667604 
0.07304 0.665939 
0.07337 0.663477 
0.07370 0.662063 
0.07403 0.660413 
0.07435 0.656310 
0.07468 0.653876 
0.07501 0.650885 
0.07534 0.648187 
0.07566 0.646113 
0.07599 0.643380 
0.07632 0.640595 
0.07665 0.638128 
0.07697 0.635606 
0.07730 0.633970 
0.07763 0.631410 
0.07796 0.628266 
0.07828 0.625963 
0.07861 0.623884 
0.07894 0.622683 
0.07927 0.621001 
0.07959 0.618100 
0.07992 0.616137 
0.08025 0.613382 
0.08058 0.611183 
0.08090 0.608604 
0.08123 0.606732 
0.08156 0.604288 
0.08189 0.601703 
0.08221 0.599426 
0.08254 0.597704 
0.08287 0.596273 
0.08320 0.593695 
0.08352 0.591694 
0.08385 0.588787 
0.08418 0.587093 
0.08451 0.585256 
0.08483 0.583281 
0.08516 0.579923 
0.08549 0.577630 
0.08582 0.575678 
0.08614 0.573622 
0.08647 0.571408 
0.08680 0.568582 
0.08713 0.566662 
0.08745 0.564783 
0.08778 0.562497 
0.08811 0.560090 
0.08844 0.557538 
0.08877 0.554845 
0.08909 0.552447 
0.08942 0.549774 
0.08975 0.548221 
0.09008 0.546330 
0.09040 0.544427 
0.09073 0.542641 
0.09106 0.540218 
0.09139 0.538434 
0.09171 0.536943 
0.09204 0.535358 
0.09237 0.533480 
0.09270 0.532366 
0.09302 0.530433 
0.09335 0.527947 
0.09368 0.526119 
0.09401 0.524013 
0.09433 0.522334 
0.09466 0.520305 
0.09499 0.517981 
0.09532 0.515511 
0.09564 0.513769 
0.09597 0.511478 
0.09630 0.509786 
0.09663 0.507552 
0.09695 0.505474 
0.09728 0.503140 
0.09761 0.501186 
0.09794 0.499675 
0.09826 0.497503 
0.09859 0.495460 
0.09892 0.493961 
0.09925 0.492077 
0.09957 0.490338 
0.09990 0.488158 
0.10023 0.485439 
0.10056 0.483575 
0.10088 0.481577 
0.10121 0.479448 
0.10154 0.478213 
0.10187 0.476486 
0.10219 0.474648 
0.10252 0.472618 
0.10285 0.470381 
0.10318 0.468810 
0.10350 0.467229 
0.10383 0.465419 
0.10416 0.463782 
0.10449 0.462097 
0.10481 0.460972 
0.10514 0.459151 
0.10547 0.457344 
0.10580 0.455666 
0.10613 0.454095 
0.10645 0.452080 
0.10678 0.450326 
0.10711 0.448228 
0.10744 0.446129 
0.10776 0.445103 
0.10809 0.443290 
0.10842 0.441527 
0.10875 0.439704 
0.10907 0.438294 
0.10940 0.436532 
0.10973 0.434927 
0.11006 0.433369 
0.11038 0.431927 
0.11071 0.430162 
0.11104 0.428916 
0.11137 0.427677 
0.11169 0.426186 
0.11202 0.424585 
0.11235 0.423559 
0.11268 0.422113 
0.11300 0.420913 
0.11333 0.419335 
0.11366 0.417967 
0.11399 0.416642 
0.11431 0.414962 
0.11464 0.413361 
0.11497 0.412340 
0.11530 0.410434 
0.11562 0.409236 
0.11595 0.408012 
0.11628 0.406780 
0.11661 0.405254 
0.11693 0.403723 
0.11726 0.402610 
0.11759 0.401223 
0.11792 0.399876 
0.11824 0.398707 
0.11857 0.397071 
0.11890 0.395872 
0.11923 0.394499 
0.11955 0.393151 
0.11988 0.392065 
0.12021 0.390569 
0.12054 0.389631 
0.12086 0.388152 
0.12119 0.386831 
0.12152 0.385445 
0.12185 0.384126 
0.12217 0.382701 
0.12250 0.381184 
0.12283 0.380078 
0.12316 0.378723 
0.12349 0.377321 
0.12381 0.376139 
0.12414 0.374726 
0.12447 0.373254 
0.12480 0.372178 
0.12512 0.370862 
0.12545 0.369459 
0.12578 0.368105 
0.12611 0.366815 
0.12643 0.365547 
0.12676 0.364435 
0.12709 0.363182 
0.12742 0.362468 
0.12774 0.361044 
0.12807 0.359866 
0.12840 0.359061 
0.12873 0.357857 
0.12905 0.356725 
0.12938 0.355369 
0.12971 0.353970 
0.13004 0.353014 
0.13036 0.351847 
0.13069 0.350713 
0.13102 0.349461 
0.13135 0.348504 
0.13167 0.347328 
0.13200 0.346395 
0.13233 0.345441 
0.13266 0.344518 
0.13298 0.343076 
0.13331 0.342528 
0.13364 0.341367 
0.13397 0.340141 
0.13429 0.339173 
0.13462 0.338140 
0.13495 0.336924 
0.13528 0.335633 
0.13560 0.334585 
0.13593 0.333461 
0.13626 0.332287 
0.13659 0.331327 
0.13691 0.330396 
0.13724 0.329470 
0.13757 0.328515 
0.13790 0.327440 
0.13822 0.326451 
0.13855 0.325535 
0.13888 0.324602 
0.13921 0.323718 
0.13953 0.322751 
0.13986 0.321624 
0.14019 0.320810 
0.14052 0.319543 
0.14085 0.318588 
0.14117 0.317660 
0.14150 0.316738 
0.14183 0.315638 
0.14216 0.314780 
0.14248 0.313894 
0.14281 0.312823 
0.14314 0.311727 
0.14347 0.310638 
0.14379 0.309431 
0.14412 0.308408 
0.14445 0.307174 
0.14478 0.306389 
0.14510 0.305496 
0.14543 0.304618 
0.14576 0.303695 
0.14609 0.302847 
0.14641 0.301943 
0.14674 0.301055 
0.14707 0.300141 
0.14740 0.299124 
0.14772 0.297955 
0.14805 0.297235 
0.14838 0.296392 
0.14871 0.295524 
0.14903 0.294418 
0.14936 0.293522 
0.14969 0.292602 
0.15002 0.291745 
0.15034 0.290759 
0.15067 0.289893 
0.15100 0.289135 
0.15133 0.288240 
0.15165 0.287276 
0.15198 0.286456 
0.15231 0.285530 
0.15264 0.284619 
0.15296 0.283795 
0.15329 0.283131 
0.15362 0.282234 
0.15395 0.281241 
0.15427 0.280472 
0.15460 0.279652 
0.15493 0.278801 
0.15526 0.278097 
0.15558 0.277193 
0.15591 0.276391 
0.15624 0.275408 
0.15657 0.274554 
0.15689 0.273766 
0.15722 0.272999 
0.15755 0.272185 
0.15788 0.271357 
0.15821 0.270508 
0.15853 0.269707 
0.15886 0.268910 
0.15919 0.268185 
0.15952 0.267557 
0.15984 0.266932 
0.16017 0.266025 
0.16050 0.265223 
0.16083 0.264550 
0.16115 0.263805 
0.16148 0.263180 
0.16181 0.262443 
0.16214 0.261538 
0.16246 0.260842 
0.16279 0.259979 
0.16312 0.259105 
0.16345 0.258268 
0.16377 0.257499 
0.16410 0.256639 
0.16443 0.255759 
0.16476 0.255043 
0.16508 0.254213 
0.16541 0.253536 
0.16574 0.252745 
0.16607 0.252099 
0.16639 0.251340 
0.16672 0.250646 
0.16705 0.249871 
0.16738 0.249123 
0.16770 0.248441 
0.16803 0.247769 
0.16836 0.247063 
0.16869 0.246262 
0.16901 0.245533 
0.16934 0.244778 
0.16967 0.243968 
0.17000 0.243280 
0.17032 0.242537 
0.17065 0.241835 
0.17098 0.241122 
0.17131 0.240508 
0.17163 0.239838 
0.17196 0.239157 
0.17229 0.238537 
0.17262 0.237920 
0.17294 0.237220 
0.17327 0.236646 
0.17360 0.236010 
0.17393 0.235313 
0.17425 0.234633 
0.17458 0.234056 
0.17491 0.233482 
0.17524 0.232784 
0.17557 0.232110 
0.17589 0.231343 
0.17622 0.230642 
0.17655 0.230028 
0.17688 0.229403 
0.17720 0.228705 
0.17753 0.228066 
0.17786 0.227478 
0.17819 0.226939 
0.17851 0.226396 
0.17884 0.225822 
0.17917 0.225171 
0.17950 0.224509 
0.17982 0.223884 
0.18015 0.223315 
0.18048 0.222736 
0.18081 0.222073 
0.18113 0.221401 
0.18146 0.220785 
0.18179 0.220197 
0.18212 0.219515 
0.18244 0.218921 
0.18277 0.218297 
0.18310 0.217702 
0.18343 0.217116 
0.18375 0.216488 
0.18408 0.215788 
0.18441 0.215223 
0.18474 0.214630 
0.18506 0.214009 
0.18539 0.213478 
0.18572 0.212924 
0.18605 0.212342 
0.18637 0.211818 
0.18670 0.211248 
0.18703 0.210717 
0.18736 0.210194 
0.18768 0.209680 
0.18801 0.209090 
0.18834 0.208611 
0.18867 0.208062 
0.18899 0.207497 
0.18932 0.206953 
0.18965 0.206447 
0.18998 0.205896 
0.19030 0.205365 
0.19063 0.204790 
0.19096 0.204329 
0.19129 0.203764 
0.19161 0.203255 
0.19194 0.202754 
0.19227 0.202255 
0.19260 0.201671 
0.19292 0.201085 
0.19325 0.200478 
0.19358 0.199983 
0.19391 0.199450 
0.19424 0.199011 
0.19456 0.198523 
0.19489 0.198019 
0.19522 0.197507 
0.19555 0.196941 
0.19587 0.196445 
0.19620 0.195917 
0.19653 0.195448 
0.19686 0.194920 
0.19718 0.194443 
0.19751 0.193914 
0.19784 0.193409 
0.19817 0.192896 
0.19849 0.192347 
0.19882 0.191892 
0.19915 0.191407 
0.19948 0.190925 
0.19980 0.190476 
0.20013 0.190030 
0.20046 0.189575 
0.20079 0.189132 
0.20111 0.188596 
0.20144 0.188099 
0.20177 0.187567 
0.20210 0.187117 
0.20242 0.186622 
0.20275 0.186108 
0.20308 0.185658 
0.20341 0.185237 
0.20373 0.184740 
0.20406 0.184276 
0.20439 0.183840 
0.20472 0.183385 
0.20504 0.182911 
0.20537 0.182435 
0.20570 0.181955 
0.20603 0.181544 
0.20635 0.181043 
0.20668 0.180625 
0.20701 0.180209 
0.20734 0.179745 
0.20766 0.179253 
0.20799 0.178777 
0.20832 0.178304 
0.20865 0.177833 
0.20897 0.177384 
0.20930 0.176912 
0.20963 0.176536 
0.20996 0.176092 
0.21028 0.175641 
0.21061 0.175191 
0.21094 0.174710 
0.21127 0.174279 
0.21160 0.173835 
0.21192 0.173413 
0.21225 0.172978 
0.21258 0.172554 
0.21291 0.172175 
0.21323 0.171755 
0.21356 0.171336 
0.21389 0.170929 
0.21422 0.170509 
0.21454 0.170129 
0.21487 0.169754 
0.21520 0.169367 
0.21553 0.168950 
0.21585 0.168575 
0.21618 0.168193 
0.21651 0.167808 
0.21684 0.167411 
0.21716 0.167043 
0.21749 0.166630 
0.21782 0.166261 
0.21815 0.165843 
0.21847 0.165444 
0.21880 0.165097 
0.21913 0.164706 
0.21946 0.164344 
0.21978 0.163988 
0.22011 0.163624 
0.22044 0.163248 
0.22077 0.162892 
0.22109 0.162466 
0.22142 0.162108 
0.22175 0.161743 
0.22208 0.161340 
0.22240 0.160939 
0.22273 0.160582 
0.22306 0.160201 
0.22339 0.159809 
0.22371 0.159461 
0.22404 0.159081 
0.22437 0.158719 
0.22470 0.158362 
0.22502 0.158033 
0.22535 0.157641 
0.22568 0.157281 
0.22601 0.156930 
0.22633 0.156547 
0.22666 0.156191 
0.22699 0.155807 
0.22732 0.155445 
0.22764 0.155101 
0.22797 0.154734 
0.22830 0.154356 
0.22863 0.154017 
0.22896 0.153658 
0.22928 0.153301 
0.22961 0.152977 
0.22994 0.152643 
0.23027 0.152290 
0.23059 0.151934 
0.23092 0.151620 
0.23125 0.151243 
0.23158 0.150907 
0.23190 0.150577 
0.23223 0.150255 
0.23256 0.149872 
0.23289 0.149530 
0.23321 0.149192 
0.23354 0.148880 
0.23387 0.148554 
0.23420 0.148236 
0.23452 0.147908 
0.23485 0.147577 
0.23518 0.147240 
0.23551 0.146919 
0.23583 0.146581 
0.23616 0.146263 
0.23649 0.145977 
0.23682 0.145696 
0.23714 0.145389 
0.23747 0.145033 
0.23780 0.144706 
0.23813 0.144369 
0.23845 0.144051 
0.23878 0.143713 
0.23911 0.143360 
0.23944 0.143062 
0.23976 0.142749 
0.24009 0.142442 
0.24042 0.142139 
0.24075 0.141819 
0.24107 0.141515 
0.24140 0.141227 
0.24173 0.140947 
0.24206 0.140665 
0.24238 0.140358 
0.24271 0.140055 
0.24304 0.139762 
0.24337 0.139458 
0.24369 0.139188 
0.24402 0.138905 
0.24435 0.138593 
0.24468 0.138301 
0.24500 0.137982 
0.24533 0.137692 
0.24566 0.137367 
0.24599 0.137062 
0.24632 0.136768 
0.24664 0.136504 
0.24697 0.136219 
0.24730 0.135943 
0.24763 0.135649 
0.24795 0.135382 
0.24828 0.135067 
0.24861 0.134763 
0.24894 0.134450 
0.24926 0.134166 
0.24959 0.133865 
0.24992 0.133576 
0.25025 0.133288 
0.25057 0.132998 
0.25090 0.132743 
0.25123 0.132441 
0.25156 0.132157 
0.25188 0.131868 
0.25221 0.131572 
0.25254 0.131315 
0.25287 0.131046 
0.25319 0.130774 
0.25352 0.130516 
0.25385 0.130239 
0.25418 0.129993 
0.25450 0.129722 
0.25483 0.129428 
0.25516 0.129125 
0.25549 0.128837 
0.25581 0.128560 
0.25614 0.128296 
0.25647 0.128008 
0.25680 0.127763 
0.25712 0.127480 
0.25745 0.127217 
0.25778 0.126945 
0.25811 0.126665 
0.25843 0.126395 
0.25876 0.126136 
0.25909 0.125875 
0.25942 0.125621 
0.25974 0.125355 
0.26007 0.125087 
0.26040 0.124804 
0.26073 0.124538 
0.26105 0.124276 
0.26138 0.124040 
0.26171 0.123776 
0.26204 0.123511 
0.26236 0.123243 
0.26269 0.122988 
0.26302 0.122726 
0.26335 0.122464 
0.26368 0.122221 
0.26400 0.121964 
0.26433 0.121714 
0.26466 0.121471 
0.26499 0.121214 
0.26531 0.120969 
0.26564 0.120708 
0.26597 0.120444 
0.26630 0.120193 
0.26662 0.119931 
0.26695 0.119688 
0.26728 0.119439 
0.26761 0.119204 
0.26793 0.118966 
0.26826 0.118718 
0.26859 0.118482 
0.26892 0.118241 
0.26924 0.118009 
0.26957 0.117770 
0.26990 0.117543 
0.27023 0.117323 
0.27055 0.117089 
0.27088 0.116873 
0.27121 0.116678 
0.27154 0.116466 
0.27186 0.116253 
0.27219 0.116025 
0.27252 0.115792 
0.27285 0.115566 
0.27317 0.115327 
0.27350 0.115096 
0.27383 0.114884 
0.27416 0.114655 
0.27448 0.114430 
0.27481 0.114220 
0.27514 0.114002 
0.27547 0.113785 
0.27579 0.113543 
0.27612 0.113335 
0.27645 0.113112 
0.27678 0.112908 
0.27710 0.112689 
0.27743 0.112437 
0.27776 0.112227 
0.27809 0.112024 
0.27841 0.111799 
0.27874 0.111578 
0.27907 0.111358 
0.27940 0.111135 
0.27972 0.110913 
0.28005 0.110708 
0.28038 0.110488 
0.28071 0.110274 
0.28104 0.110082 
0.28136 0.109875 
0.28169 0.109671 
0.28202 0.109445 
0.28235 0.109243 
0.28267 0.109011 
0.28300 0.108794 
0.28333 0.108582 
0.28366 0.108355 
0.28398 0.108153 
0.28431 0.107949 
0.28464 0.107733 
0.28497 0.107512 
0.28529 0.107294 
0.28562 0.107071 
0.28595 0.106863 
0.28628 0.106671 
0.28660 0.106471 
0.28693 0.106260 
0.28726 0.106051 
0.28759 0.105862 
0.28791 0.105654 
0.28824 0.105458 
0.28857 0.105263 
0.28890 0.105070 
0.28922 0.104873 
0.28955 0.104680 
0.28988 0.104479 
0.29021 0.104291 
0.29053 0.104089 
0.29086 0.103880 
0.29119 0.103695 
0.29152 0.103510 
0.29184 0.103320 
0.29217 0.103139 
0.29250 0.102958 
0.29283 0.102758 
0.29315 0.102548 
0.29348 0.102369 
0.29381 0.102181 
0.29414 0.101983 
0.29446 0.101791 
0.29479 0.101587 
0.29512 0.101376 
0.29545 0.101186 
0.29577 0.100984 
0.29610 0.100785 
0.29643 0.100604 
0.29676 0.100418 
0.29708 0.100243 
0.29741 0.100056 
0.29774 0.099865 
0.29807 0.099692 
0.29840 0.099509 
0.29872 0.099339 
0.29905 0.099169 
0.29938 0.098991 
0.29971 0.098805 
0.30003 0.098626 
0.30036 0.098441 
0.30069 0.098253 
0.30102 0.098070 
0.30134 0.097897 
0.30167 0.097708 
0.30200 0.097534 
0.30233 0.097358 
0.30265 0.097187 
0.30298 0.097009 
0.30331 0.096828 
0.30364 0.096656 
0.30396 0.096478 
0.30429 0.096287 
0.30462 0.096108 
0.30495 0.095931 
0.30527 0.095774 
0.30560 0.095598 
0.30593 0.095430 
0.30626 0.095272 
0.30658 0.095096 
0.30691 0.094927 
0.30724 0.094756 
0.30757 0.094595 
0.30789 0.094442 
0.30822 0.094295 
0.30855 0.094124 
0.30888 0.093965 
0.30920 0.093802 
0.30953 0.093631 
0.30986 0.093466 
0.31019 0.093298 
0.31051 0.093126 
0.31084 0.092954 
0.31117 0.092791 
0.31150 0.092623 
0.31182 0.092455 
0.31215 0.092291 
0.31248 0.092131 
0.31281 0.091962 
0.31313 0.091803 
0.31346 0.091635 
0.31379 0.091474 
0.31412 0.091307 
0.31444 0.091145 
0.31477 0.090984 
0.31510 0.090836 
0.31543 0.090677 
0.31575 0.090515 
0.31608 0.090355 
0.31641 0.090185 
0.31674 0.090033 
0.31707 0.089884 
0.31739 0.089728 
0.31772 0.089583 
0.31805 0.089435 
0.31838 0.089268 
0.31870 0.089110 
0.31903 0.088954 
0.31936 0.088797 
0.31969 0.088646 
0.32001 0.088492 
0.32034 0.088343 
0.32067 0.088194 
0.32100 0.088034 
0.32132 0.087882 
0.32165 0.087728 
0.32198 0.087574 
0.32231 0.087423 
0.32263 0.087268 
0.32296 0.087112 
0.32329 0.086958 
0.32362 0.086807 
0.32394 0.086660 
0.32427 0.086517 
0.32460 0.086363 
0.32493 0.086226 
0.32525 0.086078 
0.32558 0.085934 
0.32591 0.085789 
0.32624 0.085663 
0.32656 0.085518 
0.32689 0.085386 
0.32722 0.085240 
0.32755 0.085099 
0.32787 0.084955 
0.32820 0.084813 
0.32853 0.084676 
0.32886 0.084519 
0.32918 0.084375 
0.32951 0.084225 
0.32984 0.084074 
0.33017 0.083936 
0.33049 0.083799 
0.33082 0.083663 
0.33115 0.083515 
0.33148 0.083369 
0.33180 0.083232 
0.33213 0.083099 
0.33246 0.082961 
0.33279 0.082834 
0.33311 0.082689 
0.33344 0.082550 
0.33377 0.082409 
0.33410 0.082278 
0.33443 0.082134 
0.33475 0.081987 
0.33508 0.081849 
0.33541 0.081709 
0.33574 0.081570 
0.33606 0.081436 
0.33639 0.081302 
0.33672 0.081174 
0.33705 0.081037 
0.33737 0.080902 
0.33770 0.080770 
0.33803 0.080643 
0.33836 0.080512 
0.33868 0.080378 
0.33901 0.080240 
0.33934 0.080113 
0.33967 0.079977 
0.33999 0.079847 
0.34032 0.079718 
0.34065 0.079592 
0.34098 0.079467 
0.34130 0.079342 
0.34163 0.079212 
0.34196 0.079090 
0.34229 0.078960 
0.34261 0.078831 
0.34294 0.078708 
0.34327 0.078572 
0.34360 0.078446 
0.34392 0.078324 
0.34425 0.078197 
0.34458 0.078068 
0.34491 0.077936 
0.34523 0.077810 
0.34556 0.077680 
0.34589 0.077555 
0.34622 0.077433 
0.34654 0.077310 
0.34687 0.077187 
0.34720 0.077057 
0.34753 0.076928 
0.34785 0.076813 
0.34818 0.076692 
0.34851 0.076564 
0.34884 0.076438 
0.34916 0.076312 
0.34949 0.076185 
0.34982 0.076063 
0.35015 0.075938 
0.35047 0.075814 
0.35080 0.075697 
0.35113 0.075578 
0.35146 0.075472 
0.35179 0.075342 
0.35211 0.075226 
0.35244 0.075114 
0.35277 0.074995 
0.35310 0.074878 
0.35342 0.074765 
0.35375 0.074649 
0.35408 0.074538 
0.35441 0.074421 
0.35473 0.074299 
0.35506 0.074182 
0.35539 0.074064 
0.35572 0.073947 
0.35604 0.073829 
0.35637 0.073721 
0.35670 0.073602 
0.35703 0.073482 
0.35735 0.073374 
0.35768 0.073253 
0.35801 0.073139 
0.35834 0.073029 
0.35866 0.072912 
0.35899 0.072803 
0.35932 0.072692 
0.35965 0.072586 
0.35997 0.072474 
0.36030 0.072362 
0.36063 0.072257 
0.36096 0.072150 
0.36128 0.072037 
0.36161 0.071933 
0.36194 0.071828 
0.36227 0.071706 
0.36259 0.071606 
0.36292 0.071493 
0.36325 0.071390 
0.36358 0.071279 
0.36390 0.071174 
0.36423 0.071075 
0.36456 0.070970 
0.36489 0.070866 
0.36521 0.070765 
0.36554 0.070659 
0.36587 0.070550 
0.36620 0.070443 
0.36652 0.070338 
0.36685 0.070227 
0.36718 0.070118 
0.36751 0.070010 
0.36783 0.069898 
0.36816 0.069793 
0.36849 0.069691 
0.36882 0.069584 
0.36915 0.069483 
0.36947 0.069377 
0.36980 0.069265 
0.37013 0.069158 
0.37046 0.069047 
0.37078 0.068942 
0.37111 0.068842 
0.37144 0.068738 
0.37177 0.068640 
0.37209 0.068541 
0.37242 0.068437 
0.37275 0.068336 
0.37308 0.068231 
0.37340 0.068128 
0.37373 0.068023 
0.37406 0.067914 
0.37439 0.067814 
0.37471 0.067715 
0.37504 0.067618 
0.37537 0.067520 
0.37570 0.067421 
0.37602 0.067323 
0.37635 0.067229 
0.37668 0.067133 
0.37701 0.067037 
0.37733 0.066935 
0.37766 0.066838 
0.37799 0.066743 
0.37832 0.066646 
0.37864 0.066541 
0.37897 0.066442 
0.37930 0.066342 
0.37963 0.066244 
0.37995 0.066136 
0.38028 0.066044 
0.38061 0.065941 
0.38094 0.065844 
0.38126 0.065749 
0.38159 0.065646 
0.38192 0.065551 
0.38225 0.065462 
0.38257 0.065365 
0.38290 0.065266 
0.38323 0.065168 
0.38356 0.065070 
0.38388 0.064976 
0.38421 0.064884 
0.38454 0.064793 
0.38487 0.064692 
0.38519 0.064598 
0.38552 0.064503 
0.38585 0.064412 
0.38618 0.064316 
0.38651 0.064226 
0.38683 0.064137 
0.38716 0.064037 
0.38749 0.063942 
0.38782 0.063856 
0.38814 0.063767 
0.38847 0.063671 
0.38880 0.063584 
0.38913 0.063494 
0.38945 0.063402 
0.38978 0.063307 
0.39011 0.063218 
0.39044 0.063124 
0.39076 0.063028 
0.39109 0.062944 
0.39142 0.062846 
0.39175 0.062756 
0.39207 0.062666 
0.39240 0.062573 
0.39273 0.062484 
0.39306 0.062395 
0.39338 0.062311 
0.39371 0.062225 
0.39404 0.062137 
0.39437 0.062049 
0.39469 0.061954 
0.39502 0.061864 
0.39535 0.061778 
0.39568 0.061684 
0.39600 0.061595 
0.39633 0.061506 
0.39666 0.061407 
0.39699 0.061319 
0.39731 0.061233 
0.39764 0.061148 
0.39797 0.061064 
0.39830 0.060976 
0.39862 0.060889 
0.39895 0.060799 
0.39928 0.060716 
0.39961 0.060630 
0.39993 0.060542 
0.40026 0.060460 
0.40059 0.060376 
0.40092 0.060291 
0.40124 0.060200 
0.40157 0.060113 
0.40190 0.060032 
0.40223 0.059943 
0.40255 0.059858 
0.40288 0.059776 
0.40321 0.059695 
0.40354 0.059615 
0.40387 0.059532 
0.40419 0.059443 
0.40452 0.059365 
0.40485 0.059282 
0.40518 0.059199 
0.40550 0.059120 
0.40583 0.059038 
0.40616 0.058963 
0.40649 0.058886 
0.40681 0.058807 
0.40714 0.058725 
0.40747 0.058642 
0.40780 0.058557 
0.40812 0.058471 
0.40845 0.058387 
0.40878 0.058301 
0.40911 0.058217 
0.40943 0.058134 
0.40976 0.058054 
0.41009 0.057970 
0.41042 0.057896 
0.41074 0.057816 
0.41107 0.057739 
0.41140 0.057659 
0.41173 0.057579 
0.41205 0.057507 
0.41238 0.057429 
0.41271 0.057352 
0.41304 0.057274 
0.41336 0.057197 
0.41369 0.057118 
0.41402 0.057038 
0.41435 0.056958 
0.41467 0.056880 
0.41500 0.056802 
0.41533 0.056725 
0.41566 0.056651 
0.41598 0.056570 
0.41631 0.056492 
0.41664 0.056416 
0.41697 0.056339 
0.41729 0.056268 
0.41762 0.056195 
0.41795 0.056120 
0.41828 0.056048 
0.41860 0.055970 
0.41893 0.055893 
0.41926 0.055814 
0.41959 0.055736 
0.41991 0.055660 
0.42024 0.055583 
0.42057 0.055505 
0.42090 0.055430 
0.42123 0.055359 
0.42155 0.055289 
0.42188 0.055218 
0.42221 0.055144 
0.42254 0.055073 
0.42286 0.054999 
0.42319 0.054927 
0.42352 0.054860 
0.42385 0.054787 
0.42417 0.054713 
0.42450 0.054639 
0.42483 0.054567 
0.42516 0.054496 
0.42548 0.054425 
0.42581 0.054348 
0.42614 0.054277 
0.42647 0.054205 
0.42679 0.054137 
0.42712 0.054071 
0.42745 0.054002 
0.42778 0.053927 
0.42810 0.053853 
0.42843 0.053781 
0.42876 0.053707 
0.42909 0.053635 
0.42941 0.053562 
0.42974 0.053491 
0.43007 0.053420 
0.43040 0.053343 
0.43072 0.053275 
0.43105 0.053207 
0.43138 0.053137 
0.43171 0.053070 
0.43203 0.053005 
0.43236 0.052941 
0.43269 0.052871 
0.43302 0.052802 
0.43334 0.052736 
0.43367 0.052669 
0.43400 0.052601 
0.43433 0.052530 
0.43465 0.052465 
0.43498 0.052398 
0.43531 0.052333 
0.43564 0.052265 
0.43596 0.052194 
0.43629 0.052127 
0.43662 0.052063 
0.43695 0.051997 
0.43727 0.051928 
0.43760 0.051863 
0.43793 0.051798 
0.43826 0.051739 
0.43858 0.051669 
0.43891 0.051603 
0.43924 0.051534 
0.43957 0.051469 
0.43990 0.051404 
0.44022 0.051335 
0.44055 0.051271 
0.44088 0.051204 
0.44121 0.051138 
0.44153 0.051073 
0.44186 0.051008 
0.44219 0.050944 
0.44252 0.050874 
0.44284 0.050808 
0.44317 0.050744 
0.44350 0.050682 
0.44383 0.050616 
0.44415 0.050555 
0.44448 0.050491 
0.44481 0.050429 
0.44514 0.050364 
0.44546 0.050303 
0.44579 0.050240 
0.44612 0.050177 
0.44645 0.050114 
0.44677 0.050049 
0.44710 0.049988 
0.44743 0.049925 
0.44776 0.049862 
0.44808 0.049802 
0.44841 0.049740 
0.44874 0.049680 
0.44907 0.049618 
0.44939 0.049556 
0.44972 0.049498 
0.45005 0.049440 
0.45038 0.049383 
0.45070 0.049322 
0.45103 0.049257 
0.45136 0.049198 
0.45169 0.049134 
0.45201 0.049073 
0.45234 0.049012 
0.45267 0.048949 
0.45300 0.048888 
0.45332 0.048829 
0.45365 0.048766 
0.45398 0.048707 
0.45431 0.048644 
0.45463 0.048582 
0.45496 0.048525 
0.45529 0.048469 
0.45562 0.048412 
0.45594 0.048355 
0.45627 0.048294 
0.45660 0.048237 
0.45693 0.048177 
0.45726 0.048115 
0.45758 0.048056 
0.45791 0.047999 
0.45824 0.047940 
0.45857 0.047885 
0.45889 0.047827 
0.45922 0.047767 
0.45955 0.047704 
0.45988 0.047648 
0.46020 0.047592 
0.46053 0.047534 
0.46086 0.047476 
0.46119 0.047418 
0.46151 0.047361 
0.46184 0.047304 
0.46217 0.047245 
0.46250 0.047188 
0.46282 0.047127 
0.46315 0.047071 
0.46348 0.047015 
0.46381 0.046961 
0.46413 0.046902 
0.46446 0.046844 
0.46479 0.046784 
0.46512 0.046726 
0.46544 0.046671 
0.46577 0.046610 
0.46610 0.046555 
0.46643 0.046499 
0.46675 0.046446 
0.46708 0.046388 
0.46741 0.046331 
0.46774 0.046275 
0.46806 0.046218 
0.46839 0.046165 
0.46872 0.046112 
0.46905 0.046055 
0.46937 0.046000 
0.46970 0.045944 
0.47003 0.045889 
0.47036 0.045833 
0.47068 0.045776 
0.47101 0.045721 
0.47134 0.045667 
0.47167 0.045611 
0.47199 0.045556 
0.47232 0.045503 
0.47265 0.045448 
0.47298 0.045393 
0.47330 0.045338 
0.47363 0.045284 
0.47396 0.045230 
0.47429 0.045177 
0.47462 0.045124 
0.47494 0.045075 
0.47527 0.045024 
0.47560 0.044972 
0.47593 0.044920 
0.47625 0.044869 
0.47658 0.044817 
0.47691 0.044765 
0.47724 0.044710 
0.47756 0.044658 
0.47789 0.044605 
0.47822 0.044550 
0.47855 0.044497 
0.47887 0.044443 
0.47920 0.044388 
0.47953 0.044334 
0.47986 0.044282 
0.48018 0.044226 
0.48051 0.044178 
0.48084 0.044123 
0.48117 0.044069 
0.48149 0.044013 
0.48182 0.043962 
0.48215 0.043908 
0.48248 0.043859 
0.48280 0.043810 
0.48313 0.043761 
0.48346 0.043706 
0.48379 0.043657 
0.48411 0.043607 
0.48444 0.043560 
0.48477 0.043511 
0.48510 0.043459 
0.48542 0.043411 
0.48575 0.043362 
0.48608 0.043313 
0.48641 0.043263 
0.48673 0.043214 
0.48706 0.043160 
0.48739 0.043112 
0.48772 0.043065 
0.48804 0.043017 
0.48837 0.042966 
0.48870 0.042917 
0.48903 0.042866 
0.48935 0.042814 
0.48968 0.042765 
0.49001 0.042713 
0.49034 0.042666 
0.49066 0.042619 
0.49099 0.042568 
0.49132 0.042520 
0.49165 0.042473 
0.49198 0.042425 
0.49230 0.042379 
0.49263 0.042330 
0.49296 0.042283 
0.49329 0.042235 
0.49361 0.042189 
0.49394 0.042138 
0.49427 0.042090 
0.49460 0.042043 
0.49492 0.041994 
0.49525 0.041942 
0.49558 0.041894 
0.49591 0.041849 
0.49623 0.041800 
0.49656 0.041753 
0.49689 0.041707 
0.49722 0.041659 
0.49754 0.041612 
0.49787 0.041566 
0.49820 0.041517 
0.49853 0.041468 
0.49885 0.041423 
0.49918 0.041373 
0.49951 0.041325 
0.49984 0.041279 
0.50016 0.041234 
0.50049 0.041187 
0.50082 0.041143 
0.50115 0.041100 
0.50147 0.041053 
0.50180 0.041009 
0.50213 0.040965 
0.50246 0.040917 
0.50278 0.040872 
0.50311 0.040828 
0.50344 0.040779 
0.50377 0.040733 
0.50409 0.040686 
0.50442 0.040640 
0.50475 0.040593 
0.50508 0.040545 
0.50540 0.040501 
0.50573 0.040458 
0.50606 0.040415 
0.50639 0.040369 
0.50671 0.040326 
0.50704 0.040284 
0.50737 0.040236 
0.50770 0.040192 
0.50802 0.040149 
0.50835 0.040102 
0.50868 0.040059 
0.50901 0.040016 
0.50934 0.039971 
0.50966 0.039925 
0.50999 0.039877 
0.51032 0.039833 
0.51065 0.039789 
0.51097 0.039744 
0.51130 0.039701 
0.51163 0.039656 
0.51196 0.039610 
0.51228 0.039564 
0.51261 0.039521 
0.51294 0.039475 
0.51327 0.039430 
0.51359 0.039385 
0.51392 0.039339 
0.51425 0.039296 
0.51458 0.039253 
0.51490 0.039208 
0.51523 0.039165 
0.51556 0.039123 
0.51589 0.039082 
0.51621 0.039041 
0.51654 0.039001 
0.51687 0.038958 
0.51720 0.038915 
0.51752 0.038873 
0.51785 0.038830 
0.51818 0.038788 
0.51851 0.038745 
0.51883 0.038704 
0.51916 0.038663 
0.51949 0.038620 
0.51982 0.038579 
0.52014 0.038535 
0.52047 0.038493 
0.52080 0.038451 
0.52113 0.038409 
0.52145 0.038370 
0.52178 0.038328 
0.52211 0.038287 
0.52244 0.038247 
0.52276 0.038207 
0.52309 0.038167 
0.52342 0.038123 
0.52375 0.038084 
0.52407 0.038043 
0.52440 0.038001 
0.52473 0.037958 
0.52506 0.037919 
0.52538 0.037877 
0.52571 0.037837 
0.52604 0.037795 
0.52637 0.037757 
0.52670 0.037714 
0.52702 0.037674 
0.52735 0.037634 
0.52768 0.037595 
0.52801 0.037554 
0.52833 0.037514 
0.52866 0.037476 
0.52899 0.037439 
0.52932 0.037399 
0.52964 0.037358 
0.52997 0.037318 
0.53030 0.037278 
0.53063 0.037240 
0.53095 0.037199 
0.53128 0.037158 
0.53161 0.037118 
0.53194 0.037077 
0.53226 0.037038 
0.53259 0.036998 
0.53292 0.036958 
0.53325 0.036917 
0.53357 0.036877 
0.53390 0.036838 
0.53423 0.036800 
0.53456 0.036760 
0.53488 0.036722 
0.53521 0.036681 
0.53554 0.036640 
0.53587 0.036603 
0.53619 0.036564 
0.53652 0.036527 
0.53685 0.036486 
0.53718 0.036448 
0.53750 0.036411 
0.53783 0.036375 
0.53816 0.036338 
0.53849 0.036299 
0.53881 0.036262 
0.53914 0.036224 
0.53947 0.036185 
0.53980 0.036145 
0.54012 0.036105 
0.54045 0.036067 
0.54078 0.036030 
0.54111 0.035993 
0.54143 0.035953 
0.54176 0.035914 
0.54209 0.035878 
0.54242 0.035840 
0.54274 0.035803 
0.54307 0.035765 
0.54340 0.035727 
0.54373 0.035691 
0.54406 0.035655 
0.54438 0.035617 
0.54471 0.035582 
0.54504 0.035543 
0.54537 0.035505 
0.54569 0.035470 
0.54602 0.035432 
0.54635 0.035396 
0.54668 0.035360 
0.54700 0.035323 
0.54733 0.035287 
0.54766 0.035253 
0.54799 0.035218 
0.54831 0.035181 
0.54864 0.035145 
0.54897 0.035106 
0.54930 0.035067 
0.54962 0.035032 
0.54995 0.034997 
0.55028 0.034963 
0.55061 0.034926 
0.55093 0.034891 
0.55126 0.034856 
0.55159 0.034819 
0.55192 0.034783 
0.55224 0.034749 
0.55257 0.034714 
0.55290 0.034680 
0.55323 0.034644 
0.55355 0.034610 
0.55388 0.034574 
0.55421 0.034540 
0.55454 0.034504 
0.55486 0.034470 
0.55519 0.034438 
0.55552 0.034404 
0.55585 0.034370 
0.55617 0.034336 
0.55650 0.034302 
0.55683 0.034267 
0.55716 0.034233 
0.55748 0.034198 
0.55781 0.034162 
0.55814 0.034129 
0.55847 0.034095 
0.55879 0.034061 
0.55912 0.034029 
0.55945 0.033994 
0.55978 0.033959 
0.56010 0.033926 
0.56043 0.033891 
0.56076 0.033857 
0.56109 0.033822 
0.56142 0.033788 
0.56174 0.033755 
0.56207 0.033720 
0.56240 0.033685 
0.56273 0.033651 
0.56305 0.033618 
0.56338 0.033583 
0.56371 0.033546 
0.56404 0.033514 
0.56436 0.033480 
0.56469 0.033447 
0.56502 0.033413 
0.56535 0.033380 
0.56567 0.033347 
0.56600 0.033313 
0.56633 0.033280 
0.56666 0.033246 
0.56698 0.033213 
0.56731 0.033180 
0.56764 0.033146 
0.56797 0.033113 
0.56829 0.033080 
0.56862 0.033048 
0.56895 0.033014 
0.56928 0.032982 
0.56960 0.032950 
0.56993 0.032915 
0.57026 0.032882 
0.57059 0.032850 
0.57091 0.032817 
0.57124 0.032786 
0.57157 0.032750 
0.57190 0.032719 
0.57222 0.032686 
0.57255 0.032652 
0.57288 0.032619 
0.57321 0.032586 
0.57353 0.032555 
0.57386 0.032522 
0.57419 0.032490 
0.57452 0.032456 
0.57484 0.032425 
0.57517 0.032393 
0.57550 0.032362 
0.57583 0.032330 
0.57615 0.032297 
0.57648 0.032265 
0.57681 0.032232 
0.57714 0.032200 
0.57746 0.032167 
0.57779 0.032135 
0.57812 0.032102 
0.57845 0.032072 
0.57877 0.032041 
0.57910 0.032010 
0.57943 0.031981 
0.57976 0.031949 
0.58009 0.031918 
0.58041 0.031887 
0.58074 0.031854 
0.58107 0.031821 
0.58140 0.031789 
0.58172 0.031758 
0.58205 0.031726 
0.58238 0.031694 
0.58271 0.031663 
0.58303 0.031629 
0.58336 0.031599 
0.58369 0.031569 
0.58402 0.031539 
0.58434 0.031509 
0.58467 0.031479 
0.58500 0.031448 
0.58533 0.031420 
0.58565 0.031390 
0.58598 0.031361 
0.58631 0.031330 
0.58664 0.031301 
0.58696 0.031272 
0.58729 0.031242 
0.58762 0.031213 
0.58795 0.031181 
0.58827 0.031149 
0.58860 0.031119 
0.58893 0.031088 
0.58926 0.031059 
0.58958 0.031030 
0.58991 0.031000 
0.59024 0.030970 
0.59057 0.030940 
0.59089 0.030911 
0.59122 0.030882 
0.59155 0.030851 
0.59188 0.030822 
0.59220 0.030792 
0.59253 0.030762 
0.59286 0.030733 
0.59319 0.030702 
0.59351 0.030674 
0.59384 0.030645 
0.59417 0.030616 
0.59450 0.030587 
0.59482 0.030556 
0.59515 0.030526 
0.59548 0.030497 
0.59581 0.030469 
0.59613 0.030439 
0.59646 0.030410 
0.59679 0.030381 
0.59712 0.030350 
0.59745 0.030320 
0.59777 0.030291 
0.59810 0.030262 
0.59843 0.030234 
0.59876 0.030204 
0.59908 0.030175 
0.59941 0.030146 
0.59974 0.030116 
0.60007 0.030087 
0.60039 0.030057 
0.60072 0.030030 
0.60105 0.030001 
0.60138 0.029973 
0.60170 0.029947 
0.60203 0.029918 
0.60236 0.029892 
0.60269 0.029863 
0.60301 0.029834 
0.60334 0.029805 
0.60367 0.029776 
0.60400 0.029748 
0.60432 0.029721 
0.60465 0.029693 
0.60498 0.029665 
0.60531 0.029637 
0.60563 0.029609 
0.60596 0.029582 
0.60629 0.029554 
0.60662 0.029528 
0.60694 0.029500 
0.60727 0.029473 
0.60760 0.029445 
0.60793 0.029418 
0.60825 0.029391 
0.60858 0.029364 
0.60891 0.029334 
0.60924 0.029307 
0.60956 0.029280 
0.60989 0.029253 
0.61022 0.029225 
0.61055 0.029198 
0.61087 0.029171 
0.61120 0.029143 
0.61153 0.029116 
0.61186 0.029089 
0.61218 0.029059 
0.61251 0.029033 
0.61284 0.029004 
0.61317 0.028978 
0.61349 0.028949 
0.61382 0.028924 
0.61415 0.028897 
0.61448 0.028870 
0.61481 0.028843 
0.61513 0.028818 
0.61546 0.028791 
0.61579 0.028764 
0.61612 0.028738 
0.61644 0.028712 
0.61677 0.028683 
0.61710 0.028657 
0.61743 0.028629 
0.61775 0.028602 
0.61808 0.028576 
0.61841 0.028550 
0.61874 0.028523 
0.61906 0.028496 
0.61939 0.028468 
0.61972 0.028442 
0.62005 0.028416 
0.62037 0.028389 
0.62070 0.028363 
0.62103 0.028337 
0.62136 0.028313 
0.62168 0.028287 
0.62201 0.028261 
0.62234 0.028235 
0.62267 0.028210 
0.62299 0.028184 
0.62332 0.028157 
0.62365 0.028132 
0.62398 0.028105 
0.62430 0.028079 
0.62463 0.028055 
0.62496 0.028029 
0.62529 0.028004 
0.62561 0.027978 
0.62594 0.027952 
0.62627 0.027926 
0.62660 0.027901 
0.62692 0.027877 
0.62725 0.027853 
0.62758 0.027828 
0.62791 0.027803 
0.62823 0.027777 
0.62856 0.027751 
0.62889 0.027725 
0.62922 0.027700 
0.62954 0.027676 
0.62987 0.027651 
0.63020 0.027625 
0.63053 0.027599 
0.63085 0.027574 
0.63118 0.027551 
0.63151 0.027527 
0.63184 0.027502 
0.63217 0.027478 
0.63249 0.027453 
0.63282 0.027427 
0.63315 0.027402 
0.63348 0.027377 
0.63380 0.027353 
0.63413 0.027328 
0.63446 0.027302 
0.63479 0.027277 
0.63511 0.027250 
0.63544 0.027226 
0.63577 0.027202 
0.63610 0.027178 
0.63642 0.027154 
0.63675 0.027130 
0.63708 0.027105 
0.63741 0.027080 
0.63773 0.027055 
0.63806 0.027029 
0.63839 0.027005 
0.63872 0.026982 
0.63904 0.026958 
0.63937 0.026935 
0.63970 0.026911 
0.64003 0.026888 
0.64035 0.026864 
0.64068 0.026840 
0.64101 0.026815 
0.64134 0.026791 
0.64166 0.026766 
0.64199 0.026743 
0.64232 0.026718 
0.64265 0.026693 
0.64297 0.026667 
0.64330 0.026643 
0.64363 0.026620 
0.64396 0.026596 
0.64428 0.026573 
0.64461 0.026549 
0.64494 0.026525 
0.64527 0.026501 
0.64559 0.026477 
0.64592 0.026453 
0.64625 0.026429 
0.64658 0.026407 
0.64690 0.026383 
0.64723 0.026359 
0.64756 0.026335 
0.64789 0.026311 
0.64821 0.026289 
0.64854 0.026266 
0.64887 0.026243 
0.64920 0.026219 
0.64953 0.026196 
0.64985 0.026174 
0.65018 0.026150 
0.65051 0.026128 
0.65084 0.026106 
0.65116 0.026083 
0.65149 0.026060 
0.65182 0.026037 
0.65215 0.026015 
0.65247 0.025992 
0.65280 0.025970 
0.65313 0.025947 
0.65346 0.025924 
0.65378 0.025902 
0.65411 0.025880 
0.65444 0.025859 
0.65477 0.025836 
0.65509 0.025812 
0.65542 0.025790 
0.65575 0.025767 
0.65608 0.025746 
0.65640 0.025723 
0.65673 0.025700 
0.65706 0.025679 
0.65739 0.025655 
0.65771 0.025633 
0.65804 0.025611 
0.65837 0.025590 
0.65870 0.025566 
0.65902 0.025544 
0.65935 0.025522 
0.65968 0.025501 
0.66001 0.025479 
0.66033 0.025457 
0.66066 0.025435 
0.66099 0.025412 
0.66132 0.025390 
0.66164 0.025368 
0.66197 0.025347 
0.66230 0.025325 
0.66263 0.025302 
0.66295 0.025281 
0.66328 0.025259 
0.66361 0.025237 
0.66394 0.025215 
0.66426 0.025194 
0.66459 0.025172 
0.66492 0.025149 
0.66525 0.025126 
0.66557 0.025105 
0.66590 0.025083 
0.66623 0.025062 
0.66656 0.025041 
0.66689 0.025019 
0.66721 0.024997 
0.66754 0.024976 
0.66787 0.024954 
0.66820 0.024932 
0.66852 0.024910 
0.66885 0.024887 
0.66918 0.024867 
0.66951 0.024845 
0.66983 0.024824 
0.67016 0.024803 
0.67049 0.024782 
0.67082 0.024761 
0.67114 0.024741 
0.67147 0.024719 
0.67180 0.024698 
0.67213 0.024678 
0.67245 0.024657 
0.67278 0.024635 
0.67311 0.024614 
0.67344 0.024593 
0.67376 0.024573 
0.67409 0.024552 
0.67442 0.024531 
0.67475 0.024510 
0.67507 0.024489 
0.67540 0.024469 
0.67573 0.024448 
0.67606 0.024427 
0.67638 0.024406 
0.67671 0.024386 
0.67704 0.024365 
0.67737 0.024345 
0.67769 0.024324 
0.67802 0.024302 
0.67835 0.024281 
0.67868 0.024260 
0.67900 0.024240 
0.67933 0.024219 
0.67966 0.024199 
0.67999 0.024179 
0.68031 0.024159 
0.68064 0.024139 
0.68097 0.024119 
0.68130 0.024100 
0.68162 0.024080 
0.68195 0.024060 
0.68228 0.024040 
0.68261 0.024020 
0.68293 0.023999 
0.68326 0.023979 
0.68359 0.023959 
0.68392 0.023939 
0.68425 0.023919 
0.68457 0.023899 
0.68490 0.023880 
0.68523 0.023859 
0.68556 0.023840 
0.68588 0.023821 
0.68621 0.023802 
0.68654 0.023782 
0.68687 0.023762 
0.68719 0.023743 
0.68752 0.023723 
0.68785 0.023703 
0.68818 0.023683 
0.68850 0.023663 
0.68883 0.023643 
0.68916 0.023623 
0.68949 0.023604 
0.68981 0.023585 
0.69014 0.023565 
0.69047 0.023545 
0.69080 0.023525 
0.69112 0.023506 
0.69145 0.023487 
0.69178 0.023467 
0.69211 0.023448 
0.69243 0.023428 
0.69276 0.023409 
0.69309 0.023389 
0.69342 0.023368 
0.69374 0.023349 
0.69407 0.023330 
0.69440 0.023309 
0.69473 0.023289 
0.69505 0.023270 
0.69538 0.023251 
0.69571 0.023231 
0.69604 0.023212 
0.69636 0.023192 
0.69669 0.023172 
0.69702 0.023152 
0.69735 0.023133 
0.69767 0.023113 
0.69800 0.023095 
0.69833 0.023075 
0.69866 0.023056 
0.69898 0.023038 
0.69931 0.023019 
0.69964 0.023000 
0.69997 0.022980 
0.70029 0.022961 
0.70062 0.022942 
0.70095 0.022922 
0.70128 0.022904 
0.70160 0.022886 
0.70193 0.022867 
0.70226 0.022848 
0.70259 0.022828 
0.70292 0.022810 
0.70324 0.022792 
0.70357 0.022774 
0.70390 0.022754 
0.70423 0.022736 
0.70455 0.022717 
0.70488 0.022699 
0.70521 0.022681 
0.70554 0.022662 
0.70586 0.022643 
0.70619 0.022625 
0.70652 0.022607 
0.70685 0.022589 
0.70717 0.022571 
0.70750 0.022552 
0.70783 0.022532 
0.70816 0.022515 
0.70848 0.022495 
0.70881 0.022477 
0.70914 0.022459 
0.70947 0.022442 
0.70979 0.022424 
0.71012 0.022406 
0.71045 0.022388 
0.71078 0.022370 
0.71110 0.022352 
0.71143 0.022334 
0.71176 0.022316 
0.71209 0.022298 
0.71241 0.022280 
0.71274 0.022262 
0.71307 0.022244 
0.71340 0.022226 
0.71372 0.022208 
0.71405 0.022190 
0.71438 0.022172 
0.71471 0.022156 
0.71503 0.022137 
0.71536 0.022119 
0.71569 0.022102 
0.71602 0.022084 
0.71634 0.022067 
0.71667 0.022049 
0.71700 0.022031 
0.71733 0.022013 
0.71765 0.021995 
0.71798 0.021978 
0.71831 0.021960 
0.71864 0.021943 
0.71896 0.021926 
0.71929 0.021908 
0.71962 0.021890 
0.71995 0.021873 
0.72028 0.021855 
0.72060 0.021838 
0.72093 0.021819 
0.72126 0.021802 
0.72159 0.021785 
0.72191 0.021769 
0.72224 0.021751 
0.72257 0.021735 
0.72290 0.021718 
0.72322 0.021701 
0.72355 0.021683 
0.72388 0.021666 
0.72421 0.021649 
0.72453 0.021632 
0.72486 0.021614 
0.72519 0.021597 
0.72552 0.021580 
0.72584 0.021563 
0.72617 0.021547 
0.72650 0.021530 
0.72683 0.021514 
0.72715 0.021497 
0.72748 0.021480 
0.72781 0.021463 
0.72814 0.021447 
0.72846 0.021430 
0.72879 0.021414 
0.72912 0.021397 
0.72945 0.021381 
0.72977 0.021365 
0.73010 0.021348 
0.73043 0.021331 
0.73076 0.021314 
0.73108 0.021297 
0.73141 0.021281 
0.73174 0.021264 
0.73207 0.021248 
0.73239 0.021230 
0.73272 0.021214 
0.73305 0.021198 
0.73338 0.021180 
0.73370 0.021163 
0.73403 0.021147 
0.73436 0.021130 
0.73469 0.021114 
0.73501 0.021098 
0.73534 0.021081 
0.73567 0.021063 
0.73600 0.021047 
0.73632 0.021029 
0.73665 0.021013 
0.73698 0.020997 
0.73731 0.020981 
0.73764 0.020965 
0.73796 0.020949 
0.73829 0.020933 
0.73862 0.020917 
0.73895 0.020899 
0.73927 0.020883 
0.73960 0.020866 
0.73993 0.020849 
0.74026 0.020833 
0.74058 0.020817 
0.74091 0.020801 
0.74124 0.020784 
0.74157 0.020767 
0.74189 0.020751 
0.74222 0.020735 
0.74255 0.020718 
0.74288 0.020702 
0.74320 0.020686 
0.74353 0.020670 
0.74386 0.020654 
0.74419 0.020637 
0.74451 0.020621 
0.74484 0.020605 
0.74517 0.020589 
0.74550 0.020572 
0.74582 0.020556 
0.74615 0.020540 
0.74648 0.020524 
0.74681 0.020509 
0.74713 0.020492 
0.74746 0.020476 
0.74779 0.020461 
0.74812 0.020445 
0.74844 0.020430 
0.74877 0.020415 
0.74910 0.020398 
0.74943 0.020383 
0.74975 0.020367 
0.75008 0.020352 
0.75041 0.020336 
0.75074 0.020321 
0.75106 0.020305 
0.75139 0.020290 
0.75172 0.020274 
0.75205 0.020258 
0.75237 0.020243 
0.75270 0.020227 
0.75303 0.020212 
0.75336 0.020196 
0.75368 0.020180 
0.75401 0.020165 
0.75434 0.020149 
0.75467 0.020134 
0.75500 0.020119 
0.75532 0.020104 
0.75565 0.020089 
0.75598 0.020073 
0.75631 0.020058 
0.75663 0.020043 
0.75696 0.020028 
0.75729 0.020013 
0.75762 0.019998 
0.75794 0.019983 
0.75827 0.019968 
0.75860 0.019952 
0.75893 0.019937 
0.75925 0.019921 
0.75958 0.019906 
0.75991 0.019890 
0.76024 0.019875 
0.76056 0.019860 
0.76089 0.019845 
0.76122 0.019830 
0.76155 0.019815 
0.76187 0.019800 
0.76220 0.019785 
0.76253 0.019769 
0.76286 0.019754 
0.76318 0.019739 
0.76351 0.019724 
0.76384 0.019709 
0.76417 0.019694 
0.76449 0.019679 
0.76482 0.019664 
0.76515 0.019649 
0.76548 0.019634 
0.76580 0.019619 
0.76613 0.019604 
0.76646 0.019589 
0.76679 0.019575 
0.76711 0.019560 
0.76744 0.019545 
0.76777 0.019530 
0.76810 0.019515 
0.76842 0.019501 
0.76875 0.019486 
0.76908 0.019471 
0.76941 0.019456 
0.76973 0.019442 
0.77006 0.019427 
0.77039 0.019412 
0.77072 0.019397 
0.77104 0.019382 
0.77137 0.019368 
0.77170 0.019353 
0.77203 0.019339 
0.77236 0.019324 
0.77268 0.019310 
0.77301 0.019295 
0.77334 0.019281 
0.77367 0.019267 
0.77399 0.019252 
0.77432 0.019238 
0.77465 0.019224 
0.77498 0.019209 
0.77530 0.019195 
0.77563 0.019181 
0.77596 0.019166 
0.77629 0.019152 
0.77661 0.019138 
0.77694 0.019123 
0.77727 0.019108 
0.77760 0.019094 
0.77792 0.019079 
0.77825 0.019065 
0.77858 0.019050 
0.77891 0.019036 
0.77923 0.019023 
0.77956 0.019009 
0.77989 0.018995 
0.78022 0.018981 
0.78054 0.018968 
0.78087 0.018954 
0.78120 0.018940 
0.78153 0.018926 
0.78185 0.018911 
0.78218 0.018897 
0.78251 0.018884 
0.78284 0.018870 
0.78316 0.018856 
0.78349 0.018842 
0.78382 0.018828 
0.78415 0.018814 
0.78447 0.018801 
0.78480 0.018787 
0.78513 0.018773 
0.78546 0.018759 
0.78578 0.018745 
0.78611 0.018730 
0.78644 0.018716 
0.78677 0.018702 
0.78709 0.018688 
0.78742 0.018674 
0.78775 0.018661 
0.78808 0.018647 
0.78840 0.018633 
0.78873 0.018619 
0.78906 0.018605 
0.78939 0.018591 
0.78972 0.018577 
0.79004 0.018563 
0.79037 0.018550 
0.79070 0.018536 
0.79103 0.018523 
0.79135 0.018509 
0.79168 0.018495 
0.79201 0.018482 
0.79234 0.018469 
0.79266 0.018455 
0.79299 0.018441 
0.79332 0.018427 
0.79365 0.018413 
0.79397 0.018400 
0.79430 0.018386 
0.79463 0.018372 
0.79496 0.018359 
0.79528 0.018346 
0.79561 0.018332 
0.79594 0.018319 
0.79627 0.018305 
0.79659 0.018293 
0.79692 0.018279 
0.79725 0.018266 
0.79758 0.018252 
0.79790 0.018238 
0.79823 0.018225 
0.79856 0.018212 
0.79889 0.018199 
0.79921 0.018186 
0.79954 0.018172 
0.79987 0.018159 
0.80020 0.018146 
0.80052 0.018133 
0.80085 0.018119 
0.80118 0.018106 
0.80151 0.018093 
0.80183 0.018080 
0.80216 0.018067 
0.80249 0.018053 
0.80282 0.018040 
0.80314 0.018027 
0.80347 0.018014 
0.80380 0.018000 
0.80413 0.017987 
0.80445 0.017973 
0.80478 0.017960 
0.80511 0.017947 
0.80544 0.017934 
0.80576 0.017922 
0.80609 0.017909 
0.80642 0.017896 
0.80675 0.017883 
0.80708 0.017870 
0.80740 0.017857 
0.80773 0.017845 
0.80806 0.017832 
0.80839 0.017819 
0.80871 0.017806 
0.80904 0.017793 
0.80937 0.017780 
0.80970 0.017767 
0.81002 0.017753 
0.81035 0.017740 
0.81068 0.017727 
0.81101 0.017715 
0.81133 0.017702 
0.81166 0.017690 
0.81199 0.017677 
0.81232 0.017665 
0.81264 0.017652 
0.81297 0.017640 
0.81330 0.017627 
0.81363 0.017614 
0.81395 0.017602 
0.81428 0.017590 
0.81461 0.017577 
0.81494 0.017564 
0.81526 0.017551 
0.81559 0.017538 
0.81592 0.017525 
0.81625 0.017513 
0.81657 0.017500 
0.81690 0.017487 
0.81723 0.017474 
0.81756 0.017461 
0.81788 0.017449 
0.81821 0.017436 
0.81854 0.017423 
0.81887 0.017411 
0.81919 0.017398 
0.81952 0.017386 
0.81985 0.017373 
0.82018 0.017361 
0.82050 0.017348 
0.82083 0.017336 
0.82116 0.017323 
0.82149 0.017311 
0.82181 0.017298 
0.82214 0.017285 
0.82247 0.017273 
0.82280 0.017260 
0.82312 0.017248 
0.82345 0.017235 
0.82378 0.017223 
0.82411 0.017211 
0.82443 0.017199 
0.82476 0.017187 
0.82509 0.017174 
0.82542 0.017162 
0.82575 0.017149 
0.82607 0.017136 
0.82640 0.017124 
0.82673 0.017112 
0.82706 0.017099 
0.82738 0.017087 
0.82771 0.017075 
0.82804 0.017062 
0.82837 0.017050 
0.82869 0.017038 
0.82902 0.017026 
0.82935 0.017013 
0.82968 0.017001 
0.83000 0.016989 
0.83033 0.016977 
0.83066 0.016964 
0.83099 0.016953 
0.83131 0.016941 
0.83164 0.016929 
0.83197 0.016917 
0.83230 0.016905 
0.83262 0.016894 
0.83295 0.016882 
0.83328 0.016870 
0.83361 0.016858 
0.83393 0.016846 
0.83426 0.016834 
0.83459 0.016823 
0.83492 0.016811 
0.83524 0.016799 
0.83557 0.016788 
0.83590 0.016776 
0.83623 0.016765 
0.83655 0.016753 
0.83688 0.016741 
0.83721 0.016729 
0.83754 0.016718 
0.83786 0.016706 
0.83819 0.016694 
0.83852 0.016683 
0.83885 0.016671 
0.83917 0.016659 
0.83950 0.016647 
0.83983 0.016636 
0.84016 0.016625 
0.84048 0.016613 
0.84081 0.016601 
0.84114 0.016589 
0.84147 0.016578 
0.84179 0.016566 
0.84212 0.016555 
0.84245 0.016543 
0.84278 0.016532 
0.84311 0.016520 
0.84343 0.016508 
0.84376 0.016497 
0.84409 0.016485 
0.84442 0.016474 
0.84474 0.016462 
0.84507 0.016450 
0.84540 0.016439 
0.84573 0.016428 
0.84605 0.016416 
0.84638 0.016405 
0.84671 0.016393 
0.84704 0.016381 
0.84736 0.016370 
0.84769 0.016358 
0.84802 0.016346 
0.84835 0.016335 
0.84867 0.016324 
0.84900 0.016312 
0.84933 0.016300 
0.84966 0.016288 
0.84998 0.016277 
0.85031 0.016265 
0.85064 0.016254 
0.85097 0.016242 
0.85129 0.016231 
0.85162 0.016219 
0.85195 0.016208 
0.85228 0.016197 
0.85260 0.016185 
0.85293 0.016174 
0.85326 0.016162 
0.85359 0.016151 
0.85391 0.016140 
0.85424 0.016129 
0.85457 0.016118 
0.85490 0.016107 
0.85522 0.016095 
0.85555 0.016084 
0.85588 0.016073 
0.85621 0.016061 
0.85653 0.016050 
0.85686 0.016039 
0.85719 0.016027 
0.85752 0.016017 
0.85784 0.016005 
0.85817 0.015994 
0.85850 0.015983 
0.85883 0.015972 
0.85915 0.015962 
0.85948 0.015951 
0.85981 0.015940 
0.86014 0.015929 
0.86047 0.015918 
0.86079 0.015907 
0.86112 0.015896 
0.86145 0.015885 
0.86178 0.015874 
0.86210 0.015864 
0.86243 0.015852 
0.86276 0.015842 
0.86309 0.015831 
0.86341 0.015820 
0.86374 0.015809 
0.86407 0.015798 
0.86440 0.015787 
0.86472 0.015776 
0.86505 0.015765 
0.86538 0.015755 
0.86571 0.015744 
0.86603 0.015733 
0.86636 0.015722 
0.86669 0.015711 
0.86702 0.015700 
0.86734 0.015690 
0.86767 0.015679 
0.86800 0.015668 
0.86833 0.015657 
0.86865 0.015647 
0.86898 0.015636 
0.86931 0.015625 
0.86964 0.015615 
0.86996 0.015604 
0.87029 0.015593 
0.87062 0.015582 
0.87095 0.015572 
0.87127 0.015561 
0.87160 0.015550 
0.87193 0.015539 
0.87226 0.015528 
0.87258 0.015517 
0.87291 0.015507 
0.87324 0.015496 
0.87357 0.015486 
0.87389 0.015475 
0.87422 0.015464 
0.87455 0.015453 
0.87488 0.015443 
0.87520 0.015432 
0.87553 0.015421 
0.87586 0.015411 
0.87619 0.015400 
0.87651 0.015389 
0.87684 0.015378 
0.87717 0.015368 
0.87750 0.015357 
0.87783 0.015347 
0.87815 0.015337 
0.87848 0.015326 
0.87881 0.015316 
0.87914 0.015305 
0.87946 0.015295 
0.87979 0.015284 
0.88012 0.015274 
0.88045 0.015264 
0.88077 0.015253 
0.88110 0.015243 
0.88143 0.015232 
0.88176 0.015222 
0.88208 0.015212 
0.88241 0.015201 
0.88274 0.015190 
0.88307 0.015180 
0.88339 0.015169 
0.88372 0.015159 
0.88405 0.015149 
0.88438 0.015138 
0.88470 0.015128 
0.88503 0.015118 
0.88536 0.015108 
0.88569 0.015097 
0.88601 0.015087 
0.88634 0.015077 
0.88667 0.015067 
0.88700 0.015056 
0.88732 0.015046 
0.88765 0.015036 
0.88798 0.015026 
0.88831 0.015016 
0.88863 0.015006 
0.88896 0.014996 
0.88929 0.014986 
0.88962 0.014976 
0.88994 0.014966 
0.89027 0.014955 
0.89060 0.014945 
0.89093 0.014935 
0.89125 0.014925 
0.89158 0.014915 
0.89191 0.014905 
0.89224 0.014895 
0.89256 0.014885 
0.89289 0.014875 
0.89322 0.014865 
0.89355 0.014855 
0.89387 0.014845 
0.89420 0.014835 
0.89453 0.014825 
0.89486 0.014815 
0.89519 0.014805 
0.89551 0.014795 
0.89584 0.014785 
0.89617 0.014775 
0.89650 0.014765 
0.89682 0.014754 
0.89715 0.014744 
0.89748 0.014734 
0.89781 0.014724 
0.89813 0.014715 
0.89846 0.014705 
0.89879 0.014695 
0.89912 0.014685 
0.89944 0.014675 
0.89977 0.014665 
0.90010 0.014655 
0.90043 0.014646 
0.90075 0.014636 
0.90108 0.014626 
0.90141 0.014616 
0.90174 0.014605 
0.90206 0.014596 
0.90239 0.014586 
0.90272 0.014576 
0.90305 0.014566 
0.90337 0.014557 
0.90370 0.014547 
0.90403 0.014537 
0.90436 0.014527 
0.90468 0.014518 
0.90501 0.014508 
0.90534 0.014498 
0.90567 0.014489 
0.90599 0.014479 
0.90632 0.014469 
0.90665 0.014459 
0.90698 0.014450 
0.90730 0.014440 
0.90763 0.014431 
0.90796 0.014421 
0.90829 0.014412 
0.90861 0.014402 
0.90894 0.014393 
0.90927 0.014383 
0.90960 0.014374 
0.90992 0.014364 
0.91025 0.014354 
0.91058 0.014345 
0.91091 0.014335 
0.91123 0.014326 
0.91156 0.014316 
0.91189 0.014307 
0.91222 0.014297 
0.91255 0.014288 
0.91287 0.014278 
0.91320 0.014269 
0.91353 0.014259 
0.91386 0.014250 
0.91418 0.014240 
0.91451 0.014230 
0.91484 0.014221 
0.91517 0.014211 
0.91549 0.014201 
0.91582 0.014191 
0.91615 0.014182 
0.91648 0.014172 
0.91680 0.014163 
0.91713 0.014153 
0.91746 0.014144 
0.91779 0.014135 
0.91811 0.014125 
0.91844 0.014115 
0.91877 0.014106 
0.91910 0.014097 
0.91942 0.014087 
0.91975 0.014078 
0.92008 0.014068 
0.92041 0.014059 
0.92073 0.014049 
0.92106 0.014040 
0.92139 0.014031 
0.92172 0.014021 
0.92204 0.014012 
0.92237 0.014002 
0.92270 0.013993 
0.92303 0.013984 
0.92335 0.013974 
0.92368 0.013965 
0.92401 0.013955 
0.92434 0.013946 
0.92466 0.013937 
0.92499 0.013927 
0.92532 0.013918 
0.92565 0.013909 
0.92597 0.013899 
0.92630 0.013890 
0.92663 0.013881 
0.92696 0.013871 
0.92728 0.013862 
0.92761 0.013853 
0.92794 0.013844 
0.92827 0.013835 
0.92859 0.013825 
0.92892 0.013816 
0.92925 0.013807 
0.92958 0.013798 
0.92991 0.013789 
0.93023 0.013780 
0.93056 0.013770 
0.93089 0.013761 
0.93122 0.013752 
0.93154 0.013743 
0.93187 0.013734 
0.93220 0.013725 
0.93253 0.013716 
0.93285 0.013707 
0.93318 0.013697 
0.93351 0.013689 
0.93384 0.013679 
0.93416 0.013670 
0.93449 0.013661 
0.93482 0.013652 
0.93515 0.013643 
0.93547 0.013634 
0.93580 0.013625 
0.93613 0.013616 
0.93646 0.013607 
0.93678 0.013598 
0.93711 0.013589 
0.93744 0.013580 
0.93777 0.013571 
0.93809 0.013563 
0.93842 0.013554 
0.93875 0.013545 
0.93908 0.013536 
0.93940 0.013527 
0.93973 0.013518 
0.94006 0.013509 
0.94039 0.013500 
0.94071 0.013491 
0.94104 0.013483 
0.94137 0.013474 
0.94170 0.013465 
0.94202 0.013456 
0.94235 0.013447 
0.94268 0.013439 
0.94301 0.013430 
0.94333 0.013421 
0.94366 0.013412 
0.94399 0.013403 
0.94432 0.013394 
0.94464 0.013386 
0.94497 0.013377 
0.94530 0.013368 
0.94563 0.013359 
0.94595 0.013351 
0.94628 0.013342 
0.94661 0.013333 
0.94694 0.013324 
0.94726 0.013316 
0.94759 0.013307 
0.94792 0.013298 
0.94825 0.013289 
0.94858 0.013281 
0.94890 0.013272 
0.94923 0.013263 
0.94956 0.013255 
0.94989 0.013246 
0.95021 0.013237 
0.95054 0.013229 
0.95087 0.013220 
0.95120 0.013212 
0.95152 0.013203 
0.95185 0.013194 
0.95218 0.013186 
0.95251 0.013177 
0.95283 0.013168 
0.95316 0.013160 
0.95349 0.013151 
0.95382 0.013143 
0.95414 0.013134 
0.95447 0.013126 
0.95480 0.013117 
0.95513 0.013108 
0.95545 0.013100 
0.95578 0.013091 
0.95611 0.013083 
0.95644 0.013074 
0.95676 0.013066 
0.95709 0.013057 
0.95742 0.013049 
0.95775 0.013040 
0.95807 0.013031 
0.95840 0.013023 
0.95873 0.013014 
0.95906 0.013005 
0.95938 0.012997 
0.95971 0.012988 
0.96004 0.012980 
0.96037 0.012971 
0.96069 0.012962 
0.96102 0.012954 
0.96135 0.012945 
0.96168 0.012937 
0.96200 0.012928 
0.96233 0.012920 
0.96266 0.012911 
0.96299 0.012902 
0.96331 0.012894 
0.96364 0.012886 
0.96397 0.012877 
0.96430 0.012869 
0.96462 0.012860 
0.96495 0.012852 
0.96528 0.012843 
0.96561 0.012835 
0.96594 0.012826 
0.96626 0.012818 
0.96659 0.012809 
0.96692 0.012801 
0.96725 0.012793 
0.96757 0.012784 
0.96790 0.012776 
0.96823 0.012768 
0.96856 0.012759 
0.96888 0.012751 
0.96921 0.012743 
0.96954 0.012734 
0.96987 0.012726 
0.97019 0.012718 
0.97052 0.012709 
0.97085 0.012701 
0.97118 0.012693 
0.97150 0.012684 
0.97183 0.012676 
0.97216 0.012668 
0.97249 0.012659 
0.97281 0.012651 
0.97314 0.012643 
0.97347 0.012635 
0.97380 0.012627 
0.97412 0.012618 
0.97445 0.012610 
0.97478 0.012602 
0.97511 0.012594 
0.97543 0.012586 
0.97576 0.012578 
0.97609 0.012569 
0.97642 0.012561 
0.97674 0.012553 
0.97707 0.012545 
0.97740 0.012537 
0.97773 0.012528 
0.97805 0.012520 
0.97838 0.012512 
0.97871 0.012504 
0.97904 0.012496 
0.97936 0.012488 
0.97969 0.012480 
0.98002 0.012472 
0.98035 0.012464 
0.98067 0.012456 
0.98100 0.012448 
0.98133 0.012440 
0.98166 0.012431 
0.98198 0.012423 
0.98231 0.012415 
0.98264 0.012407 
0.98297 0.012399 
0.98330 0.012391 
0.98362 0.012383 
0.98395 0.012375 
0.98428 0.012367 
0.98461 0.012359 
0.98493 0.012351 
0.98526 0.012343 
0.98559 0.012335 
0.98592 0.012327 
0.98624 0.012319 
0.98657 0.012311 
0.98690 0.012303 
0.98723 0.012295 
0.98755 0.012287 
0.98788 0.012279 
0.98821 0.012272 
0.98854 0.012264 
0.98886 0.012256 
0.98919 0.012248 
0.98952 0.012240 
0.98985 0.012232 
0.99017 0.012224 
0.99050 0.012216 
0.99083 0.012208 
0.99116 0.012201 
0.99148 0.012193 
0.99181 0.012185 
0.99214 0.012177 
0.99247 0.012169 
0.99279 0.012161 
0.99312 0.012154 
0.99345 0.012146 
0.99378 0.012138 
0.99410 0.012130 
0.99443 0.012123 
0.99476 0.012115 
0.99509 0.012107 
0.99541 0.012099 
0.99574 0.012091 
0.99607 0.012084 
0.99640 0.012076 
0.99672 0.012068 
0.99705 0.012061 
0.99738 0.012053 
0.99771 0.012045 
0.99803 0.012038 
0.99836 0.012030 
0.99869 0.012022 
0.99902 0.012014 
0.99934 0.012007 
0.99967 0.011999 
1.00000 0.011992 
