1 1
0.00070 1.000000 
0.00105 1.000000 
0.00139 1.000000 
0.00174 1.000000 
0.00209 1.000000 
0.00244 1.000000 
0.00279 1.000000 
0.00314 1.000000 
0.00349 1.000000 
0.00384 1.000000 
0.00418 1.000000 
0.00453 1.000000 
0.00488 1.000000 
0.00523 1.000000 
0.00558 1.000000 
0.00593 1.000000 
0.00628 1.000000 
0.00662 1.000000 
0.00697 1.000000 
0.00732 1.000000 
0.00767 1.000000 
0.00802 1.000000 
0.00837 1.000000 
0.00872 1.000000 
0.00907 1.000000 
0.00941 1.000000 
0.00976 1.000000 
0.01011 1.000000 
0.01046 1.000000 
0.01081 1.000000 
0.01116 1.000000 
0.01151 1.000000 
0.01185 1.000000 
0.01220 1.000000 
0.01255 1.000000 
0.01290 1.000000 
0.01325 1.000000 
0.01360 1.000000 
0.01395 1.000000 
0.01430 1.000000 
0.01464 1.000000 
0.01499 1.000000 
0.01534 0.998943 
0.01569 0.998990 
0.01604 0.999034 
0.01639 0.999075 
0.01674 0.998227 
0.01709 0.998299 
0.01743 0.996735 
0.01778 0.996863 
0.01813 0.995475 
0.01848 0.994920 
0.01883 0.994410 
0.01918 0.994613 
0.01953 0.994805 
0.01987 0.990602 
0.02022 0.989111 
0.02057 0.987726 
0.02092 0.986441 
0.02127 0.985792 
0.02162 0.980962 
0.02197 0.977471 
0.02232 0.977183 
0.02266 0.971154 
0.02301 0.968765 
0.02336 0.964722 
0.02371 0.960492 
0.02406 0.953538 
0.02441 0.949482 
0.02476 0.948491 
0.02510 0.944836 
0.02545 0.943303 
0.02580 0.939652 
0.02615 0.936577 
0.02650 0.931930 
0.02685 0.926179 
0.02720 0.922078 
0.02755 0.918533 
0.02789 0.913608 
0.02824 0.910494 
0.02859 0.907859 
0.02894 0.904202 
0.02929 0.901033 
0.02964 0.894398 
0.02999 0.891382 
0.03033 0.882652 
0.03068 0.879833 
0.03103 0.876915 
0.03138 0.870911 
0.03173 0.868132 
0.03208 0.865743 
0.03243 0.862553 
0.03278 0.859071 
0.03312 0.853751 
0.03347 0.851754 
0.03382 0.846005 
0.03417 0.844098 
0.03452 0.840445 
0.03487 0.839798 
0.03522 0.834851 
0.03556 0.829936 
0.03591 0.825623 
0.03626 0.820015 
0.03661 0.817399 
0.03696 0.811680 
0.03731 0.810968 
0.03766 0.807373 
0.03801 0.803262 
0.03835 0.800167 
0.03870 0.797543 
0.03905 0.795045 
0.03940 0.793300 
0.03975 0.790716 
0.04010 0.782456 
0.04045 0.777361 
0.04079 0.772915 
0.04114 0.766768 
0.04149 0.763851 
0.04184 0.760924 
0.04219 0.757300 
0.04254 0.754369 
0.04289 0.752366 
0.04324 0.749148 
0.04358 0.744258 
0.04393 0.742095 
0.04428 0.738033 
0.04463 0.734990 
0.04498 0.732800 
0.04533 0.726297 
0.04568 0.720141 
0.04603 0.713856 
0.04637 0.708590 
0.04672 0.704635 
0.04707 0.700055 
0.04742 0.693355 
0.04777 0.689888 
0.04812 0.686872 
0.04847 0.684183 
0.04881 0.679137 
0.04916 0.675380 
0.04951 0.672660 
0.04986 0.669260 
0.05021 0.666472 
0.05056 0.663602 
0.05091 0.658196 
0.05126 0.654086 
0.05160 0.650395 
0.05195 0.646563 
0.05230 0.643579 
0.05265 0.640353 
0.05300 0.635849 
0.05335 0.631149 
0.05370 0.627196 
0.05404 0.624885 
0.05439 0.622250 
0.05474 0.617916 
0.05509 0.613077 
0.05544 0.610541 
0.05579 0.606525 
0.05614 0.601630 
0.05649 0.597424 
0.05683 0.594032 
0.05718 0.591501 
0.05753 0.588914 
0.05788 0.586418 
0.05823 0.582858 
0.05858 0.578985 
0.05893 0.575796 
0.05927 0.572085 
0.05962 0.569040 
0.05997 0.566027 
0.06032 0.562307 
0.06067 0.559697 
0.06102 0.556256 
0.06137 0.554481 
0.06172 0.551939 
0.06206 0.548213 
0.06241 0.545917 
0.06276 0.543700 
0.06311 0.540454 
0.06346 0.537187 
0.06381 0.533598 
0.06416 0.530352 
0.06450 0.527791 
0.06485 0.524731 
0.06520 0.523259 
0.06555 0.520935 
0.06590 0.518856 
0.06625 0.515678 
0.06660 0.512152 
0.06695 0.510144 
0.06729 0.506585 
0.06764 0.504781 
0.06799 0.502723 
0.06834 0.499686 
0.06869 0.497617 
0.06904 0.495565 
0.06939 0.493122 
0.06974 0.490553 
0.07008 0.488607 
0.07043 0.485838 
0.07078 0.483344 
0.07113 0.481068 
0.07148 0.478766 
0.07183 0.475870 
0.07218 0.473102 
0.07252 0.470457 
0.07287 0.467887 
0.07322 0.465436 
0.07357 0.462514 
0.07392 0.459269 
0.07427 0.457082 
0.07462 0.453732 
0.07497 0.452336 
0.07531 0.449354 
0.07566 0.447090 
0.07601 0.444045 
0.07636 0.441289 
0.07671 0.439103 
0.07706 0.436898 
0.07741 0.433981 
0.07775 0.431665 
0.07810 0.429292 
0.07845 0.426944 
0.07880 0.424739 
0.07915 0.422985 
0.07950 0.420782 
0.07985 0.418295 
0.08020 0.416290 
0.08054 0.414229 
0.08089 0.412039 
0.08124 0.410093 
0.08159 0.408276 
0.08194 0.405892 
0.08229 0.404111 
0.08264 0.401309 
0.08298 0.399284 
0.08333 0.397349 
0.08368 0.395119 
0.08403 0.393154 
0.08438 0.391070 
0.08473 0.388838 
0.08508 0.386730 
0.08543 0.384811 
0.08577 0.383441 
0.08612 0.381587 
0.08647 0.379849 
0.08682 0.378190 
0.08717 0.376546 
0.08752 0.374980 
0.08787 0.373459 
0.08821 0.371730 
0.08856 0.369985 
0.08891 0.368535 
0.08926 0.367034 
0.08961 0.365637 
0.08996 0.363406 
0.09031 0.361468 
0.09066 0.359400 
0.09100 0.357324 
0.09135 0.355503 
0.09170 0.353612 
0.09205 0.351740 
0.09240 0.349828 
0.09275 0.347766 
0.09310 0.346174 
0.09344 0.344625 
0.09379 0.342646 
0.09414 0.341071 
0.09449 0.339511 
0.09484 0.337910 
0.09519 0.336538 
0.09554 0.335339 
0.09589 0.333935 
0.09623 0.332016 
0.09658 0.330430 
0.09693 0.328702 
0.09728 0.327093 
0.09763 0.325499 
0.09798 0.323538 
0.09833 0.321875 
0.09868 0.319926 
0.09902 0.318345 
0.09937 0.316852 
0.09972 0.315544 
0.10007 0.313954 
0.10042 0.312524 
0.10077 0.311010 
0.10112 0.309533 
0.10146 0.308093 
0.10181 0.306407 
0.10216 0.304993 
0.10251 0.303731 
0.10286 0.302410 
0.10321 0.300870 
0.10356 0.299572 
0.10391 0.298104 
0.10425 0.296941 
0.10460 0.295764 
0.10495 0.294662 
0.10530 0.293217 
0.10565 0.291740 
0.10600 0.290885 
0.10635 0.289668 
0.10669 0.288525 
0.10704 0.287262 
0.10739 0.286053 
0.10774 0.284622 
0.10809 0.283307 
0.10844 0.281962 
0.10879 0.280712 
0.10914 0.279471 
0.10948 0.278342 
0.10983 0.277040 
0.11018 0.275849 
0.11053 0.274548 
0.11088 0.273317 
0.11123 0.272116 
0.11158 0.270670 
0.11192 0.269490 
0.11227 0.268184 
0.11262 0.266792 
0.11297 0.265489 
0.11332 0.264311 
0.11367 0.263030 
0.11402 0.261834 
0.11437 0.260647 
0.11471 0.259526 
0.11506 0.258377 
0.11541 0.257292 
0.11576 0.256070 
0.11611 0.254930 
0.11646 0.253835 
0.11681 0.252695 
0.11715 0.251635 
0.11750 0.250512 
0.11785 0.249486 
0.11820 0.248364 
0.11855 0.247406 
0.11890 0.246300 
0.11925 0.245237 
0.11960 0.244182 
0.11994 0.243033 
0.12029 0.242029 
0.12064 0.241334 
0.12099 0.240409 
0.12134 0.239276 
0.12169 0.238135 
0.12204 0.237151 
0.12238 0.236386 
0.12273 0.235609 
0.12308 0.234725 
0.12343 0.233751 
0.12378 0.232832 
0.12413 0.231967 
0.12448 0.230982 
0.12483 0.230067 
0.12517 0.229221 
0.12552 0.228350 
0.12587 0.227239 
0.12622 0.226397 
0.12657 0.225621 
0.12692 0.224730 
0.12727 0.223830 
0.12762 0.222861 
0.12796 0.222123 
0.12831 0.221404 
0.12866 0.220573 
0.12901 0.219747 
0.12936 0.218999 
0.12971 0.217967 
0.13006 0.217101 
0.13040 0.216198 
0.13075 0.215472 
0.13110 0.214610 
0.13145 0.213641 
0.13180 0.213002 
0.13215 0.212101 
0.13250 0.211387 
0.13285 0.210402 
0.13319 0.209507 
0.13354 0.208590 
0.13389 0.207817 
0.13424 0.207048 
0.13459 0.206258 
0.13494 0.205299 
0.13529 0.204561 
0.13563 0.203721 
0.13598 0.203032 
0.13633 0.202243 
0.13668 0.201446 
0.13703 0.200615 
0.13738 0.199842 
0.13773 0.199126 
0.13808 0.198555 
0.13842 0.197937 
0.13877 0.197271 
0.13912 0.196509 
0.13947 0.195789 
0.13982 0.194913 
0.14017 0.194278 
0.14052 0.193610 
0.14086 0.192922 
0.14121 0.192128 
0.14156 0.191437 
0.14191 0.190835 
0.14226 0.190201 
0.14261 0.189487 
0.14296 0.188848 
0.14331 0.188131 
0.14365 0.187561 
0.14400 0.186782 
0.14435 0.186125 
0.14470 0.185496 
0.14505 0.184812 
0.14540 0.184214 
0.14575 0.183528 
0.14609 0.182766 
0.14644 0.182089 
0.14679 0.181450 
0.14714 0.180770 
0.14749 0.180005 
0.14784 0.179413 
0.14819 0.178790 
0.14854 0.178205 
0.14888 0.177447 
0.14923 0.176782 
0.14958 0.176263 
0.14993 0.175584 
0.15028 0.175039 
0.15063 0.174347 
0.15098 0.173670 
0.15132 0.173051 
0.15167 0.172382 
0.15202 0.171771 
0.15237 0.171215 
0.15272 0.170622 
0.15307 0.170032 
0.15342 0.169424 
0.15377 0.168893 
0.15411 0.168252 
0.15446 0.167737 
0.15481 0.167114 
0.15516 0.166576 
0.15551 0.166070 
0.15586 0.165478 
0.15621 0.164869 
0.15656 0.164274 
0.15690 0.163623 
0.15725 0.163065 
0.15760 0.162441 
0.15795 0.161880 
0.15830 0.161313 
0.15865 0.160798 
0.15900 0.160150 
0.15934 0.159584 
0.15969 0.159097 
0.16004 0.158547 
0.16039 0.158028 
0.16074 0.157550 
0.16109 0.156924 
0.16144 0.156377 
0.16179 0.155843 
0.16213 0.155339 
0.16248 0.154857 
0.16283 0.154295 
0.16318 0.153773 
0.16353 0.153254 
0.16388 0.152801 
0.16423 0.152297 
0.16457 0.151814 
0.16492 0.151315 
0.16527 0.150784 
0.16562 0.150309 
0.16597 0.149757 
0.16632 0.149208 
0.16667 0.148707 
0.16702 0.148217 
0.16736 0.147712 
0.16771 0.147202 
0.16806 0.146729 
0.16841 0.146216 
0.16876 0.145732 
0.16911 0.145233 
0.16946 0.144720 
0.16980 0.144253 
0.17015 0.143821 
0.17050 0.143325 
0.17085 0.142824 
0.17120 0.142325 
0.17155 0.141920 
0.17190 0.141452 
0.17225 0.140953 
0.17259 0.140490 
0.17294 0.139997 
0.17329 0.139498 
0.17364 0.139067 
0.17399 0.138639 
0.17434 0.138204 
0.17469 0.137764 
0.17503 0.137319 
0.17538 0.136876 
0.17573 0.136396 
0.17608 0.135974 
0.17643 0.135507 
0.17678 0.135073 
0.17713 0.134643 
0.17748 0.134222 
0.17782 0.133803 
0.17817 0.133364 
0.17852 0.132981 
0.17887 0.132546 
0.17922 0.132197 
0.17957 0.131782 
0.17992 0.131392 
0.18026 0.130951 
0.18061 0.130520 
0.18096 0.130084 
0.18131 0.129665 
0.18166 0.129271 
0.18201 0.128864 
0.18236 0.128488 
0.18271 0.128100 
0.18305 0.127706 
0.18340 0.127279 
0.18375 0.126904 
0.18410 0.126495 
0.18445 0.126088 
0.18480 0.125691 
0.18515 0.125303 
0.18550 0.124938 
0.18584 0.124547 
0.18619 0.124130 
0.18654 0.123722 
0.18689 0.123351 
0.18724 0.123009 
0.18759 0.122628 
0.18794 0.122235 
0.18828 0.121899 
0.18863 0.121572 
0.18898 0.121198 
0.18933 0.120888 
0.18968 0.120552 
0.19003 0.120217 
0.19038 0.119884 
0.19073 0.119500 
0.19107 0.119124 
0.19142 0.118829 
0.19177 0.118523 
0.19212 0.118139 
0.19247 0.117810 
0.19282 0.117456 
0.19317 0.117097 
0.19351 0.116753 
0.19386 0.116417 
0.19421 0.116083 
0.19456 0.115751 
0.19491 0.115401 
0.19526 0.115065 
0.19561 0.114725 
0.19596 0.114386 
0.19630 0.114043 
0.19665 0.113715 
0.19700 0.113419 
0.19735 0.113062 
0.19770 0.112738 
0.19805 0.112459 
0.19840 0.112131 
0.19874 0.111818 
0.19909 0.111506 
0.19944 0.111190 
0.19979 0.110887 
0.20014 0.110592 
0.20049 0.110268 
0.20084 0.109934 
0.20119 0.109637 
0.20153 0.109335 
0.20188 0.109059 
0.20223 0.108779 
0.20258 0.108457 
0.20293 0.108173 
0.20328 0.107867 
0.20363 0.107521 
0.20397 0.107247 
0.20432 0.106940 
0.20467 0.106622 
0.20502 0.106346 
0.20537 0.106083 
0.20572 0.105804 
0.20607 0.105521 
0.20642 0.105216 
0.20676 0.104969 
0.20711 0.104695 
0.20746 0.104417 
0.20781 0.104095 
0.20816 0.103802 
0.20851 0.103505 
0.20886 0.103249 
0.20921 0.102999 
0.20955 0.102673 
0.20990 0.102404 
0.21025 0.102109 
0.21060 0.101803 
0.21095 0.101522 
0.21130 0.101241 
0.21165 0.101000 
0.21199 0.100716 
0.21234 0.100461 
0.21269 0.100197 
0.21304 0.099922 
0.21339 0.099660 
0.21374 0.099393 
0.21409 0.099133 
0.21444 0.098890 
0.21478 0.098643 
0.21513 0.098392 
0.21548 0.098131 
0.21583 0.097866 
0.21618 0.097598 
0.21653 0.097346 
0.21688 0.097105 
0.21722 0.096850 
0.21757 0.096596 
0.21792 0.096359 
0.21827 0.096128 
0.21862 0.095882 
0.21897 0.095613 
0.21932 0.095374 
0.21967 0.095122 
0.22001 0.094856 
0.22036 0.094586 
0.22071 0.094337 
0.22106 0.094089 
0.22141 0.093827 
0.22176 0.093552 
0.22211 0.093313 
0.22245 0.093074 
0.22280 0.092842 
0.22315 0.092625 
0.22350 0.092395 
0.22385 0.092146 
0.22420 0.091917 
0.22455 0.091670 
0.22490 0.091430 
0.22524 0.091190 
0.22559 0.090970 
0.22594 0.090713 
0.22629 0.090481 
0.22664 0.090241 
0.22699 0.090015 
0.22734 0.089772 
0.22768 0.089577 
0.22803 0.089369 
0.22838 0.089161 
0.22873 0.088936 
0.22908 0.088702 
0.22943 0.088488 
0.22978 0.088261 
0.23013 0.088035 
0.23047 0.087828 
0.23082 0.087632 
0.23117 0.087399 
0.23152 0.087190 
0.23187 0.086964 
0.23222 0.086744 
0.23257 0.086533 
0.23291 0.086310 
0.23326 0.086106 
0.23361 0.085916 
0.23396 0.085700 
0.23431 0.085476 
0.23466 0.085253 
0.23501 0.085048 
0.23536 0.084849 
0.23570 0.084629 
0.23605 0.084413 
0.23640 0.084217 
0.23675 0.084016 
0.23710 0.083782 
0.23745 0.083597 
0.23780 0.083395 
0.23815 0.083202 
0.23849 0.082980 
0.23884 0.082776 
0.23919 0.082578 
0.23954 0.082371 
0.23989 0.082174 
0.24024 0.081969 
0.24059 0.081761 
0.24093 0.081583 
0.24128 0.081381 
0.24163 0.081192 
0.24198 0.080991 
0.24233 0.080816 
0.24268 0.080625 
0.24303 0.080423 
0.24338 0.080221 
0.24372 0.080032 
0.24407 0.079824 
0.24442 0.079633 
0.24477 0.079435 
0.24512 0.079237 
0.24547 0.079028 
0.24582 0.078856 
0.24616 0.078677 
0.24651 0.078491 
0.24686 0.078321 
0.24721 0.078136 
0.24756 0.077951 
0.24791 0.077764 
0.24826 0.077577 
0.24861 0.077415 
0.24895 0.077217 
0.24930 0.077021 
0.24965 0.076837 
0.25000 0.076650 
0.25035 0.076464 
0.25070 0.076290 
0.25105 0.076117 
0.25139 0.075944 
0.25174 0.075776 
0.25209 0.075582 
0.25244 0.075399 
0.25279 0.075249 
0.25314 0.075083 
0.25349 0.074899 
0.25384 0.074724 
0.25418 0.074572 
0.25453 0.074409 
0.25488 0.074235 
0.25523 0.074066 
0.25558 0.073908 
0.25593 0.073729 
0.25628 0.073555 
0.25662 0.073392 
0.25697 0.073226 
0.25732 0.073068 
0.25767 0.072903 
0.25802 0.072739 
0.25837 0.072583 
0.25872 0.072413 
0.25907 0.072265 
0.25941 0.072096 
0.25976 0.071938 
0.26011 0.071785 
0.26046 0.071618 
0.26081 0.071452 
0.26116 0.071282 
0.26151 0.071138 
0.26185 0.070988 
0.26220 0.070820 
0.26255 0.070668 
0.26290 0.070523 
0.26325 0.070360 
0.26360 0.070216 
0.26395 0.070069 
0.26430 0.069912 
0.26464 0.069770 
0.26499 0.069603 
0.26534 0.069465 
0.26569 0.069314 
0.26604 0.069160 
0.26639 0.069013 
0.26674 0.068864 
0.26709 0.068714 
0.26743 0.068573 
0.26778 0.068421 
0.26813 0.068270 
0.26848 0.068127 
0.26883 0.067974 
0.26918 0.067814 
0.26953 0.067649 
0.26987 0.067508 
0.27022 0.067357 
0.27057 0.067220 
0.27092 0.067077 
0.27127 0.066941 
0.27162 0.066795 
0.27197 0.066637 
0.27232 0.066476 
0.27266 0.066329 
0.27301 0.066173 
0.27336 0.066030 
0.27371 0.065904 
0.27406 0.065762 
0.27441 0.065628 
0.27476 0.065487 
0.27510 0.065346 
0.27545 0.065194 
0.27580 0.065058 
0.27615 0.064913 
0.27650 0.064771 
0.27685 0.064630 
0.27720 0.064496 
0.27755 0.064366 
0.27789 0.064226 
0.27824 0.064100 
0.27859 0.063965 
0.27894 0.063824 
0.27929 0.063677 
0.27964 0.063530 
0.27999 0.063397 
0.28033 0.063252 
0.28068 0.063135 
0.28103 0.063000 
0.28138 0.062862 
0.28173 0.062740 
0.28208 0.062622 
0.28243 0.062485 
0.28278 0.062349 
0.28312 0.062220 
0.28347 0.062076 
0.28382 0.061945 
0.28417 0.061808 
0.28452 0.061684 
0.28487 0.061551 
0.28522 0.061415 
0.28556 0.061280 
0.28591 0.061154 
0.28626 0.061029 
0.28661 0.060892 
0.28696 0.060759 
0.28731 0.060624 
0.28766 0.060494 
0.28801 0.060360 
0.28835 0.060231 
0.28870 0.060115 
0.28905 0.059996 
0.28940 0.059886 
0.28975 0.059765 
0.29010 0.059642 
0.29045 0.059516 
0.29079 0.059388 
0.29114 0.059269 
0.29149 0.059158 
0.29184 0.059034 
0.29219 0.058930 
0.29254 0.058810 
0.29289 0.058689 
0.29324 0.058573 
0.29358 0.058459 
0.29393 0.058346 
0.29428 0.058230 
0.29463 0.058112 
0.29498 0.057994 
0.29533 0.057871 
0.29568 0.057757 
0.29603 0.057634 
0.29637 0.057507 
0.29672 0.057394 
0.29707 0.057287 
0.29742 0.057166 
0.29777 0.057054 
0.29812 0.056940 
0.29847 0.056829 
0.29881 0.056710 
0.29916 0.056591 
0.29951 0.056479 
0.29986 0.056366 
0.30021 0.056252 
0.30056 0.056143 
0.30091 0.056029 
0.30126 0.055926 
0.30160 0.055810 
0.30195 0.055694 
0.30230 0.055592 
0.30265 0.055480 
0.30300 0.055374 
0.30335 0.055268 
0.30370 0.055164 
0.30404 0.055067 
0.30439 0.054954 
0.30474 0.054854 
0.30509 0.054750 
0.30544 0.054651 
0.30579 0.054547 
0.30614 0.054436 
0.30649 0.054333 
0.30683 0.054227 
0.30718 0.054117 
0.30753 0.054015 
0.30788 0.053906 
0.30823 0.053804 
0.30858 0.053693 
0.30893 0.053589 
0.30927 0.053486 
0.30962 0.053381 
0.30997 0.053279 
0.31032 0.053179 
0.31067 0.053075 
0.31102 0.052979 
0.31137 0.052875 
0.31172 0.052774 
0.31206 0.052669 
0.31241 0.052561 
0.31276 0.052469 
0.31311 0.052367 
0.31346 0.052270 
0.31381 0.052174 
0.31416 0.052071 
0.31450 0.051972 
0.31485 0.051884 
0.31520 0.051789 
0.31555 0.051694 
0.31590 0.051592 
0.31625 0.051500 
0.31660 0.051404 
0.31695 0.051313 
0.31729 0.051219 
0.31764 0.051124 
0.31799 0.051031 
0.31834 0.050936 
0.31869 0.050836 
0.31904 0.050749 
0.31939 0.050662 
0.31974 0.050571 
0.32008 0.050484 
0.32043 0.050386 
0.32078 0.050293 
0.32113 0.050196 
0.32148 0.050096 
0.32183 0.050004 
0.32218 0.049915 
0.32252 0.049828 
0.32287 0.049734 
0.32322 0.049639 
0.32357 0.049548 
0.32392 0.049451 
0.32427 0.049354 
0.32462 0.049259 
0.32497 0.049170 
0.32531 0.049080 
0.32566 0.048991 
0.32601 0.048896 
0.32636 0.048800 
0.32671 0.048714 
0.32706 0.048624 
0.32741 0.048530 
0.32775 0.048442 
0.32810 0.048360 
0.32845 0.048275 
0.32880 0.048200 
0.32915 0.048109 
0.32950 0.048023 
0.32985 0.047932 
0.33020 0.047847 
0.33054 0.047757 
0.33089 0.047670 
0.33124 0.047580 
0.33159 0.047498 
0.33194 0.047411 
0.33229 0.047332 
0.33264 0.047246 
0.33298 0.047158 
0.33333 0.047070 
0.33368 0.046994 
0.33403 0.046915 
0.33438 0.046826 
0.33473 0.046733 
0.33508 0.046646 
0.33543 0.046558 
0.33577 0.046474 
0.33612 0.046393 
0.33647 0.046303 
0.33682 0.046227 
0.33717 0.046148 
0.33752 0.046066 
0.33787 0.045983 
0.33821 0.045895 
0.33856 0.045809 
0.33891 0.045727 
0.33926 0.045648 
0.33961 0.045565 
0.33996 0.045482 
0.34031 0.045395 
0.34066 0.045321 
0.34100 0.045237 
0.34135 0.045163 
0.34170 0.045090 
0.34205 0.045006 
0.34240 0.044931 
0.34275 0.044848 
0.34310 0.044769 
0.34344 0.044697 
0.34379 0.044614 
0.34414 0.044532 
0.34449 0.044452 
0.34484 0.044375 
0.34519 0.044295 
0.34554 0.044210 
0.34589 0.044133 
0.34623 0.044060 
0.34658 0.043984 
0.34693 0.043904 
0.34728 0.043826 
0.34763 0.043746 
0.34798 0.043672 
0.34833 0.043591 
0.34868 0.043512 
0.34902 0.043431 
0.34937 0.043352 
0.34972 0.043279 
0.35007 0.043201 
0.35042 0.043129 
0.35077 0.043055 
0.35112 0.042985 
0.35146 0.042910 
0.35181 0.042837 
0.35216 0.042770 
0.35251 0.042697 
0.35286 0.042624 
0.35321 0.042554 
0.35356 0.042477 
0.35391 0.042413 
0.35425 0.042341 
0.35460 0.042264 
0.35495 0.042187 
0.35530 0.042117 
0.35565 0.042044 
0.35600 0.041975 
0.35635 0.041905 
0.35669 0.041836 
0.35704 0.041770 
0.35739 0.041700 
0.35774 0.041632 
0.35809 0.041560 
0.35844 0.041496 
0.35879 0.041425 
0.35914 0.041354 
0.35948 0.041289 
0.35983 0.041224 
0.36018 0.041155 
0.36053 0.041087 
0.36088 0.041017 
0.36123 0.040956 
0.36158 0.040887 
0.36192 0.040819 
0.36227 0.040754 
0.36262 0.040684 
0.36297 0.040612 
0.36332 0.040547 
0.36367 0.040480 
0.36402 0.040417 
0.36437 0.040351 
0.36471 0.040285 
0.36506 0.040222 
0.36541 0.040153 
0.36576 0.040082 
0.36611 0.040018 
0.36646 0.039951 
0.36681 0.039886 
0.36715 0.039825 
0.36750 0.039753 
0.36785 0.039688 
0.36820 0.039627 
0.36855 0.039563 
0.36890 0.039497 
0.36925 0.039437 
0.36960 0.039366 
0.36994 0.039299 
0.37029 0.039237 
0.37064 0.039176 
0.37099 0.039111 
0.37134 0.039048 
0.37169 0.038984 
0.37204 0.038920 
0.37238 0.038855 
0.37273 0.038793 
0.37308 0.038730 
0.37343 0.038671 
0.37378 0.038611 
0.37413 0.038553 
0.37448 0.038494 
0.37483 0.038431 
0.37517 0.038371 
0.37552 0.038305 
0.37587 0.038246 
0.37622 0.038191 
0.37657 0.038130 
0.37692 0.038068 
0.37727 0.038003 
0.37762 0.037940 
0.37796 0.037877 
0.37831 0.037817 
0.37866 0.037754 
0.37901 0.037695 
0.37936 0.037639 
0.37971 0.037582 
0.38006 0.037521 
0.38040 0.037462 
0.38075 0.037402 
0.38110 0.037341 
0.38145 0.037279 
0.38180 0.037224 
0.38215 0.037170 
0.38250 0.037109 
0.38285 0.037054 
0.38319 0.036992 
0.38354 0.036931 
0.38389 0.036876 
0.38424 0.036819 
0.38459 0.036758 
0.38494 0.036703 
0.38529 0.036645 
0.38563 0.036589 
0.38598 0.036534 
0.38633 0.036476 
0.38668 0.036420 
0.38703 0.036363 
0.38738 0.036304 
0.38773 0.036250 
0.38808 0.036199 
0.38842 0.036141 
0.38877 0.036081 
0.38912 0.036030 
0.38947 0.035975 
0.38982 0.035921 
0.39017 0.035866 
0.39052 0.035808 
0.39086 0.035757 
0.39121 0.035705 
0.39156 0.035651 
0.39191 0.035597 
0.39226 0.035544 
0.39261 0.035491 
0.39296 0.035434 
0.39331 0.035382 
0.39365 0.035329 
0.39400 0.035274 
0.39435 0.035223 
0.39470 0.035169 
0.39505 0.035116 
0.39540 0.035057 
0.39575 0.035005 
0.39609 0.034954 
0.39644 0.034905 
0.39679 0.034853 
0.39714 0.034798 
0.39749 0.034747 
0.39784 0.034694 
0.39819 0.034641 
0.39854 0.034590 
0.39888 0.034534 
0.39923 0.034483 
0.39958 0.034432 
0.39993 0.034381 
0.40028 0.034328 
0.40063 0.034278 
0.40098 0.034232 
0.40132 0.034184 
0.40167 0.034131 
0.40202 0.034079 
0.40237 0.034026 
0.40272 0.033978 
0.40307 0.033924 
0.40342 0.033872 
0.40377 0.033820 
0.40411 0.033772 
0.40446 0.033720 
0.40481 0.033672 
0.40516 0.033621 
0.40551 0.033572 
0.40586 0.033530 
0.40621 0.033484 
0.40656 0.033435 
0.40690 0.033385 
0.40725 0.033337 
0.40760 0.033292 
0.40795 0.033246 
0.40830 0.033197 
0.40865 0.033149 
0.40900 0.033100 
0.40934 0.033049 
0.40969 0.033000 
0.41004 0.032953 
0.41039 0.032904 
0.41074 0.032851 
0.41109 0.032805 
0.41144 0.032760 
0.41179 0.032710 
0.41213 0.032663 
0.41248 0.032612 
0.41283 0.032563 
0.41318 0.032518 
0.41353 0.032473 
0.41388 0.032421 
0.41423 0.032375 
0.41457 0.032328 
0.41492 0.032285 
0.41527 0.032233 
0.41562 0.032186 
0.41597 0.032139 
0.41632 0.032091 
0.41667 0.032044 
0.41702 0.032005 
0.41736 0.031957 
0.41771 0.031915 
0.41806 0.031875 
0.41841 0.031828 
0.41876 0.031783 
0.41911 0.031737 
0.41946 0.031690 
0.41980 0.031642 
0.42015 0.031596 
0.42050 0.031550 
0.42085 0.031508 
0.42120 0.031464 
0.42155 0.031415 
0.42190 0.031372 
0.42225 0.031330 
0.42259 0.031286 
0.42294 0.031244 
0.42329 0.031200 
0.42364 0.031150 
0.42399 0.031108 
0.42434 0.031065 
0.42469 0.031023 
0.42503 0.030978 
0.42538 0.030934 
0.42573 0.030888 
0.42608 0.030842 
0.42643 0.030799 
0.42678 0.030754 
0.42713 0.030714 
0.42748 0.030670 
0.42782 0.030625 
0.42817 0.030584 
0.42852 0.030538 
0.42887 0.030497 
0.42922 0.030454 
0.42957 0.030414 
0.42992 0.030374 
0.43026 0.030334 
0.43061 0.030293 
0.43096 0.030249 
0.43131 0.030205 
0.43166 0.030164 
0.43201 0.030124 
0.43236 0.030083 
0.43271 0.030037 
0.43305 0.029996 
0.43340 0.029955 
0.43375 0.029914 
0.43410 0.029873 
0.43445 0.029834 
0.43480 0.029792 
0.43515 0.029748 
0.43550 0.029707 
0.43584 0.029666 
0.43619 0.029625 
0.43654 0.029584 
0.43689 0.029543 
0.43724 0.029502 
0.43759 0.029463 
0.43794 0.029421 
0.43828 0.029379 
0.43863 0.029338 
0.43898 0.029297 
0.43933 0.029260 
0.43968 0.029217 
0.44003 0.029176 
0.44038 0.029135 
0.44073 0.029096 
0.44107 0.029056 
0.44142 0.029015 
0.44177 0.028978 
0.44212 0.028936 
0.44247 0.028898 
0.44282 0.028861 
0.44317 0.028825 
0.44351 0.028786 
0.44386 0.028750 
0.44421 0.028710 
0.44456 0.028672 
0.44491 0.028635 
0.44526 0.028597 
0.44561 0.028560 
0.44596 0.028523 
0.44630 0.028484 
0.44665 0.028445 
0.44700 0.028410 
0.44735 0.028369 
0.44770 0.028329 
0.44805 0.028292 
0.44840 0.028254 
0.44874 0.028212 
0.44909 0.028175 
0.44944 0.028136 
0.44979 0.028097 
0.45014 0.028059 
0.45049 0.028026 
0.45084 0.027988 
0.45119 0.027950 
0.45153 0.027915 
0.45188 0.027879 
0.45223 0.027840 
0.45258 0.027798 
0.45293 0.027762 
0.45328 0.027729 
0.45363 0.027691 
0.45397 0.027654 
0.45432 0.027618 
0.45467 0.027581 
0.45502 0.027544 
0.45537 0.027506 
0.45572 0.027468 
0.45607 0.027433 
0.45642 0.027399 
0.45676 0.027364 
0.45711 0.027331 
0.45746 0.027293 
0.45781 0.027259 
0.45816 0.027225 
0.45851 0.027187 
0.45886 0.027151 
0.45921 0.027117 
0.45955 0.027079 
0.45990 0.027044 
0.46025 0.027009 
0.46060 0.026973 
0.46095 0.026941 
0.46130 0.026907 
0.46165 0.026871 
0.46199 0.026837 
0.46234 0.026803 
0.46269 0.026769 
0.46304 0.026733 
0.46339 0.026698 
0.46374 0.026664 
0.46409 0.026627 
0.46444 0.026592 
0.46478 0.026555 
0.46513 0.026523 
0.46548 0.026490 
0.46583 0.026456 
0.46618 0.026423 
0.46653 0.026389 
0.46688 0.026355 
0.46722 0.026322 
0.46757 0.026288 
0.46792 0.026257 
0.46827 0.026222 
0.46862 0.026190 
0.46897 0.026154 
0.46932 0.026121 
0.46967 0.026090 
0.47001 0.026056 
0.47036 0.026024 
0.47071 0.025990 
0.47106 0.025956 
0.47141 0.025923 
0.47176 0.025889 
0.47211 0.025858 
0.47245 0.025826 
0.47280 0.025793 
0.47315 0.025762 
0.47350 0.025729 
0.47385 0.025699 
0.47420 0.025667 
0.47455 0.025632 
0.47490 0.025600 
0.47524 0.025568 
0.47559 0.025536 
0.47594 0.025502 
0.47629 0.025472 
0.47664 0.025441 
0.47699 0.025407 
0.47734 0.025374 
0.47768 0.025341 
0.47803 0.025311 
0.47838 0.025279 
0.47873 0.025246 
0.47908 0.025214 
0.47943 0.025184 
0.47978 0.025151 
0.48013 0.025120 
0.48047 0.025090 
0.48082 0.025057 
0.48117 0.025028 
0.48152 0.024994 
0.48187 0.024964 
0.48222 0.024930 
0.48257 0.024899 
0.48291 0.024868 
0.48326 0.024838 
0.48361 0.024808 
0.48396 0.024777 
0.48431 0.024748 
0.48466 0.024715 
0.48501 0.024685 
0.48536 0.024655 
0.48570 0.024622 
0.48605 0.024591 
0.48640 0.024562 
0.48675 0.024533 
0.48710 0.024502 
0.48745 0.024473 
0.48780 0.024440 
0.48815 0.024409 
0.48849 0.024381 
0.48884 0.024352 
0.48919 0.024321 
0.48954 0.024292 
0.48989 0.024263 
0.49024 0.024234 
0.49059 0.024203 
0.49093 0.024172 
0.49128 0.024143 
0.49163 0.024115 
0.49198 0.024084 
0.49233 0.024056 
0.49268 0.024026 
0.49303 0.023997 
0.49338 0.023968 
0.49372 0.023939 
0.49407 0.023911 
0.49442 0.023880 
0.49477 0.023853 
0.49512 0.023825 
0.49547 0.023797 
0.49582 0.023768 
0.49616 0.023739 
0.49651 0.023710 
0.49686 0.023678 
0.49721 0.023652 
0.49756 0.023625 
0.49791 0.023596 
0.49826 0.023564 
0.49861 0.023536 
0.49895 0.023508 
0.49930 0.023479 
0.49965 0.023451 
0.50000 0.023425 
0.50035 0.023396 
0.50070 0.023367 
0.50105 0.023337 
0.50139 0.023312 
0.50174 0.023285 
0.50209 0.023257 
0.50244 0.023230 
0.50279 0.023201 
0.50314 0.023175 
0.50349 0.023146 
0.50384 0.023120 
0.50418 0.023091 
0.50453 0.023061 
0.50488 0.023033 
0.50523 0.023006 
0.50558 0.022978 
0.50593 0.022952 
0.50628 0.022925 
0.50662 0.022897 
0.50697 0.022871 
0.50732 0.022842 
0.50767 0.022816 
0.50802 0.022790 
0.50837 0.022762 
0.50872 0.022735 
0.50907 0.022706 
0.50941 0.022677 
0.50976 0.022652 
0.51011 0.022627 
0.51046 0.022599 
0.51081 0.022572 
0.51116 0.022545 
0.51151 0.022517 
0.51185 0.022491 
0.51220 0.022465 
0.51255 0.022438 
0.51290 0.022411 
0.51325 0.022385 
0.51360 0.022360 
0.51395 0.022334 
0.51430 0.022308 
0.51464 0.022283 
0.51499 0.022255 
0.51534 0.022230 
0.51569 0.022203 
0.51604 0.022175 
0.51639 0.022151 
0.51674 0.022126 
0.51709 0.022101 
0.51743 0.022077 
0.51778 0.022053 
0.51813 0.022028 
0.51848 0.022004 
0.51883 0.021980 
0.51918 0.021954 
0.51953 0.021927 
0.51987 0.021901 
0.52022 0.021875 
0.52057 0.021850 
0.52092 0.021824 
0.52127 0.021799 
0.52162 0.021774 
0.52197 0.021749 
0.52232 0.021725 
0.52266 0.021700 
0.52301 0.021673 
0.52336 0.021645 
0.52371 0.021620 
0.52406 0.021594 
0.52441 0.021569 
0.52476 0.021543 
0.52510 0.021517 
0.52545 0.021492 
0.52580 0.021467 
0.52615 0.021445 
0.52650 0.021421 
0.52685 0.021397 
0.52720 0.021372 
0.52755 0.021348 
0.52789 0.021323 
0.52824 0.021298 
0.52859 0.021275 
0.52894 0.021251 
0.52929 0.021228 
0.52964 0.021204 
0.52999 0.021181 
0.53033 0.021156 
0.53068 0.021133 
0.53103 0.021110 
0.53138 0.021087 
0.53173 0.021063 
0.53208 0.021039 
0.53243 0.021014 
0.53278 0.020990 
0.53312 0.020966 
0.53347 0.020942 
0.53382 0.020916 
0.53417 0.020893 
0.53452 0.020870 
0.53487 0.020846 
0.53522 0.020823 
0.53556 0.020801 
0.53591 0.020776 
0.53626 0.020751 
0.53661 0.020727 
0.53696 0.020704 
0.53731 0.020679 
0.53766 0.020655 
0.53801 0.020631 
0.53835 0.020608 
0.53870 0.020585 
0.53905 0.020563 
0.53940 0.020541 
0.53975 0.020516 
0.54010 0.020494 
0.54045 0.020471 
0.54079 0.020449 
0.54114 0.020427 
0.54149 0.020404 
0.54184 0.020382 
0.54219 0.020360 
0.54254 0.020338 
0.54289 0.020316 
0.54324 0.020293 
0.54358 0.020272 
0.54393 0.020250 
0.54428 0.020229 
0.54463 0.020204 
0.54498 0.020181 
0.54533 0.020158 
0.54568 0.020135 
0.54603 0.020113 
0.54637 0.020089 
0.54672 0.020068 
0.54707 0.020046 
0.54742 0.020025 
0.54777 0.020002 
0.54812 0.019981 
0.54847 0.019960 
0.54881 0.019939 
0.54916 0.019916 
0.54951 0.019895 
0.54986 0.019874 
0.55021 0.019852 
0.55056 0.019831 
0.55091 0.019810 
0.55126 0.019787 
0.55160 0.019765 
0.55195 0.019743 
0.55230 0.019722 
0.55265 0.019699 
0.55300 0.019678 
0.55335 0.019655 
0.55370 0.019634 
0.55404 0.019613 
0.55439 0.019594 
0.55474 0.019574 
0.55509 0.019553 
0.55544 0.019532 
0.55579 0.019511 
0.55614 0.019490 
0.55649 0.019470 
0.55683 0.019448 
0.55718 0.019428 
0.55753 0.019407 
0.55788 0.019386 
0.55823 0.019367 
0.55858 0.019346 
0.55893 0.019324 
0.55927 0.019304 
0.55962 0.019283 
0.55997 0.019262 
0.56032 0.019241 
0.56067 0.019221 
0.56102 0.019199 
0.56137 0.019179 
0.56172 0.019157 
0.56206 0.019136 
0.56241 0.019115 
0.56276 0.019094 
0.56311 0.019073 
0.56346 0.019052 
0.56381 0.019030 
0.56416 0.019009 
0.56450 0.018987 
0.56485 0.018968 
0.56520 0.018948 
0.56555 0.018927 
0.56590 0.018908 
0.56625 0.018889 
0.56660 0.018868 
0.56695 0.018848 
0.56729 0.018827 
0.56764 0.018807 
0.56799 0.018785 
0.56834 0.018766 
0.56869 0.018743 
0.56904 0.018723 
0.56939 0.018704 
0.56974 0.018684 
0.57008 0.018665 
0.57043 0.018645 
0.57078 0.018623 
0.57113 0.018604 
0.57148 0.018585 
0.57183 0.018564 
0.57218 0.018545 
0.57252 0.018526 
0.57287 0.018507 
0.57322 0.018487 
0.57357 0.018466 
0.57392 0.018446 
0.57427 0.018427 
0.57462 0.018406 
0.57497 0.018386 
0.57531 0.018366 
0.57566 0.018346 
0.57601 0.018328 
0.57636 0.018308 
0.57671 0.018289 
0.57706 0.018268 
0.57741 0.018247 
0.57775 0.018227 
0.57810 0.018208 
0.57845 0.018187 
0.57880 0.018167 
0.57915 0.018148 
0.57950 0.018130 
0.57985 0.018111 
0.58020 0.018093 
0.58054 0.018074 
0.58089 0.018056 
0.58124 0.018037 
0.58159 0.018019 
0.58194 0.018001 
0.58229 0.017983 
0.58264 0.017963 
0.58298 0.017945 
0.58333 0.017928 
0.58368 0.017908 
0.58403 0.017890 
0.58438 0.017872 
0.58473 0.017855 
0.58508 0.017838 
0.58543 0.017820 
0.58577 0.017800 
0.58612 0.017781 
0.58647 0.017762 
0.58682 0.017744 
0.58717 0.017725 
0.58752 0.017705 
0.58787 0.017687 
0.58821 0.017670 
0.58856 0.017652 
0.58891 0.017634 
0.58926 0.017616 
0.58961 0.017598 
0.58996 0.017582 
0.59031 0.017563 
0.59066 0.017546 
0.59100 0.017526 
0.59135 0.017508 
0.59170 0.017491 
0.59205 0.017474 
0.59240 0.017456 
0.59275 0.017439 
0.59310 0.017421 
0.59344 0.017403 
0.59379 0.017386 
0.59414 0.017369 
0.59449 0.017352 
0.59484 0.017333 
0.59519 0.017316 
0.59554 0.017300 
0.59589 0.017281 
0.59623 0.017265 
0.59658 0.017247 
0.59693 0.017229 
0.59728 0.017212 
0.59763 0.017196 
0.59798 0.017180 
0.59833 0.017164 
0.59868 0.017147 
0.59902 0.017129 
0.59937 0.017112 
0.59972 0.017096 
0.60007 0.017078 
0.60042 0.017062 
0.60077 0.017045 
0.60112 0.017028 
0.60146 0.017012 
0.60181 0.016996 
0.60216 0.016978 
0.60251 0.016962 
0.60286 0.016945 
0.60321 0.016926 
0.60356 0.016910 
0.60391 0.016893 
0.60425 0.016878 
0.60460 0.016861 
0.60495 0.016845 
0.60530 0.016827 
0.60565 0.016810 
0.60600 0.016794 
0.60635 0.016777 
0.60669 0.016761 
0.60704 0.016744 
0.60739 0.016727 
0.60774 0.016708 
0.60809 0.016691 
0.60844 0.016673 
0.60879 0.016657 
0.60914 0.016640 
0.60948 0.016624 
0.60983 0.016608 
0.61018 0.016592 
0.61053 0.016575 
0.61088 0.016559 
0.61123 0.016542 
0.61158 0.016527 
0.61192 0.016511 
0.61227 0.016494 
0.61262 0.016478 
0.61297 0.016461 
0.61332 0.016445 
0.61367 0.016428 
0.61402 0.016410 
0.61437 0.016394 
0.61471 0.016377 
0.61506 0.016362 
0.61541 0.016345 
0.61576 0.016330 
0.61611 0.016313 
0.61646 0.016297 
0.61681 0.016281 
0.61715 0.016263 
0.61750 0.016247 
0.61785 0.016231 
0.61820 0.016215 
0.61855 0.016199 
0.61890 0.016182 
0.61925 0.016167 
0.61960 0.016150 
0.61994 0.016134 
0.62029 0.016119 
0.62064 0.016102 
0.62099 0.016086 
0.62134 0.016069 
0.62169 0.016054 
0.62204 0.016038 
0.62238 0.016023 
0.62273 0.016007 
0.62308 0.015991 
0.62343 0.015977 
0.62378 0.015961 
0.62413 0.015946 
0.62448 0.015929 
0.62483 0.015914 
0.62517 0.015898 
0.62552 0.015882 
0.62587 0.015867 
0.62622 0.015852 
0.62657 0.015836 
0.62692 0.015821 
0.62727 0.015806 
0.62762 0.015791 
0.62796 0.015776 
0.62831 0.015761 
0.62866 0.015746 
0.62901 0.015731 
0.62936 0.015715 
0.62971 0.015700 
0.63006 0.015683 
0.63040 0.015669 
0.63075 0.015654 
0.63110 0.015640 
0.63145 0.015625 
0.63180 0.015609 
0.63215 0.015594 
0.63250 0.015579 
0.63285 0.015564 
0.63319 0.015549 
0.63354 0.015535 
0.63389 0.015520 
0.63424 0.015505 
0.63459 0.015490 
0.63494 0.015476 
0.63529 0.015461 
0.63563 0.015447 
0.63598 0.015432 
0.63633 0.015416 
0.63668 0.015401 
0.63703 0.015387 
0.63738 0.015372 
0.63773 0.015357 
0.63808 0.015343 
0.63842 0.015329 
0.63877 0.015314 
0.63912 0.015299 
0.63947 0.015284 
0.63982 0.015270 
0.64017 0.015255 
0.64052 0.015241 
0.64086 0.015227 
0.64121 0.015213 
0.64156 0.015198 
0.64191 0.015184 
0.64226 0.015170 
0.64261 0.015156 
0.64296 0.015141 
0.64331 0.015128 
0.64365 0.015114 
0.64400 0.015100 
0.64435 0.015086 
0.64470 0.015071 
0.64505 0.015057 
0.64540 0.015043 
0.64575 0.015029 
0.64609 0.015015 
0.64644 0.015001 
0.64679 0.014988 
0.64714 0.014974 
0.64749 0.014960 
0.64784 0.014946 
0.64819 0.014932 
0.64854 0.014918 
0.64888 0.014905 
0.64923 0.014892 
0.64958 0.014877 
0.64993 0.014864 
0.65028 0.014851 
0.65063 0.014837 
0.65098 0.014824 
0.65132 0.014811 
0.65167 0.014797 
0.65202 0.014783 
0.65237 0.014769 
0.65272 0.014756 
0.65307 0.014742 
0.65342 0.014728 
0.65377 0.014715 
0.65411 0.014701 
0.65446 0.014687 
0.65481 0.014674 
0.65516 0.014660 
0.65551 0.014646 
0.65586 0.014633 
0.65621 0.014620 
0.65656 0.014606 
0.65690 0.014593 
0.65725 0.014580 
0.65760 0.014567 
0.65795 0.014553 
0.65830 0.014540 
0.65865 0.014526 
0.65900 0.014512 
0.65934 0.014498 
0.65969 0.014484 
0.66004 0.014471 
0.66039 0.014458 
0.66074 0.014445 
0.66109 0.014431 
0.66144 0.014418 
0.66179 0.014405 
0.66213 0.014392 
0.66248 0.014379 
0.66283 0.014366 
0.66318 0.014352 
0.66353 0.014339 
0.66388 0.014325 
0.66423 0.014312 
0.66457 0.014299 
0.66492 0.014285 
0.66527 0.014272 
0.66562 0.014259 
0.66597 0.014247 
0.66632 0.014234 
0.66667 0.014221 
0.66702 0.014208 
0.66736 0.014195 
0.66771 0.014182 
0.66806 0.014169 
0.66841 0.014156 
0.66876 0.014142 
0.66911 0.014129 
0.66946 0.014117 
0.66980 0.014104 
0.67015 0.014091 
0.67050 0.014079 
0.67085 0.014067 
0.67120 0.014054 
0.67155 0.014042 
0.67190 0.014029 
0.67225 0.014017 
0.67259 0.014005 
0.67294 0.013993 
0.67329 0.013980 
0.67364 0.013968 
0.67399 0.013956 
0.67434 0.013943 
0.67469 0.013931 
0.67503 0.013918 
0.67538 0.013905 
0.67573 0.013893 
0.67608 0.013881 
0.67643 0.013867 
0.67678 0.013856 
0.67713 0.013844 
0.67748 0.013831 
0.67782 0.013818 
0.67817 0.013806 
0.67852 0.013793 
0.67887 0.013781 
0.67922 0.013768 
0.67957 0.013756 
0.67992 0.013744 
0.68026 0.013731 
0.68061 0.013719 
0.68096 0.013708 
0.68131 0.013696 
0.68166 0.013684 
0.68201 0.013673 
0.68236 0.013661 
0.68271 0.013648 
0.68305 0.013636 
0.68340 0.013624 
0.68375 0.013612 
0.68410 0.013600 
0.68445 0.013587 
0.68480 0.013574 
0.68515 0.013563 
0.68550 0.013550 
0.68584 0.013539 
0.68619 0.013527 
0.68654 0.013515 
0.68689 0.013504 
0.68724 0.013492 
0.68759 0.013480 
0.68794 0.013468 
0.68828 0.013456 
0.68863 0.013444 
0.68898 0.013432 
0.68933 0.013420 
0.68968 0.013408 
0.69003 0.013396 
0.69038 0.013385 
0.69073 0.013373 
0.69107 0.013361 
0.69142 0.013349 
0.69177 0.013338 
0.69212 0.013326 
0.69247 0.013314 
0.69282 0.013303 
0.69317 0.013292 
0.69351 0.013280 
0.69386 0.013269 
0.69421 0.013257 
0.69456 0.013246 
0.69491 0.013234 
0.69526 0.013223 
0.69561 0.013212 
0.69596 0.013200 
0.69630 0.013188 
0.69665 0.013176 
0.69700 0.013165 
0.69735 0.013153 
0.69770 0.013141 
0.69805 0.013130 
0.69840 0.013118 
0.69874 0.013106 
0.69909 0.013095 
0.69944 0.013083 
0.69979 0.013072 
0.70014 0.013060 
0.70049 0.013048 
0.70084 0.013037 
0.70119 0.013025 
0.70153 0.013014 
0.70188 0.013003 
0.70223 0.012992 
0.70258 0.012981 
0.70293 0.012969 
0.70328 0.012958 
0.70363 0.012946 
0.70397 0.012935 
0.70432 0.012924 
0.70467 0.012912 
0.70502 0.012901 
0.70537 0.012889 
0.70572 0.012877 
0.70607 0.012866 
0.70642 0.012856 
0.70676 0.012844 
0.70711 0.012833 
0.70746 0.012821 
0.70781 0.012810 
0.70816 0.012800 
0.70851 0.012788 
0.70886 0.012777 
0.70921 0.012766 
0.70955 0.012755 
0.70990 0.012744 
0.71025 0.012733 
0.71060 0.012722 
0.71095 0.012711 
0.71130 0.012700 
0.71165 0.012689 
0.71199 0.012678 
0.71234 0.012666 
0.71269 0.012655 
0.71304 0.012645 
0.71339 0.012633 
0.71374 0.012623 
0.71409 0.012612 
0.71444 0.012600 
0.71478 0.012590 
0.71513 0.012579 
0.71548 0.012568 
0.71583 0.012557 
0.71618 0.012546 
0.71653 0.012535 
0.71688 0.012525 
0.71722 0.012514 
0.71757 0.012503 
0.71792 0.012493 
0.71827 0.012482 
0.71862 0.012472 
0.71897 0.012461 
0.71932 0.012450 
0.71967 0.012440 
0.72001 0.012429 
0.72036 0.012418 
0.72071 0.012408 
0.72106 0.012397 
0.72141 0.012386 
0.72176 0.012375 
0.72211 0.012365 
0.72245 0.012354 
0.72280 0.012344 
0.72315 0.012333 
0.72350 0.012322 
0.72385 0.012312 
0.72420 0.012301 
0.72455 0.012291 
0.72490 0.012281 
0.72524 0.012270 
0.72559 0.012260 
0.72594 0.012249 
0.72629 0.012239 
0.72664 0.012229 
0.72699 0.012218 
0.72734 0.012208 
0.72768 0.012198 
0.72803 0.012188 
0.72838 0.012177 
0.72873 0.012167 
0.72908 0.012157 
0.72943 0.012147 
0.72978 0.012137 
0.73013 0.012127 
0.73047 0.012117 
0.73082 0.012106 
0.73117 0.012096 
0.73152 0.012085 
0.73187 0.012075 
0.73222 0.012065 
0.73257 0.012055 
0.73291 0.012045 
0.73326 0.012035 
0.73361 0.012025 
0.73396 0.012015 
0.73431 0.012004 
0.73466 0.011994 
0.73501 0.011984 
0.73536 0.011973 
0.73570 0.011963 
0.73605 0.011954 
0.73640 0.011943 
0.73675 0.011933 
0.73710 0.011922 
0.73745 0.011912 
0.73780 0.011902 
0.73815 0.011893 
0.73849 0.011883 
0.73884 0.011873 
0.73919 0.011863 
0.73954 0.011853 
0.73989 0.011842 
0.74024 0.011832 
0.74059 0.011822 
0.74093 0.011813 
0.74128 0.011802 
0.74163 0.011793 
0.74198 0.011783 
0.74233 0.011774 
0.74268 0.011764 
0.74303 0.011754 
0.74338 0.011744 
0.74372 0.011735 
0.74407 0.011725 
0.74442 0.011715 
0.74477 0.011706 
0.74512 0.011696 
0.74547 0.011686 
0.74582 0.011677 
0.74616 0.011667 
0.74651 0.011657 
0.74686 0.011648 
0.74721 0.011639 
0.74756 0.011629 
0.74791 0.011620 
0.74826 0.011611 
0.74861 0.011601 
0.74895 0.011592 
0.74930 0.011583 
0.74965 0.011573 
0.75000 0.011564 
0.75035 0.011554 
0.75070 0.011545 
0.75105 0.011536 
0.75139 0.011526 
0.75174 0.011517 
0.75209 0.011507 
0.75244 0.011498 
0.75279 0.011489 
0.75314 0.011479 
0.75349 0.011469 
0.75384 0.011460 
0.75418 0.011450 
0.75453 0.011440 
0.75488 0.011431 
0.75523 0.011422 
0.75558 0.011413 
0.75593 0.011403 
0.75628 0.011394 
0.75662 0.011385 
0.75697 0.011376 
0.75732 0.011366 
0.75767 0.011357 
0.75802 0.011348 
0.75837 0.011339 
0.75872 0.011329 
0.75907 0.011320 
0.75941 0.011310 
0.75976 0.011301 
0.76011 0.011292 
0.76046 0.011283 
0.76081 0.011274 
0.76116 0.011264 
0.76151 0.011255 
0.76185 0.011246 
0.76220 0.011236 
0.76255 0.011227 
0.76290 0.011218 
0.76325 0.011209 
0.76360 0.011200 
0.76395 0.011191 
0.76430 0.011182 
0.76464 0.011172 
0.76499 0.011163 
0.76534 0.011155 
0.76569 0.011146 
0.76604 0.011137 
0.76639 0.011128 
0.76674 0.011119 
0.76709 0.011110 
0.76743 0.011102 
0.76778 0.011092 
0.76813 0.011083 
0.76848 0.011075 
0.76883 0.011066 
0.76918 0.011057 
0.76953 0.011048 
0.76987 0.011039 
0.77022 0.011030 
0.77057 0.011022 
0.77092 0.011012 
0.77127 0.011003 
0.77162 0.010995 
0.77197 0.010986 
0.77232 0.010977 
0.77266 0.010968 
0.77301 0.010960 
0.77336 0.010951 
0.77371 0.010942 
0.77406 0.010933 
0.77441 0.010924 
0.77476 0.010915 
0.77510 0.010906 
0.77545 0.010898 
0.77580 0.010888 
0.77615 0.010880 
0.77650 0.010871 
0.77685 0.010863 
0.77720 0.010854 
0.77755 0.010846 
0.77789 0.010838 
0.77824 0.010829 
0.77859 0.010821 
0.77894 0.010812 
0.77929 0.010804 
0.77964 0.010795 
0.77999 0.010787 
0.78033 0.010778 
0.78068 0.010769 
0.78103 0.010761 
0.78138 0.010753 
0.78173 0.010745 
0.78208 0.010737 
0.78243 0.010728 
0.78278 0.010720 
0.78312 0.010711 
0.78347 0.010703 
0.78382 0.010694 
0.78417 0.010686 
0.78452 0.010677 
0.78487 0.010669 
0.78522 0.010661 
0.78556 0.010652 
0.78591 0.010644 
0.78626 0.010636 
0.78661 0.010627 
0.78696 0.010619 
0.78731 0.010610 
0.78766 0.010602 
0.78801 0.010594 
0.78835 0.010586 
0.78870 0.010578 
0.78905 0.010569 
0.78940 0.010561 
0.78975 0.010553 
0.79010 0.010545 
0.79045 0.010536 
0.79079 0.010528 
0.79114 0.010520 
0.79149 0.010512 
0.79184 0.010504 
0.79219 0.010495 
0.79254 0.010487 
0.79289 0.010478 
0.79324 0.010470 
0.79358 0.010461 
0.79393 0.010453 
0.79428 0.010444 
0.79463 0.010436 
0.79498 0.010428 
0.79533 0.010420 
0.79568 0.010411 
0.79603 0.010403 
0.79637 0.010395 
0.79672 0.010386 
0.79707 0.010378 
0.79742 0.010370 
0.79777 0.010362 
0.79812 0.010354 
0.79847 0.010346 
0.79881 0.010337 
0.79916 0.010329 
0.79951 0.010321 
0.79986 0.010313 
0.80021 0.010304 
0.80056 0.010296 
0.80091 0.010288 
0.80126 0.010279 
0.80160 0.010271 
0.80195 0.010263 
0.80230 0.010255 
0.80265 0.010247 
0.80300 0.010239 
0.80335 0.010230 
0.80370 0.010222 
0.80404 0.010214 
0.80439 0.010207 
0.80474 0.010198 
0.80509 0.010190 
0.80544 0.010183 
0.80579 0.010175 
0.80614 0.010167 
0.80649 0.010158 
0.80683 0.010150 
0.80718 0.010142 
0.80753 0.010134 
0.80788 0.010126 
0.80823 0.010118 
0.80858 0.010111 
0.80893 0.010103 
0.80927 0.010094 
0.80962 0.010087 
0.80997 0.010079 
0.81032 0.010071 
0.81067 0.010063 
0.81102 0.010056 
0.81137 0.010047 
0.81172 0.010039 
0.81206 0.010032 
0.81241 0.010024 
0.81276 0.010016 
0.81311 0.010008 
0.81346 0.010000 
0.81381 0.009992 
0.81416 0.009984 
0.81450 0.009976 
0.81485 0.009968 
0.81520 0.009960 
0.81555 0.009952 
0.81590 0.009945 
0.81625 0.009937 
0.81660 0.009929 
0.81695 0.009922 
0.81729 0.009914 
0.81764 0.009906 
0.81799 0.009899 
0.81834 0.009891 
0.81869 0.009884 
0.81904 0.009876 
0.81939 0.009868 
0.81974 0.009861 
0.82008 0.009853 
0.82043 0.009845 
0.82078 0.009838 
0.82113 0.009830 
0.82148 0.009822 
0.82183 0.009815 
0.82218 0.009807 
0.82252 0.009800 
0.82287 0.009792 
0.82322 0.009784 
0.82357 0.009777 
0.82392 0.009769 
0.82427 0.009762 
0.82462 0.009754 
0.82497 0.009747 
0.82531 0.009739 
0.82566 0.009732 
0.82601 0.009724 
0.82636 0.009717 
0.82671 0.009710 
0.82706 0.009702 
0.82741 0.009695 
0.82775 0.009688 
0.82810 0.009680 
0.82845 0.009673 
0.82880 0.009666 
0.82915 0.009659 
0.82950 0.009651 
0.82985 0.009644 
0.83020 0.009637 
0.83054 0.009629 
0.83089 0.009622 
0.83124 0.009615 
0.83159 0.009607 
0.83194 0.009600 
0.83229 0.009593 
0.83264 0.009585 
0.83298 0.009578 
0.83333 0.009571 
0.83368 0.009563 
0.83403 0.009556 
0.83438 0.009549 
0.83473 0.009542 
0.83508 0.009535 
0.83543 0.009528 
0.83577 0.009521 
0.83612 0.009514 
0.83647 0.009507 
0.83682 0.009500 
0.83717 0.009493 
0.83752 0.009485 
0.83787 0.009478 
0.83821 0.009471 
0.83856 0.009463 
0.83891 0.009456 
0.83926 0.009449 
0.83961 0.009442 
0.83996 0.009435 
0.84031 0.009428 
0.84066 0.009422 
0.84100 0.009414 
0.84135 0.009407 
0.84170 0.009400 
0.84205 0.009393 
0.84240 0.009386 
0.84275 0.009379 
0.84310 0.009372 
0.84344 0.009365 
0.84379 0.009358 
0.84414 0.009351 
0.84449 0.009344 
0.84484 0.009337 
0.84519 0.009330 
0.84554 0.009324 
0.84589 0.009317 
0.84623 0.009310 
0.84658 0.009303 
0.84693 0.009296 
0.84728 0.009289 
0.84763 0.009282 
0.84798 0.009275 
0.84833 0.009268 
0.84868 0.009261 
0.84902 0.009254 
0.84937 0.009247 
0.84972 0.009240 
0.85007 0.009233 
0.85042 0.009226 
0.85077 0.009220 
0.85112 0.009213 
0.85146 0.009206 
0.85181 0.009199 
0.85216 0.009193 
0.85251 0.009186 
0.85286 0.009179 
0.85321 0.009172 
0.85356 0.009165 
0.85391 0.009158 
0.85425 0.009151 
0.85460 0.009144 
0.85495 0.009136 
0.85530 0.009130 
0.85565 0.009123 
0.85600 0.009116 
0.85635 0.009109 
0.85669 0.009102 
0.85704 0.009095 
0.85739 0.009089 
0.85774 0.009082 
0.85809 0.009075 
0.85844 0.009069 
0.85879 0.009061 
0.85914 0.009055 
0.85948 0.009048 
0.85983 0.009041 
0.86018 0.009035 
0.86053 0.009028 
0.86088 0.009021 
0.86123 0.009015 
0.86158 0.009008 
0.86192 0.009002 
0.86227 0.008995 
0.86262 0.008988 
0.86297 0.008981 
0.86332 0.008975 
0.86367 0.008968 
0.86402 0.008961 
0.86437 0.008955 
0.86471 0.008948 
0.86506 0.008942 
0.86541 0.008935 
0.86576 0.008928 
0.86611 0.008922 
0.86646 0.008915 
0.86681 0.008909 
0.86715 0.008902 
0.86750 0.008896 
0.86785 0.008889 
0.86820 0.008883 
0.86855 0.008876 
0.86890 0.008869 
0.86925 0.008863 
0.86960 0.008857 
0.86994 0.008850 
0.87029 0.008844 
0.87064 0.008837 
0.87099 0.008831 
0.87134 0.008824 
0.87169 0.008818 
0.87204 0.008812 
0.87238 0.008805 
0.87273 0.008799 
0.87308 0.008792 
0.87343 0.008786 
0.87378 0.008780 
0.87413 0.008773 
0.87448 0.008767 
0.87483 0.008760 
0.87517 0.008754 
0.87552 0.008748 
0.87587 0.008741 
0.87622 0.008735 
0.87657 0.008729 
0.87692 0.008722 
0.87727 0.008716 
0.87762 0.008710 
0.87796 0.008703 
0.87831 0.008697 
0.87866 0.008691 
0.87901 0.008685 
0.87936 0.008679 
0.87971 0.008672 
0.88006 0.008666 
0.88040 0.008660 
0.88075 0.008654 
0.88110 0.008647 
0.88145 0.008641 
0.88180 0.008635 
0.88215 0.008629 
0.88250 0.008623 
0.88285 0.008616 
0.88319 0.008610 
0.88354 0.008604 
0.88389 0.008598 
0.88424 0.008592 
0.88459 0.008586 
0.88494 0.008579 
0.88529 0.008573 
0.88563 0.008567 
0.88598 0.008560 
0.88633 0.008554 
0.88668 0.008548 
0.88703 0.008542 
0.88738 0.008536 
0.88773 0.008530 
0.88808 0.008523 
0.88842 0.008517 
0.88877 0.008511 
0.88912 0.008505 
0.88947 0.008499 
0.88982 0.008493 
0.89017 0.008487 
0.89052 0.008481 
0.89086 0.008475 
0.89121 0.008469 
0.89156 0.008463 
0.89191 0.008457 
0.89226 0.008451 
0.89261 0.008445 
0.89296 0.008439 
0.89331 0.008433 
0.89365 0.008427 
0.89400 0.008421 
0.89435 0.008415 
0.89470 0.008409 
0.89505 0.008403 
0.89540 0.008396 
0.89575 0.008391 
0.89609 0.008384 
0.89644 0.008378 
0.89679 0.008372 
0.89714 0.008366 
0.89749 0.008360 
0.89784 0.008354 
0.89819 0.008347 
0.89854 0.008341 
0.89888 0.008335 
0.89923 0.008329 
0.89958 0.008323 
0.89993 0.008317 
0.90028 0.008311 
0.90063 0.008305 
0.90098 0.008298 
0.90132 0.008293 
0.90167 0.008287 
0.90202 0.008280 
0.90237 0.008274 
0.90272 0.008268 
0.90307 0.008262 
0.90342 0.008256 
0.90377 0.008250 
0.90411 0.008244 
0.90446 0.008238 
0.90481 0.008232 
0.90516 0.008226 
0.90551 0.008220 
0.90586 0.008214 
0.90621 0.008208 
0.90656 0.008202 
0.90690 0.008196 
0.90725 0.008190 
0.90760 0.008184 
0.90795 0.008178 
0.90830 0.008172 
0.90865 0.008166 
0.90900 0.008160 
0.90934 0.008154 
0.90969 0.008148 
0.91004 0.008142 
0.91039 0.008136 
0.91074 0.008130 
0.91109 0.008124 
0.91144 0.008118 
0.91179 0.008113 
0.91213 0.008107 
0.91248 0.008101 
0.91283 0.008095 
0.91318 0.008089 
0.91353 0.008083 
0.91388 0.008077 
0.91423 0.008071 
0.91457 0.008065 
0.91492 0.008060 
0.91527 0.008054 
0.91562 0.008048 
0.91597 0.008042 
0.91632 0.008036 
0.91667 0.008030 
0.91702 0.008025 
0.91736 0.008019 
0.91771 0.008013 
0.91806 0.008007 
0.91841 0.008001 
0.91876 0.007996 
0.91911 0.007990 
0.91946 0.007984 
0.91980 0.007978 
0.92015 0.007972 
0.92050 0.007967 
0.92085 0.007961 
0.92120 0.007956 
0.92155 0.007950 
0.92190 0.007944 
0.92225 0.007938 
0.92259 0.007933 
0.92294 0.007927 
0.92329 0.007922 
0.92364 0.007916 
0.92399 0.007910 
0.92434 0.007905 
0.92469 0.007899 
0.92503 0.007893 
0.92538 0.007888 
0.92573 0.007882 
0.92608 0.007877 
0.92643 0.007871 
0.92678 0.007865 
0.92713 0.007860 
0.92748 0.007854 
0.92782 0.007849 
0.92817 0.007843 
0.92852 0.007837 
0.92887 0.007832 
0.92922 0.007826 
0.92957 0.007821 
0.92992 0.007815 
0.93026 0.007809 
0.93061 0.007804 
0.93096 0.007798 
0.93131 0.007793 
0.93166 0.007787 
0.93201 0.007782 
0.93236 0.007776 
0.93271 0.007771 
0.93305 0.007766 
0.93340 0.007760 
0.93375 0.007754 
0.93410 0.007749 
0.93445 0.007743 
0.93480 0.007738 
0.93515 0.007732 
0.93550 0.007727 
0.93584 0.007722 
0.93619 0.007716 
0.93654 0.007711 
0.93689 0.007705 
0.93724 0.007700 
0.93759 0.007694 
0.93794 0.007689 
0.93828 0.007683 
0.93863 0.007678 
0.93898 0.007672 
0.93933 0.007667 
0.93968 0.007662 
0.94003 0.007657 
0.94038 0.007651 
0.94073 0.007646 
0.94107 0.007641 
0.94142 0.007635 
0.94177 0.007630 
0.94212 0.007624 
0.94247 0.007619 
0.94282 0.007614 
0.94317 0.007609 
0.94351 0.007603 
0.94386 0.007598 
0.94421 0.007593 
0.94456 0.007587 
0.94491 0.007582 
0.94526 0.007577 
0.94561 0.007571 
0.94596 0.007566 
0.94630 0.007561 
0.94665 0.007555 
0.94700 0.007550 
0.94735 0.007545 
0.94770 0.007540 
0.94805 0.007534 
0.94840 0.007529 
0.94874 0.007524 
0.94909 0.007519 
0.94944 0.007513 
0.94979 0.007508 
0.95014 0.007503 
0.95049 0.007498 
0.95084 0.007493 
0.95119 0.007487 
0.95153 0.007482 
0.95188 0.007477 
0.95223 0.007472 
0.95258 0.007467 
0.95293 0.007462 
0.95328 0.007456 
0.95363 0.007451 
0.95397 0.007446 
0.95432 0.007441 
0.95467 0.007436 
0.95502 0.007431 
0.95537 0.007426 
0.95572 0.007420 
0.95607 0.007415 
0.95642 0.007410 
0.95676 0.007405 
0.95711 0.007400 
0.95746 0.007395 
0.95781 0.007390 
0.95816 0.007385 
0.95851 0.007379 
0.95886 0.007374 
0.95921 0.007369 
0.95955 0.007364 
0.95990 0.007359 
0.96025 0.007354 
0.96060 0.007349 
0.96095 0.007344 
0.96130 0.007339 
0.96165 0.007334 
0.96199 0.007329 
0.96234 0.007324 
0.96269 0.007319 
0.96304 0.007314 
0.96339 0.007308 
0.96374 0.007303 
0.96409 0.007298 
0.96444 0.007293 
0.96478 0.007288 
0.96513 0.007283 
0.96548 0.007278 
0.96583 0.007273 
0.96618 0.007269 
0.96653 0.007264 
0.96688 0.007259 
0.96722 0.007254 
0.96757 0.007249 
0.96792 0.007244 
0.96827 0.007239 
0.96862 0.007234 
0.96897 0.007229 
0.96932 0.007225 
0.96967 0.007220 
0.97001 0.007215 
0.97036 0.007210 
0.97071 0.007205 
0.97106 0.007200 
0.97141 0.007195 
0.97176 0.007190 
0.97211 0.007185 
0.97245 0.007180 
0.97280 0.007175 
0.97315 0.007170 
0.97350 0.007165 
0.97385 0.007161 
0.97420 0.007156 
0.97455 0.007151 
0.97490 0.007146 
0.97524 0.007141 
0.97559 0.007136 
0.97594 0.007131 
0.97629 0.007127 
0.97664 0.007122 
0.97699 0.007117 
0.97734 0.007112 
0.97768 0.007107 
0.97803 0.007102 
0.97838 0.007098 
0.97873 0.007093 
0.97908 0.007088 
0.97943 0.007083 
0.97978 0.007078 
0.98013 0.007074 
0.98047 0.007069 
0.98082 0.007064 
0.98117 0.007059 
0.98152 0.007055 
0.98187 0.007050 
0.98222 0.007045 
0.98257 0.007040 
0.98291 0.007036 
0.98326 0.007031 
0.98361 0.007026 
0.98396 0.007021 
0.98431 0.007017 
0.98466 0.007012 
0.98501 0.007007 
0.98536 0.007002 
0.98570 0.006998 
0.98605 0.006993 
0.98640 0.006988 
0.98675 0.006983 
0.98710 0.006979 
0.98745 0.006974 
0.98780 0.006969 
0.98815 0.006965 
0.98849 0.006960 
0.98884 0.006955 
0.98919 0.006951 
0.98954 0.006946 
0.98989 0.006941 
0.99024 0.006937 
0.99059 0.006932 
0.99093 0.006928 
0.99128 0.006923 
0.99163 0.006918 
0.99198 0.006914 
0.99233 0.006909 
0.99268 0.006904 
0.99303 0.006900 
0.99338 0.006895 
0.99372 0.006891 
0.99407 0.006886 
0.99442 0.006882 
0.99477 0.006877 
0.99512 0.006872 
0.99547 0.006868 
0.99582 0.006863 
0.99616 0.006859 
0.99651 0.006854 
0.99686 0.006850 
0.99721 0.006845 
0.99756 0.006840 
0.99791 0.006836 
0.99826 0.006831 
0.99861 0.006827 
0.99895 0.006822 
0.99930 0.006818 
0.99965 0.006813 
1.00000 0.006809 
