1 1
0.00066 1.000000 
0.00099 1.000000 
0.00132 1.000000 
0.00165 1.000000 
0.00198 1.000000 
0.00231 1.000000 
0.00264 1.000000 
0.00297 1.000000 
0.00330 1.000000 
0.00363 1.000000 
0.00396 1.000000 
0.00429 1.000000 
0.00463 1.000000 
0.00496 1.000000 
0.00529 1.000000 
0.00562 1.000000 
0.00595 1.000000 
0.00628 1.000000 
0.00661 1.000000 
0.00694 1.000000 
0.00727 1.000000 
0.00760 1.000000 
0.00793 1.000000 
0.00826 1.000000 
0.00859 1.000000 
0.00892 1.000000 
0.00925 1.000000 
0.00958 1.000000 
0.00991 1.000000 
0.01024 1.000000 
0.01057 1.000000 
0.01090 1.000000 
0.01123 1.000000 
0.01156 1.000000 
0.01189 1.000000 
0.01222 1.000000 
0.01255 1.000000 
0.01288 1.000000 
0.01321 1.000000 
0.01354 1.000000 
0.01388 1.000000 
0.01421 1.000000 
0.01454 1.000000 
0.01487 1.000000 
0.01520 1.000000 
0.01553 1.000000 
0.01586 1.000000 
0.01619 0.999150 
0.01652 0.999184 
0.01685 0.998431 
0.01718 0.997738 
0.01751 0.997823 
0.01784 0.997904 
0.01817 0.996633 
0.01850 0.996753 
0.01883 0.996241 
0.01916 0.996370 
0.01949 0.993571 
0.01982 0.990960 
0.02015 0.990710 
0.02048 0.990481 
0.02081 0.989759 
0.02114 0.988591 
0.02147 0.985577 
0.02180 0.985082 
0.02213 0.984622 
0.02246 0.983319 
0.02279 0.981245 
0.02313 0.980538 
0.02346 0.979879 
0.02379 0.976917 
0.02412 0.974505 
0.02445 0.974084 
0.02478 0.972613 
0.02511 0.970526 
0.02544 0.968558 
0.02577 0.966034 
0.02610 0.963324 
0.02643 0.961709 
0.02676 0.960185 
0.02709 0.959048 
0.02742 0.957097 
0.02775 0.953815 
0.02808 0.950700 
0.02841 0.948564 
0.02874 0.945469 
0.02907 0.942006 
0.02940 0.939734 
0.02973 0.937578 
0.03006 0.935043 
0.03039 0.930960 
0.03072 0.927069 
0.03105 0.924274 
0.03138 0.923628 
0.03171 0.921930 
0.03204 0.918814 
0.03238 0.917526 
0.03271 0.916306 
0.03304 0.911515 
0.03337 0.907921 
0.03370 0.905649 
0.03403 0.901580 
0.03436 0.896751 
0.03469 0.895788 
0.03502 0.894340 
0.03535 0.892259 
0.03568 0.886639 
0.03601 0.886001 
0.03634 0.883903 
0.03667 0.881409 
0.03700 0.878378 
0.03733 0.873894 
0.03766 0.872380 
0.03799 0.869870 
0.03832 0.865517 
0.03865 0.857501 
0.03898 0.852238 
0.03931 0.848882 
0.03964 0.845658 
0.03997 0.843664 
0.04030 0.840807 
0.04063 0.837132 
0.04096 0.834120 
0.04130 0.830581 
0.04163 0.825778 
0.04196 0.820397 
0.04229 0.817667 
0.04262 0.814317 
0.04295 0.812761 
0.04328 0.809865 
0.04361 0.807425 
0.04394 0.803258 
0.04427 0.799910 
0.04460 0.795357 
0.04493 0.792484 
0.04526 0.787999 
0.04559 0.784830 
0.04592 0.779689 
0.04625 0.777492 
0.04658 0.772948 
0.04691 0.768954 
0.04724 0.766079 
0.04757 0.763889 
0.04790 0.760920 
0.04823 0.755786 
0.04856 0.752213 
0.04889 0.748483 
0.04922 0.745239 
0.04955 0.742371 
0.04988 0.737748 
0.05021 0.735274 
0.05055 0.730564 
0.05088 0.727358 
0.05121 0.725429 
0.05154 0.720182 
0.05187 0.718275 
0.05220 0.716359 
0.05253 0.710931 
0.05286 0.707783 
0.05319 0.704115 
0.05352 0.700866 
0.05385 0.697720 
0.05418 0.695421 
0.05451 0.692757 
0.05484 0.690325 
0.05517 0.687901 
0.05550 0.685557 
0.05583 0.683643 
0.05616 0.680125 
0.05649 0.677812 
0.05682 0.674487 
0.05715 0.671461 
0.05748 0.668461 
0.05781 0.664565 
0.05814 0.662013 
0.05847 0.660054 
0.05880 0.656637 
0.05913 0.652690 
0.05946 0.649038 
0.05980 0.645918 
0.06013 0.642584 
0.06046 0.640005 
0.06079 0.637681 
0.06112 0.635370 
0.06145 0.633246 
0.06178 0.629809 
0.06211 0.627432 
0.06244 0.623719 
0.06277 0.620830 
0.06310 0.618187 
0.06343 0.614801 
0.06376 0.612047 
0.06409 0.608461 
0.06442 0.606027 
0.06475 0.602983 
0.06508 0.598467 
0.06541 0.596267 
0.06574 0.593777 
0.06607 0.590754 
0.06640 0.589204 
0.06673 0.585882 
0.06706 0.583768 
0.06739 0.581426 
0.06772 0.578288 
0.06805 0.575657 
0.06838 0.572440 
0.06871 0.570559 
0.06905 0.568780 
0.06938 0.565915 
0.06971 0.562401 
0.07004 0.559331 
0.07037 0.556692 
0.07070 0.554210 
0.07103 0.551619 
0.07136 0.549871 
0.07169 0.546723 
0.07202 0.544286 
0.07235 0.541703 
0.07268 0.539518 
0.07301 0.536693 
0.07334 0.534018 
0.07367 0.531491 
0.07400 0.528948 
0.07433 0.526706 
0.07466 0.524012 
0.07499 0.521773 
0.07532 0.520094 
0.07565 0.516931 
0.07598 0.514297 
0.07631 0.512253 
0.07664 0.510188 
0.07697 0.507696 
0.07730 0.505264 
0.07763 0.503037 
0.07796 0.501154 
0.07830 0.498856 
0.07863 0.496614 
0.07896 0.493724 
0.07929 0.491353 
0.07962 0.488970 
0.07995 0.486403 
0.08028 0.484440 
0.08061 0.482291 
0.08094 0.480361 
0.08127 0.477949 
0.08160 0.475165 
0.08193 0.473031 
0.08226 0.470722 
0.08259 0.468530 
0.08292 0.466167 
0.08325 0.463985 
0.08358 0.462137 
0.08391 0.459992 
0.08424 0.457558 
0.08457 0.455362 
0.08490 0.453429 
0.08523 0.451392 
0.08556 0.449373 
0.08589 0.447639 
0.08622 0.445918 
0.08655 0.444006 
0.08688 0.441529 
0.08722 0.439480 
0.08755 0.437679 
0.08788 0.435835 
0.08821 0.434175 
0.08854 0.432668 
0.08887 0.430450 
0.08920 0.428804 
0.08953 0.426705 
0.08986 0.424734 
0.09019 0.422511 
0.09052 0.420470 
0.09085 0.418474 
0.09118 0.416206 
0.09151 0.414247 
0.09184 0.412591 
0.09217 0.410768 
0.09250 0.409012 
0.09283 0.407194 
0.09316 0.405896 
0.09349 0.404255 
0.09382 0.402354 
0.09415 0.400593 
0.09448 0.398724 
0.09481 0.396969 
0.09514 0.395495 
0.09547 0.393599 
0.09580 0.392053 
0.09613 0.390307 
0.09647 0.388434 
0.09680 0.386530 
0.09713 0.385155 
0.09746 0.383581 
0.09779 0.381906 
0.09812 0.380449 
0.09845 0.379161 
0.09878 0.377702 
0.09911 0.375697 
0.09944 0.373998 
0.09977 0.372489 
0.10010 0.370861 
0.10043 0.369376 
0.10076 0.367752 
0.10109 0.366163 
0.10142 0.364544 
0.10175 0.363213 
0.10208 0.361682 
0.10241 0.360393 
0.10274 0.358863 
0.10307 0.357305 
0.10340 0.355800 
0.10373 0.353880 
0.10406 0.352502 
0.10439 0.351035 
0.10472 0.349599 
0.10505 0.348233 
0.10538 0.346503 
0.10572 0.345141 
0.10605 0.343750 
0.10638 0.342253 
0.10671 0.340980 
0.10704 0.339392 
0.10737 0.338329 
0.10770 0.336857 
0.10803 0.335603 
0.10836 0.334434 
0.10869 0.333142 
0.10902 0.331970 
0.10935 0.330953 
0.10968 0.329669 
0.11001 0.328340 
0.11034 0.327148 
0.11067 0.325945 
0.11100 0.324609 
0.11133 0.323230 
0.11166 0.321827 
0.11199 0.320748 
0.11232 0.319521 
0.11265 0.318303 
0.11298 0.317127 
0.11331 0.316079 
0.11364 0.315072 
0.11397 0.313566 
0.11430 0.312340 
0.11463 0.311206 
0.11497 0.309865 
0.11530 0.308583 
0.11563 0.307655 
0.11596 0.306585 
0.11629 0.305377 
0.11662 0.303953 
0.11695 0.302844 
0.11728 0.301552 
0.11761 0.300317 
0.11794 0.298965 
0.11827 0.297936 
0.11860 0.296961 
0.11893 0.295868 
0.11926 0.294845 
0.11959 0.293705 
0.11992 0.292513 
0.12025 0.291300 
0.12058 0.290170 
0.12091 0.289064 
0.12124 0.287965 
0.12157 0.286829 
0.12190 0.285775 
0.12223 0.284626 
0.12256 0.283645 
0.12289 0.282570 
0.12322 0.281573 
0.12355 0.280612 
0.12389 0.279672 
0.12422 0.278624 
0.12455 0.277809 
0.12488 0.276887 
0.12521 0.275886 
0.12554 0.275267 
0.12587 0.274112 
0.12620 0.273048 
0.12653 0.272224 
0.12686 0.271092 
0.12719 0.270116 
0.12752 0.269188 
0.12785 0.268131 
0.12818 0.267162 
0.12851 0.266226 
0.12884 0.265230 
0.12917 0.264214 
0.12950 0.263362 
0.12983 0.262502 
0.13016 0.261634 
0.13049 0.260914 
0.13082 0.259992 
0.13115 0.258988 
0.13148 0.258104 
0.13181 0.257087 
0.13214 0.256078 
0.13247 0.255249 
0.13280 0.254426 
0.13314 0.253719 
0.13347 0.252905 
0.13380 0.252157 
0.13413 0.251195 
0.13446 0.250239 
0.13479 0.249506 
0.13512 0.248598 
0.13545 0.247802 
0.13578 0.246953 
0.13611 0.246014 
0.13644 0.245104 
0.13677 0.244353 
0.13710 0.243560 
0.13743 0.242759 
0.13776 0.241803 
0.13809 0.240956 
0.13842 0.240045 
0.13875 0.239118 
0.13908 0.238333 
0.13941 0.237608 
0.13974 0.236810 
0.14007 0.235983 
0.14040 0.235150 
0.14073 0.234322 
0.14106 0.233554 
0.14139 0.232879 
0.14172 0.232120 
0.14205 0.231344 
0.14239 0.230680 
0.14272 0.229870 
0.14305 0.229129 
0.14338 0.228435 
0.14371 0.227692 
0.14404 0.226943 
0.14437 0.226209 
0.14470 0.225573 
0.14503 0.224691 
0.14536 0.223783 
0.14569 0.223036 
0.14602 0.222253 
0.14635 0.221362 
0.14668 0.220650 
0.14701 0.219921 
0.14734 0.219056 
0.14767 0.218296 
0.14800 0.217432 
0.14833 0.216781 
0.14866 0.216075 
0.14899 0.215432 
0.14932 0.214705 
0.14965 0.214069 
0.14998 0.213389 
0.15031 0.212664 
0.15064 0.211992 
0.15097 0.211304 
0.15130 0.210496 
0.15164 0.209883 
0.15197 0.209188 
0.15230 0.208403 
0.15263 0.207689 
0.15296 0.207063 
0.15329 0.206459 
0.15362 0.205775 
0.15395 0.205076 
0.15428 0.204373 
0.15461 0.203646 
0.15494 0.203023 
0.15527 0.202277 
0.15560 0.201554 
0.15593 0.200817 
0.15626 0.200174 
0.15659 0.199579 
0.15692 0.198863 
0.15725 0.198249 
0.15758 0.197699 
0.15791 0.197047 
0.15824 0.196426 
0.15857 0.195816 
0.15890 0.195218 
0.15923 0.194520 
0.15956 0.193904 
0.15989 0.193257 
0.16022 0.192622 
0.16056 0.191939 
0.16089 0.191312 
0.16122 0.190662 
0.16155 0.190042 
0.16188 0.189500 
0.16221 0.188877 
0.16254 0.188234 
0.16287 0.187701 
0.16320 0.187072 
0.16353 0.186480 
0.16386 0.185940 
0.16419 0.185403 
0.16452 0.184779 
0.16485 0.184280 
0.16518 0.183743 
0.16551 0.183162 
0.16584 0.182678 
0.16617 0.182047 
0.16650 0.181475 
0.16683 0.180882 
0.16716 0.180347 
0.16749 0.179752 
0.16782 0.179184 
0.16815 0.178689 
0.16848 0.178189 
0.16881 0.177614 
0.16914 0.177104 
0.16947 0.176581 
0.16981 0.176023 
0.17014 0.175535 
0.17047 0.175066 
0.17080 0.174554 
0.17113 0.174059 
0.17146 0.173552 
0.17179 0.172944 
0.17212 0.172383 
0.17245 0.171840 
0.17278 0.171337 
0.17311 0.170807 
0.17344 0.170360 
0.17377 0.169879 
0.17410 0.169393 
0.17443 0.168873 
0.17476 0.168385 
0.17509 0.167842 
0.17542 0.167352 
0.17575 0.166886 
0.17608 0.166415 
0.17641 0.165911 
0.17674 0.165375 
0.17707 0.164932 
0.17740 0.164471 
0.17773 0.163963 
0.17806 0.163514 
0.17839 0.163094 
0.17872 0.162662 
0.17906 0.162177 
0.17939 0.161730 
0.17972 0.161210 
0.18005 0.160800 
0.18038 0.160298 
0.18071 0.159833 
0.18104 0.159423 
0.18137 0.158955 
0.18170 0.158477 
0.18203 0.158000 
0.18236 0.157513 
0.18269 0.157062 
0.18302 0.156632 
0.18335 0.156171 
0.18368 0.155752 
0.18401 0.155354 
0.18434 0.154900 
0.18467 0.154462 
0.18500 0.154044 
0.18533 0.153571 
0.18566 0.153082 
0.18599 0.152677 
0.18632 0.152268 
0.18665 0.151836 
0.18698 0.151437 
0.18731 0.151046 
0.18764 0.150645 
0.18797 0.150214 
0.18831 0.149817 
0.18864 0.149415 
0.18897 0.149039 
0.18930 0.148629 
0.18963 0.148196 
0.18996 0.147826 
0.19029 0.147409 
0.19062 0.147001 
0.19095 0.146600 
0.19128 0.146207 
0.19161 0.145798 
0.19194 0.145362 
0.19227 0.144939 
0.19260 0.144536 
0.19293 0.144129 
0.19326 0.143760 
0.19359 0.143339 
0.19392 0.142920 
0.19425 0.142567 
0.19458 0.142181 
0.19491 0.141792 
0.19524 0.141455 
0.19557 0.141126 
0.19590 0.140730 
0.19623 0.140341 
0.19656 0.140011 
0.19689 0.139626 
0.19722 0.139231 
0.19756 0.138816 
0.19789 0.138447 
0.19822 0.138058 
0.19855 0.137698 
0.19888 0.137307 
0.19921 0.136923 
0.19954 0.136558 
0.19987 0.136210 
0.20020 0.135848 
0.20053 0.135444 
0.20086 0.135096 
0.20119 0.134728 
0.20152 0.134356 
0.20185 0.133992 
0.20218 0.133629 
0.20251 0.133283 
0.20284 0.132950 
0.20317 0.132613 
0.20350 0.132256 
0.20383 0.131896 
0.20416 0.131543 
0.20449 0.131233 
0.20482 0.130898 
0.20515 0.130565 
0.20548 0.130228 
0.20581 0.129866 
0.20614 0.129522 
0.20648 0.129215 
0.20681 0.128889 
0.20714 0.128550 
0.20747 0.128242 
0.20780 0.127920 
0.20813 0.127595 
0.20846 0.127276 
0.20879 0.126923 
0.20912 0.126567 
0.20945 0.126223 
0.20978 0.125905 
0.21011 0.125573 
0.21044 0.125248 
0.21077 0.124929 
0.21110 0.124607 
0.21143 0.124325 
0.21176 0.124005 
0.21209 0.123692 
0.21242 0.123361 
0.21275 0.123089 
0.21308 0.122770 
0.21341 0.122452 
0.21374 0.122159 
0.21407 0.121873 
0.21440 0.121555 
0.21473 0.121252 
0.21506 0.120969 
0.21539 0.120673 
0.21573 0.120369 
0.21606 0.120086 
0.21639 0.119789 
0.21672 0.119470 
0.21705 0.119153 
0.21738 0.118874 
0.21771 0.118596 
0.21804 0.118301 
0.21837 0.118031 
0.21870 0.117752 
0.21903 0.117437 
0.21936 0.117170 
0.21969 0.116877 
0.22002 0.116580 
0.22035 0.116289 
0.22068 0.116039 
0.22101 0.115733 
0.22134 0.115459 
0.22167 0.115181 
0.22200 0.114905 
0.22233 0.114617 
0.22266 0.114360 
0.22299 0.114100 
0.22332 0.113837 
0.22365 0.113571 
0.22398 0.113297 
0.22431 0.113011 
0.22464 0.112722 
0.22498 0.112430 
0.22531 0.112143 
0.22564 0.111849 
0.22597 0.111582 
0.22630 0.111333 
0.22663 0.111047 
0.22696 0.110791 
0.22729 0.110524 
0.22762 0.110271 
0.22795 0.110002 
0.22828 0.109734 
0.22861 0.109463 
0.22894 0.109193 
0.22927 0.108940 
0.22960 0.108710 
0.22993 0.108439 
0.23026 0.108136 
0.23059 0.107867 
0.23092 0.107587 
0.23125 0.107317 
0.23158 0.107072 
0.23191 0.106815 
0.23224 0.106568 
0.23257 0.106334 
0.23290 0.106069 
0.23323 0.105845 
0.23356 0.105609 
0.23389 0.105391 
0.23423 0.105165 
0.23456 0.104909 
0.23489 0.104689 
0.23522 0.104454 
0.23555 0.104212 
0.23588 0.103964 
0.23621 0.103735 
0.23654 0.103497 
0.23687 0.103247 
0.23720 0.103017 
0.23753 0.102785 
0.23786 0.102531 
0.23819 0.102308 
0.23852 0.102074 
0.23885 0.101853 
0.23918 0.101629 
0.23951 0.101402 
0.23984 0.101161 
0.24017 0.100947 
0.24050 0.100723 
0.24083 0.100480 
0.24116 0.100257 
0.24149 0.100028 
0.24182 0.099796 
0.24215 0.099580 
0.24248 0.099349 
0.24281 0.099145 
0.24315 0.098917 
0.24348 0.098693 
0.24381 0.098473 
0.24414 0.098247 
0.24447 0.098021 
0.24480 0.097793 
0.24513 0.097592 
0.24546 0.097358 
0.24579 0.097147 
0.24612 0.096929 
0.24645 0.096684 
0.24678 0.096472 
0.24711 0.096253 
0.24744 0.096025 
0.24777 0.095804 
0.24810 0.095595 
0.24843 0.095383 
0.24876 0.095148 
0.24909 0.094931 
0.24942 0.094725 
0.24975 0.094516 
0.25008 0.094315 
0.25041 0.094091 
0.25074 0.093874 
0.25107 0.093679 
0.25140 0.093464 
0.25173 0.093253 
0.25206 0.093054 
0.25240 0.092862 
0.25273 0.092674 
0.25306 0.092473 
0.25339 0.092262 
0.25372 0.092046 
0.25405 0.091837 
0.25438 0.091642 
0.25471 0.091438 
0.25504 0.091258 
0.25537 0.091056 
0.25570 0.090857 
0.25603 0.090659 
0.25636 0.090476 
0.25669 0.090282 
0.25702 0.090110 
0.25735 0.089921 
0.25768 0.089717 
0.25801 0.089507 
0.25834 0.089308 
0.25867 0.089109 
0.25900 0.088934 
0.25933 0.088730 
0.25966 0.088556 
0.25999 0.088354 
0.26032 0.088146 
0.26065 0.087951 
0.26098 0.087757 
0.26131 0.087587 
0.26165 0.087394 
0.26198 0.087212 
0.26231 0.087021 
0.26264 0.086840 
0.26297 0.086653 
0.26330 0.086461 
0.26363 0.086276 
0.26396 0.086082 
0.26429 0.085904 
0.26462 0.085743 
0.26495 0.085573 
0.26528 0.085384 
0.26561 0.085200 
0.26594 0.085038 
0.26627 0.084867 
0.26660 0.084696 
0.26693 0.084514 
0.26726 0.084345 
0.26759 0.084173 
0.26792 0.084008 
0.26825 0.083835 
0.26858 0.083659 
0.26891 0.083496 
0.26924 0.083318 
0.26957 0.083144 
0.26990 0.082970 
0.27023 0.082806 
0.27056 0.082631 
0.27090 0.082465 
0.27123 0.082282 
0.27156 0.082112 
0.27189 0.081945 
0.27222 0.081769 
0.27255 0.081624 
0.27288 0.081462 
0.27321 0.081311 
0.27354 0.081141 
0.27387 0.080983 
0.27420 0.080814 
0.27453 0.080643 
0.27486 0.080484 
0.27519 0.080320 
0.27552 0.080153 
0.27585 0.079995 
0.27618 0.079838 
0.27651 0.079691 
0.27684 0.079537 
0.27717 0.079373 
0.27750 0.079216 
0.27783 0.079044 
0.27816 0.078890 
0.27849 0.078731 
0.27882 0.078567 
0.27915 0.078395 
0.27948 0.078246 
0.27981 0.078092 
0.28015 0.077942 
0.28048 0.077797 
0.28081 0.077644 
0.28114 0.077503 
0.28147 0.077354 
0.28180 0.077198 
0.28213 0.077034 
0.28246 0.076878 
0.28279 0.076726 
0.28312 0.076582 
0.28345 0.076433 
0.28378 0.076291 
0.28411 0.076143 
0.28444 0.076001 
0.28477 0.075857 
0.28510 0.075695 
0.28543 0.075555 
0.28576 0.075404 
0.28609 0.075246 
0.28642 0.075094 
0.28675 0.074958 
0.28708 0.074807 
0.28741 0.074658 
0.28774 0.074508 
0.28807 0.074356 
0.28840 0.074214 
0.28873 0.074057 
0.28907 0.073917 
0.28940 0.073769 
0.28973 0.073632 
0.29006 0.073483 
0.29039 0.073339 
0.29072 0.073208 
0.29105 0.073063 
0.29138 0.072915 
0.29171 0.072788 
0.29204 0.072644 
0.29237 0.072511 
0.29270 0.072365 
0.29303 0.072217 
0.29336 0.072077 
0.29369 0.071938 
0.29402 0.071799 
0.29435 0.071668 
0.29468 0.071530 
0.29501 0.071397 
0.29534 0.071263 
0.29567 0.071126 
0.29600 0.070985 
0.29633 0.070849 
0.29666 0.070716 
0.29699 0.070581 
0.29732 0.070441 
0.29765 0.070307 
0.29798 0.070173 
0.29832 0.070047 
0.29865 0.069912 
0.29898 0.069784 
0.29931 0.069647 
0.29964 0.069511 
0.29997 0.069372 
0.30030 0.069242 
0.30063 0.069111 
0.30096 0.068969 
0.30129 0.068844 
0.30162 0.068715 
0.30195 0.068584 
0.30228 0.068460 
0.30261 0.068325 
0.30294 0.068200 
0.30327 0.068063 
0.30360 0.067946 
0.30393 0.067808 
0.30426 0.067684 
0.30459 0.067556 
0.30492 0.067438 
0.30525 0.067311 
0.30558 0.067184 
0.30591 0.067055 
0.30624 0.066938 
0.30657 0.066810 
0.30690 0.066690 
0.30723 0.066569 
0.30757 0.066447 
0.30790 0.066323 
0.30823 0.066202 
0.30856 0.066083 
0.30889 0.065955 
0.30922 0.065844 
0.30955 0.065719 
0.30988 0.065602 
0.31021 0.065490 
0.31054 0.065373 
0.31087 0.065250 
0.31120 0.065141 
0.31153 0.065027 
0.31186 0.064910 
0.31219 0.064795 
0.31252 0.064676 
0.31285 0.064546 
0.31318 0.064443 
0.31351 0.064325 
0.31384 0.064203 
0.31417 0.064083 
0.31450 0.063975 
0.31483 0.063865 
0.31516 0.063749 
0.31549 0.063631 
0.31582 0.063515 
0.31615 0.063398 
0.31648 0.063278 
0.31682 0.063159 
0.31715 0.063047 
0.31748 0.062936 
0.31781 0.062820 
0.31814 0.062720 
0.31847 0.062611 
0.31880 0.062497 
0.31913 0.062395 
0.31946 0.062285 
0.31979 0.062176 
0.32012 0.062073 
0.32045 0.061975 
0.32078 0.061866 
0.32111 0.061758 
0.32144 0.061648 
0.32177 0.061547 
0.32210 0.061431 
0.32243 0.061328 
0.32276 0.061217 
0.32309 0.061113 
0.32342 0.061005 
0.32375 0.060899 
0.32408 0.060788 
0.32441 0.060682 
0.32474 0.060582 
0.32507 0.060473 
0.32540 0.060359 
0.32574 0.060246 
0.32607 0.060143 
0.32640 0.060036 
0.32673 0.059933 
0.32706 0.059826 
0.32739 0.059723 
0.32772 0.059613 
0.32805 0.059511 
0.32838 0.059416 
0.32871 0.059305 
0.32904 0.059206 
0.32937 0.059105 
0.32970 0.059003 
0.33003 0.058905 
0.33036 0.058809 
0.33069 0.058701 
0.33102 0.058600 
0.33135 0.058499 
0.33168 0.058395 
0.33201 0.058292 
0.33234 0.058204 
0.33267 0.058102 
0.33300 0.058005 
0.33333 0.057900 
0.33366 0.057803 
0.33399 0.057704 
0.33432 0.057611 
0.33465 0.057511 
0.33499 0.057409 
0.33532 0.057308 
0.33565 0.057215 
0.33598 0.057120 
0.33631 0.057029 
0.33664 0.056926 
0.33697 0.056824 
0.33730 0.056724 
0.33763 0.056635 
0.33796 0.056539 
0.33829 0.056446 
0.33862 0.056351 
0.33895 0.056260 
0.33928 0.056166 
0.33961 0.056060 
0.33994 0.055966 
0.34027 0.055879 
0.34060 0.055789 
0.34093 0.055690 
0.34126 0.055601 
0.34159 0.055507 
0.34192 0.055413 
0.34225 0.055321 
0.34258 0.055227 
0.34291 0.055130 
0.34324 0.055046 
0.34357 0.054962 
0.34390 0.054868 
0.34424 0.054773 
0.34457 0.054678 
0.34490 0.054595 
0.34523 0.054503 
0.34556 0.054417 
0.34589 0.054328 
0.34622 0.054241 
0.34655 0.054146 
0.34688 0.054054 
0.34721 0.053968 
0.34754 0.053874 
0.34787 0.053784 
0.34820 0.053702 
0.34853 0.053617 
0.34886 0.053528 
0.34919 0.053439 
0.34952 0.053352 
0.34985 0.053273 
0.35018 0.053188 
0.35051 0.053100 
0.35084 0.053011 
0.35117 0.052924 
0.35150 0.052842 
0.35183 0.052764 
0.35216 0.052679 
0.35249 0.052591 
0.35282 0.052512 
0.35315 0.052427 
0.35349 0.052340 
0.35382 0.052261 
0.35415 0.052183 
0.35448 0.052091 
0.35481 0.052013 
0.35514 0.051930 
0.35547 0.051844 
0.35580 0.051760 
0.35613 0.051683 
0.35646 0.051601 
0.35679 0.051519 
0.35712 0.051430 
0.35745 0.051352 
0.35778 0.051271 
0.35811 0.051189 
0.35844 0.051108 
0.35877 0.051027 
0.35910 0.050940 
0.35943 0.050858 
0.35976 0.050773 
0.36009 0.050695 
0.36042 0.050613 
0.36075 0.050537 
0.36108 0.050459 
0.36141 0.050375 
0.36174 0.050295 
0.36207 0.050220 
0.36241 0.050145 
0.36274 0.050067 
0.36307 0.049989 
0.36340 0.049913 
0.36373 0.049839 
0.36406 0.049757 
0.36439 0.049680 
0.36472 0.049600 
0.36505 0.049523 
0.36538 0.049451 
0.36571 0.049378 
0.36604 0.049297 
0.36637 0.049223 
0.36670 0.049144 
0.36703 0.049064 
0.36736 0.048993 
0.36769 0.048920 
0.36802 0.048851 
0.36835 0.048773 
0.36868 0.048694 
0.36901 0.048612 
0.36934 0.048538 
0.36967 0.048460 
0.37000 0.048388 
0.37033 0.048319 
0.37066 0.048248 
0.37099 0.048171 
0.37132 0.048098 
0.37166 0.048028 
0.37199 0.047957 
0.37232 0.047882 
0.37265 0.047811 
0.37298 0.047742 
0.37331 0.047670 
0.37364 0.047592 
0.37397 0.047517 
0.37430 0.047444 
0.37463 0.047368 
0.37496 0.047291 
0.37529 0.047223 
0.37562 0.047148 
0.37595 0.047079 
0.37628 0.047007 
0.37661 0.046939 
0.37694 0.046869 
0.37727 0.046804 
0.37760 0.046728 
0.37793 0.046663 
0.37826 0.046594 
0.37859 0.046529 
0.37892 0.046462 
0.37925 0.046396 
0.37958 0.046326 
0.37991 0.046251 
0.38024 0.046184 
0.38057 0.046112 
0.38091 0.046048 
0.38124 0.045979 
0.38157 0.045911 
0.38190 0.045846 
0.38223 0.045778 
0.38256 0.045710 
0.38289 0.045644 
0.38322 0.045579 
0.38355 0.045509 
0.38388 0.045441 
0.38421 0.045376 
0.38454 0.045312 
0.38487 0.045246 
0.38520 0.045178 
0.38553 0.045111 
0.38586 0.045050 
0.38619 0.044986 
0.38652 0.044921 
0.38685 0.044855 
0.38718 0.044790 
0.38751 0.044728 
0.38784 0.044662 
0.38817 0.044605 
0.38850 0.044540 
0.38883 0.044473 
0.38916 0.044408 
0.38949 0.044346 
0.38982 0.044286 
0.39016 0.044224 
0.39049 0.044157 
0.39082 0.044089 
0.39115 0.044025 
0.39148 0.043960 
0.39181 0.043896 
0.39214 0.043831 
0.39247 0.043764 
0.39280 0.043704 
0.39313 0.043642 
0.39346 0.043576 
0.39379 0.043510 
0.39412 0.043447 
0.39445 0.043383 
0.39478 0.043320 
0.39511 0.043260 
0.39544 0.043196 
0.39577 0.043130 
0.39610 0.043069 
0.39643 0.043007 
0.39676 0.042943 
0.39709 0.042882 
0.39742 0.042824 
0.39775 0.042756 
0.39808 0.042694 
0.39841 0.042632 
0.39874 0.042572 
0.39907 0.042514 
0.39941 0.042452 
0.39974 0.042390 
0.40007 0.042330 
0.40040 0.042271 
0.40073 0.042213 
0.40106 0.042150 
0.40139 0.042089 
0.40172 0.042025 
0.40205 0.041967 
0.40238 0.041913 
0.40271 0.041855 
0.40304 0.041800 
0.40337 0.041740 
0.40370 0.041679 
0.40403 0.041619 
0.40436 0.041562 
0.40469 0.041505 
0.40502 0.041445 
0.40535 0.041387 
0.40568 0.041325 
0.40601 0.041267 
0.40634 0.041211 
0.40667 0.041154 
0.40700 0.041095 
0.40733 0.041039 
0.40766 0.040983 
0.40799 0.040927 
0.40833 0.040870 
0.40866 0.040813 
0.40899 0.040757 
0.40932 0.040701 
0.40965 0.040642 
0.40998 0.040588 
0.41031 0.040529 
0.41064 0.040471 
0.41097 0.040414 
0.41130 0.040360 
0.41163 0.040304 
0.41196 0.040248 
0.41229 0.040193 
0.41262 0.040137 
0.41295 0.040082 
0.41328 0.040026 
0.41361 0.039969 
0.41394 0.039911 
0.41427 0.039857 
0.41460 0.039804 
0.41493 0.039745 
0.41526 0.039692 
0.41559 0.039639 
0.41592 0.039585 
0.41625 0.039534 
0.41658 0.039476 
0.41691 0.039421 
0.41724 0.039366 
0.41758 0.039313 
0.41791 0.039262 
0.41824 0.039208 
0.41857 0.039154 
0.41890 0.039100 
0.41923 0.039047 
0.41956 0.038994 
0.41989 0.038941 
0.42022 0.038888 
0.42055 0.038835 
0.42088 0.038782 
0.42121 0.038729 
0.42154 0.038677 
0.42187 0.038626 
0.42220 0.038571 
0.42253 0.038520 
0.42286 0.038470 
0.42319 0.038422 
0.42352 0.038368 
0.42385 0.038319 
0.42418 0.038268 
0.42451 0.038216 
0.42484 0.038163 
0.42517 0.038114 
0.42550 0.038063 
0.42583 0.038009 
0.42616 0.037959 
0.42649 0.037908 
0.42683 0.037856 
0.42716 0.037807 
0.42749 0.037755 
0.42782 0.037705 
0.42815 0.037658 
0.42848 0.037607 
0.42881 0.037559 
0.42914 0.037511 
0.42947 0.037466 
0.42980 0.037413 
0.43013 0.037365 
0.43046 0.037316 
0.43079 0.037267 
0.43112 0.037214 
0.43145 0.037167 
0.43178 0.037117 
0.43211 0.037070 
0.43244 0.037022 
0.43277 0.036976 
0.43310 0.036925 
0.43343 0.036880 
0.43376 0.036830 
0.43409 0.036784 
0.43442 0.036736 
0.43475 0.036688 
0.43508 0.036641 
0.43541 0.036595 
0.43574 0.036549 
0.43608 0.036504 
0.43641 0.036459 
0.43674 0.036409 
0.43707 0.036366 
0.43740 0.036314 
0.43773 0.036266 
0.43806 0.036217 
0.43839 0.036171 
0.43872 0.036125 
0.43905 0.036079 
0.43938 0.036034 
0.43971 0.035987 
0.44004 0.035942 
0.44037 0.035893 
0.44070 0.035848 
0.44103 0.035801 
0.44136 0.035752 
0.44169 0.035709 
0.44202 0.035664 
0.44235 0.035622 
0.44268 0.035577 
0.44301 0.035529 
0.44334 0.035483 
0.44367 0.035437 
0.44400 0.035392 
0.44433 0.035343 
0.44466 0.035299 
0.44500 0.035254 
0.44533 0.035205 
0.44566 0.035156 
0.44599 0.035113 
0.44632 0.035069 
0.44665 0.035022 
0.44698 0.034979 
0.44731 0.034936 
0.44764 0.034897 
0.44797 0.034853 
0.44830 0.034811 
0.44863 0.034769 
0.44896 0.034727 
0.44929 0.034681 
0.44962 0.034635 
0.44995 0.034588 
0.45028 0.034544 
0.45061 0.034501 
0.45094 0.034457 
0.45127 0.034413 
0.45160 0.034369 
0.45193 0.034322 
0.45226 0.034280 
0.45259 0.034237 
0.45292 0.034192 
0.45325 0.034150 
0.45358 0.034105 
0.45391 0.034060 
0.45425 0.034017 
0.45458 0.033974 
0.45491 0.033926 
0.45524 0.033883 
0.45557 0.033841 
0.45590 0.033800 
0.45623 0.033757 
0.45656 0.033713 
0.45689 0.033670 
0.45722 0.033631 
0.45755 0.033593 
0.45788 0.033548 
0.45821 0.033507 
0.45854 0.033467 
0.45887 0.033428 
0.45920 0.033388 
0.45953 0.033347 
0.45986 0.033305 
0.46019 0.033263 
0.46052 0.033223 
0.46085 0.033184 
0.46118 0.033144 
0.46151 0.033105 
0.46184 0.033064 
0.46217 0.033026 
0.46250 0.032984 
0.46283 0.032946 
0.46316 0.032906 
0.46350 0.032867 
0.46383 0.032827 
0.46416 0.032784 
0.46449 0.032746 
0.46482 0.032706 
0.46515 0.032664 
0.46548 0.032623 
0.46581 0.032582 
0.46614 0.032541 
0.46647 0.032502 
0.46680 0.032461 
0.46713 0.032421 
0.46746 0.032378 
0.46779 0.032339 
0.46812 0.032296 
0.46845 0.032256 
0.46878 0.032216 
0.46911 0.032176 
0.46944 0.032138 
0.46977 0.032098 
0.47010 0.032059 
0.47043 0.032017 
0.47076 0.031975 
0.47109 0.031938 
0.47142 0.031899 
0.47175 0.031861 
0.47208 0.031821 
0.47241 0.031782 
0.47275 0.031746 
0.47308 0.031706 
0.47341 0.031668 
0.47374 0.031628 
0.47407 0.031591 
0.47440 0.031554 
0.47473 0.031519 
0.47506 0.031483 
0.47539 0.031445 
0.47572 0.031409 
0.47605 0.031372 
0.47638 0.031332 
0.47671 0.031297 
0.47704 0.031258 
0.47737 0.031219 
0.47770 0.031181 
0.47803 0.031147 
0.47836 0.031111 
0.47869 0.031074 
0.47902 0.031036 
0.47935 0.031000 
0.47968 0.030964 
0.48001 0.030930 
0.48034 0.030894 
0.48067 0.030858 
0.48100 0.030822 
0.48133 0.030787 
0.48167 0.030752 
0.48200 0.030713 
0.48233 0.030677 
0.48266 0.030640 
0.48299 0.030604 
0.48332 0.030570 
0.48365 0.030536 
0.48398 0.030500 
0.48431 0.030464 
0.48464 0.030430 
0.48497 0.030394 
0.48530 0.030358 
0.48563 0.030322 
0.48596 0.030288 
0.48629 0.030252 
0.48662 0.030218 
0.48695 0.030181 
0.48728 0.030147 
0.48761 0.030112 
0.48794 0.030078 
0.48827 0.030047 
0.48860 0.030012 
0.48893 0.029975 
0.48926 0.029938 
0.48959 0.029904 
0.48992 0.029869 
0.49025 0.029831 
0.49058 0.029797 
0.49092 0.029762 
0.49125 0.029728 
0.49158 0.029693 
0.49191 0.029659 
0.49224 0.029626 
0.49257 0.029589 
0.49290 0.029556 
0.49323 0.029520 
0.49356 0.029487 
0.49389 0.029455 
0.49422 0.029419 
0.49455 0.029385 
0.49488 0.029351 
0.49521 0.029317 
0.49554 0.029283 
0.49587 0.029249 
0.49620 0.029216 
0.49653 0.029181 
0.49686 0.029150 
0.49719 0.029119 
0.49752 0.029084 
0.49785 0.029053 
0.49818 0.029020 
0.49851 0.028985 
0.49884 0.028951 
0.49917 0.028917 
0.49950 0.028885 
0.49983 0.028850 
0.50017 0.028818 
0.50050 0.028785 
0.50083 0.028753 
0.50116 0.028721 
0.50149 0.028690 
0.50182 0.028657 
0.50215 0.028623 
0.50248 0.028590 
0.50281 0.028556 
0.50314 0.028524 
0.50347 0.028492 
0.50380 0.028462 
0.50413 0.028431 
0.50446 0.028399 
0.50479 0.028369 
0.50512 0.028338 
0.50545 0.028308 
0.50578 0.028275 
0.50611 0.028246 
0.50644 0.028215 
0.50677 0.028184 
0.50710 0.028153 
0.50743 0.028123 
0.50776 0.028093 
0.50809 0.028064 
0.50842 0.028030 
0.50875 0.027998 
0.50908 0.027966 
0.50942 0.027933 
0.50975 0.027904 
0.51008 0.027870 
0.51041 0.027839 
0.51074 0.027810 
0.51107 0.027779 
0.51140 0.027749 
0.51173 0.027720 
0.51206 0.027689 
0.51239 0.027657 
0.51272 0.027628 
0.51305 0.027595 
0.51338 0.027566 
0.51371 0.027535 
0.51404 0.027506 
0.51437 0.027475 
0.51470 0.027447 
0.51503 0.027417 
0.51536 0.027388 
0.51569 0.027359 
0.51602 0.027327 
0.51635 0.027298 
0.51668 0.027268 
0.51701 0.027238 
0.51734 0.027209 
0.51767 0.027180 
0.51800 0.027151 
0.51833 0.027121 
0.51867 0.027093 
0.51900 0.027063 
0.51933 0.027033 
0.51966 0.027005 
0.51999 0.026977 
0.52032 0.026949 
0.52065 0.026917 
0.52098 0.026890 
0.52131 0.026861 
0.52164 0.026831 
0.52197 0.026804 
0.52230 0.026774 
0.52263 0.026745 
0.52296 0.026716 
0.52329 0.026688 
0.52362 0.026658 
0.52395 0.026627 
0.52428 0.026601 
0.52461 0.026571 
0.52494 0.026542 
0.52527 0.026513 
0.52560 0.026484 
0.52593 0.026457 
0.52626 0.026428 
0.52659 0.026397 
0.52692 0.026369 
0.52725 0.026339 
0.52759 0.026313 
0.52792 0.026283 
0.52825 0.026255 
0.52858 0.026225 
0.52891 0.026199 
0.52924 0.026169 
0.52957 0.026141 
0.52990 0.026114 
0.53023 0.026085 
0.53056 0.026057 
0.53089 0.026028 
0.53122 0.025999 
0.53155 0.025972 
0.53188 0.025946 
0.53221 0.025920 
0.53254 0.025892 
0.53287 0.025866 
0.53320 0.025838 
0.53353 0.025811 
0.53386 0.025784 
0.53419 0.025757 
0.53452 0.025729 
0.53485 0.025701 
0.53518 0.025676 
0.53551 0.025649 
0.53584 0.025621 
0.53617 0.025592 
0.53650 0.025564 
0.53684 0.025538 
0.53717 0.025512 
0.53750 0.025485 
0.53783 0.025456 
0.53816 0.025430 
0.53849 0.025402 
0.53882 0.025375 
0.53915 0.025347 
0.53948 0.025321 
0.53981 0.025295 
0.54014 0.025268 
0.54047 0.025242 
0.54080 0.025216 
0.54113 0.025190 
0.54146 0.025165 
0.54179 0.025139 
0.54212 0.025113 
0.54245 0.025086 
0.54278 0.025061 
0.54311 0.025036 
0.54344 0.025011 
0.54377 0.024985 
0.54410 0.024959 
0.54443 0.024933 
0.54476 0.024906 
0.54509 0.024879 
0.54542 0.024854 
0.54575 0.024828 
0.54609 0.024801 
0.54642 0.024777 
0.54675 0.024753 
0.54708 0.024727 
0.54741 0.024701 
0.54774 0.024675 
0.54807 0.024649 
0.54840 0.024623 
0.54873 0.024598 
0.54906 0.024569 
0.54939 0.024544 
0.54972 0.024520 
0.55005 0.024494 
0.55038 0.024467 
0.55071 0.024443 
0.55104 0.024417 
0.55137 0.024392 
0.55170 0.024367 
0.55203 0.024343 
0.55236 0.024316 
0.55269 0.024290 
0.55302 0.024265 
0.55335 0.024238 
0.55368 0.024212 
0.55401 0.024185 
0.55434 0.024160 
0.55467 0.024135 
0.55500 0.024110 
0.55534 0.024085 
0.55567 0.024061 
0.55600 0.024036 
0.55633 0.024010 
0.55666 0.023984 
0.55699 0.023959 
0.55732 0.023935 
0.55765 0.023910 
0.55798 0.023886 
0.55831 0.023863 
0.55864 0.023837 
0.55897 0.023813 
0.55930 0.023791 
0.55963 0.023765 
0.55996 0.023743 
0.56029 0.023720 
0.56062 0.023694 
0.56095 0.023671 
0.56128 0.023647 
0.56161 0.023622 
0.56194 0.023601 
0.56227 0.023576 
0.56260 0.023552 
0.56293 0.023529 
0.56326 0.023508 
0.56359 0.023484 
0.56392 0.023460 
0.56426 0.023438 
0.56459 0.023414 
0.56492 0.023390 
0.56525 0.023368 
0.56558 0.023344 
0.56591 0.023322 
0.56624 0.023300 
0.56657 0.023277 
0.56690 0.023252 
0.56723 0.023229 
0.56756 0.023204 
0.56789 0.023181 
0.56822 0.023158 
0.56855 0.023136 
0.56888 0.023114 
0.56921 0.023089 
0.56954 0.023067 
0.56987 0.023045 
0.57020 0.023022 
0.57053 0.022999 
0.57086 0.022976 
0.57119 0.022952 
0.57152 0.022928 
0.57185 0.022906 
0.57218 0.022883 
0.57251 0.022860 
0.57284 0.022837 
0.57317 0.022814 
0.57351 0.022792 
0.57384 0.022770 
0.57417 0.022747 
0.57450 0.022724 
0.57483 0.022702 
0.57516 0.022680 
0.57549 0.022657 
0.57582 0.022633 
0.57615 0.022611 
0.57648 0.022589 
0.57681 0.022567 
0.57714 0.022544 
0.57747 0.022520 
0.57780 0.022498 
0.57813 0.022475 
0.57846 0.022452 
0.57879 0.022429 
0.57912 0.022408 
0.57945 0.022385 
0.57978 0.022364 
0.58011 0.022343 
0.58044 0.022321 
0.58077 0.022301 
0.58110 0.022278 
0.58143 0.022255 
0.58176 0.022234 
0.58209 0.022210 
0.58242 0.022187 
0.58276 0.022166 
0.58309 0.022146 
0.58342 0.022124 
0.58375 0.022103 
0.58408 0.022082 
0.58441 0.022061 
0.58474 0.022039 
0.58507 0.022014 
0.58540 0.021993 
0.58573 0.021971 
0.58606 0.021949 
0.58639 0.021929 
0.58672 0.021908 
0.58705 0.021886 
0.58738 0.021865 
0.58771 0.021843 
0.58804 0.021823 
0.58837 0.021802 
0.58870 0.021779 
0.58903 0.021759 
0.58936 0.021739 
0.58969 0.021719 
0.59002 0.021698 
0.59035 0.021678 
0.59068 0.021657 
0.59101 0.021637 
0.59134 0.021616 
0.59167 0.021593 
0.59201 0.021572 
0.59234 0.021551 
0.59267 0.021531 
0.59300 0.021512 
0.59333 0.021491 
0.59366 0.021472 
0.59399 0.021451 
0.59432 0.021430 
0.59465 0.021410 
0.59498 0.021389 
0.59531 0.021369 
0.59564 0.021348 
0.59597 0.021327 
0.59630 0.021307 
0.59663 0.021287 
0.59696 0.021267 
0.59729 0.021247 
0.59762 0.021227 
0.59795 0.021208 
0.59828 0.021189 
0.59861 0.021169 
0.59894 0.021150 
0.59927 0.021130 
0.59960 0.021110 
0.59993 0.021090 
0.60026 0.021070 
0.60059 0.021049 
0.60093 0.021030 
0.60126 0.021010 
0.60159 0.020990 
0.60192 0.020968 
0.60225 0.020949 
0.60258 0.020931 
0.60291 0.020910 
0.60324 0.020892 
0.60357 0.020872 
0.60390 0.020853 
0.60423 0.020834 
0.60456 0.020815 
0.60489 0.020795 
0.60522 0.020775 
0.60555 0.020755 
0.60588 0.020736 
0.60621 0.020716 
0.60654 0.020697 
0.60687 0.020676 
0.60720 0.020656 
0.60753 0.020636 
0.60786 0.020618 
0.60819 0.020598 
0.60852 0.020580 
0.60885 0.020561 
0.60918 0.020540 
0.60951 0.020521 
0.60984 0.020502 
0.61018 0.020484 
0.61051 0.020466 
0.61084 0.020447 
0.61117 0.020427 
0.61150 0.020406 
0.61183 0.020388 
0.61216 0.020369 
0.61249 0.020348 
0.61282 0.020328 
0.61315 0.020309 
0.61348 0.020291 
0.61381 0.020271 
0.61414 0.020252 
0.61447 0.020234 
0.61480 0.020213 
0.61513 0.020195 
0.61546 0.020176 
0.61579 0.020156 
0.61612 0.020138 
0.61645 0.020120 
0.61678 0.020101 
0.61711 0.020084 
0.61744 0.020066 
0.61777 0.020047 
0.61810 0.020030 
0.61843 0.020012 
0.61876 0.019994 
0.61909 0.019976 
0.61943 0.019958 
0.61976 0.019939 
0.62009 0.019921 
0.62042 0.019903 
0.62075 0.019886 
0.62108 0.019867 
0.62141 0.019848 
0.62174 0.019830 
0.62207 0.019812 
0.62240 0.019794 
0.62273 0.019777 
0.62306 0.019759 
0.62339 0.019741 
0.62372 0.019723 
0.62405 0.019706 
0.62438 0.019687 
0.62471 0.019669 
0.62504 0.019651 
0.62537 0.019633 
0.62570 0.019615 
0.62603 0.019598 
0.62636 0.019581 
0.62669 0.019563 
0.62702 0.019545 
0.62735 0.019528 
0.62768 0.019510 
0.62801 0.019493 
0.62834 0.019476 
0.62868 0.019457 
0.62901 0.019440 
0.62934 0.019422 
0.62967 0.019405 
0.63000 0.019386 
0.63033 0.019369 
0.63066 0.019351 
0.63099 0.019335 
0.63132 0.019318 
0.63165 0.019301 
0.63198 0.019283 
0.63231 0.019265 
0.63264 0.019248 
0.63297 0.019232 
0.63330 0.019216 
0.63363 0.019198 
0.63396 0.019181 
0.63429 0.019164 
0.63462 0.019146 
0.63495 0.019130 
0.63528 0.019112 
0.63561 0.019095 
0.63594 0.019078 
0.63627 0.019061 
0.63660 0.019043 
0.63693 0.019025 
0.63726 0.019008 
0.63759 0.018991 
0.63793 0.018972 
0.63826 0.018955 
0.63859 0.018939 
0.63892 0.018922 
0.63925 0.018905 
0.63958 0.018889 
0.63991 0.018872 
0.64024 0.018855 
0.64057 0.018837 
0.64090 0.018821 
0.64123 0.018804 
0.64156 0.018787 
0.64189 0.018770 
0.64222 0.018755 
0.64255 0.018739 
0.64288 0.018721 
0.64321 0.018705 
0.64354 0.018688 
0.64387 0.018672 
0.64420 0.018655 
0.64453 0.018638 
0.64486 0.018622 
0.64519 0.018606 
0.64552 0.018589 
0.64585 0.018572 
0.64618 0.018556 
0.64651 0.018540 
0.64685 0.018522 
0.64718 0.018506 
0.64751 0.018489 
0.64784 0.018471 
0.64817 0.018454 
0.64850 0.018438 
0.64883 0.018422 
0.64916 0.018406 
0.64949 0.018390 
0.64982 0.018374 
0.65015 0.018359 
0.65048 0.018342 
0.65081 0.018326 
0.65114 0.018310 
0.65147 0.018294 
0.65180 0.018278 
0.65213 0.018262 
0.65246 0.018246 
0.65279 0.018229 
0.65312 0.018214 
0.65345 0.018197 
0.65378 0.018182 
0.65411 0.018167 
0.65444 0.018150 
0.65477 0.018132 
0.65510 0.018117 
0.65543 0.018100 
0.65576 0.018085 
0.65610 0.018068 
0.65643 0.018052 
0.65676 0.018035 
0.65709 0.018020 
0.65742 0.018004 
0.65775 0.017989 
0.65808 0.017973 
0.65841 0.017958 
0.65874 0.017942 
0.65907 0.017927 
0.65940 0.017911 
0.65973 0.017895 
0.66006 0.017880 
0.66039 0.017864 
0.66072 0.017848 
0.66105 0.017833 
0.66138 0.017818 
0.66171 0.017802 
0.66204 0.017786 
0.66237 0.017769 
0.66270 0.017754 
0.66303 0.017739 
0.66336 0.017724 
0.66369 0.017711 
0.66402 0.017694 
0.66435 0.017678 
0.66468 0.017663 
0.66501 0.017649 
0.66535 0.017633 
0.66568 0.017618 
0.66601 0.017604 
0.66634 0.017589 
0.66667 0.017574 
0.66700 0.017560 
0.66733 0.017544 
0.66766 0.017530 
0.66799 0.017514 
0.66832 0.017500 
0.66865 0.017484 
0.66898 0.017469 
0.66931 0.017455 
0.66964 0.017440 
0.66997 0.017426 
0.67030 0.017409 
0.67063 0.017395 
0.67096 0.017379 
0.67129 0.017365 
0.67162 0.017351 
0.67195 0.017337 
0.67228 0.017322 
0.67261 0.017309 
0.67294 0.017294 
0.67327 0.017279 
0.67360 0.017265 
0.67393 0.017249 
0.67426 0.017234 
0.67460 0.017218 
0.67493 0.017205 
0.67526 0.017190 
0.67559 0.017176 
0.67592 0.017161 
0.67625 0.017147 
0.67658 0.017132 
0.67691 0.017119 
0.67724 0.017103 
0.67757 0.017089 
0.67790 0.017075 
0.67823 0.017061 
0.67856 0.017046 
0.67889 0.017033 
0.67922 0.017018 
0.67955 0.017004 
0.67988 0.016990 
0.68021 0.016975 
0.68054 0.016961 
0.68087 0.016948 
0.68120 0.016934 
0.68153 0.016920 
0.68186 0.016905 
0.68219 0.016891 
0.68252 0.016876 
0.68285 0.016863 
0.68318 0.016849 
0.68352 0.016835 
0.68385 0.016821 
0.68418 0.016807 
0.68451 0.016793 
0.68484 0.016779 
0.68517 0.016765 
0.68550 0.016751 
0.68583 0.016737 
0.68616 0.016722 
0.68649 0.016709 
0.68682 0.016695 
0.68715 0.016681 
0.68748 0.016668 
0.68781 0.016654 
0.68814 0.016641 
0.68847 0.016627 
0.68880 0.016612 
0.68913 0.016599 
0.68946 0.016584 
0.68979 0.016570 
0.69012 0.016556 
0.69045 0.016542 
0.69078 0.016528 
0.69111 0.016514 
0.69144 0.016500 
0.69177 0.016486 
0.69210 0.016473 
0.69243 0.016459 
0.69277 0.016445 
0.69310 0.016432 
0.69343 0.016418 
0.69376 0.016404 
0.69409 0.016391 
0.69442 0.016378 
0.69475 0.016364 
0.69508 0.016350 
0.69541 0.016335 
0.69574 0.016322 
0.69607 0.016308 
0.69640 0.016295 
0.69673 0.016282 
0.69706 0.016268 
0.69739 0.016256 
0.69772 0.016242 
0.69805 0.016230 
0.69838 0.016216 
0.69871 0.016203 
0.69904 0.016189 
0.69937 0.016176 
0.69970 0.016162 
0.70003 0.016149 
0.70036 0.016136 
0.70069 0.016122 
0.70102 0.016108 
0.70135 0.016095 
0.70168 0.016082 
0.70202 0.016070 
0.70235 0.016057 
0.70268 0.016043 
0.70301 0.016030 
0.70334 0.016017 
0.70367 0.016003 
0.70400 0.015991 
0.70433 0.015978 
0.70466 0.015965 
0.70499 0.015952 
0.70532 0.015940 
0.70565 0.015926 
0.70598 0.015913 
0.70631 0.015900 
0.70664 0.015887 
0.70697 0.015874 
0.70730 0.015862 
0.70763 0.015849 
0.70796 0.015837 
0.70829 0.015824 
0.70862 0.015811 
0.70895 0.015799 
0.70928 0.015786 
0.70961 0.015773 
0.70994 0.015760 
0.71027 0.015747 
0.71060 0.015734 
0.71093 0.015721 
0.71127 0.015707 
0.71160 0.015695 
0.71193 0.015682 
0.71226 0.015669 
0.71259 0.015656 
0.71292 0.015644 
0.71325 0.015631 
0.71358 0.015618 
0.71391 0.015606 
0.71424 0.015592 
0.71457 0.015580 
0.71490 0.015568 
0.71523 0.015555 
0.71556 0.015543 
0.71589 0.015531 
0.71622 0.015518 
0.71655 0.015506 
0.71688 0.015493 
0.71721 0.015481 
0.71754 0.015469 
0.71787 0.015456 
0.71820 0.015444 
0.71853 0.015431 
0.71886 0.015418 
0.71919 0.015406 
0.71952 0.015393 
0.71985 0.015381 
0.72019 0.015369 
0.72052 0.015357 
0.72085 0.015345 
0.72118 0.015333 
0.72151 0.015321 
0.72184 0.015309 
0.72217 0.015297 
0.72250 0.015283 
0.72283 0.015271 
0.72316 0.015259 
0.72349 0.015246 
0.72382 0.015235 
0.72415 0.015223 
0.72448 0.015211 
0.72481 0.015199 
0.72514 0.015187 
0.72547 0.015175 
0.72580 0.015163 
0.72613 0.015152 
0.72646 0.015141 
0.72679 0.015129 
0.72712 0.015117 
0.72745 0.015105 
0.72778 0.015093 
0.72811 0.015082 
0.72844 0.015070 
0.72877 0.015058 
0.72910 0.015046 
0.72944 0.015035 
0.72977 0.015023 
0.73010 0.015011 
0.73043 0.014998 
0.73076 0.014986 
0.73109 0.014974 
0.73142 0.014963 
0.73175 0.014951 
0.73208 0.014939 
0.73241 0.014927 
0.73274 0.014914 
0.73307 0.014902 
0.73340 0.014890 
0.73373 0.014878 
0.73406 0.014867 
0.73439 0.014855 
0.73472 0.014843 
0.73505 0.014831 
0.73538 0.014820 
0.73571 0.014808 
0.73604 0.014796 
0.73637 0.014785 
0.73670 0.014773 
0.73703 0.014761 
0.73736 0.014749 
0.73769 0.014737 
0.73802 0.014726 
0.73835 0.014715 
0.73869 0.014703 
0.73902 0.014691 
0.73935 0.014679 
0.73968 0.014668 
0.74001 0.014656 
0.74034 0.014644 
0.74067 0.014633 
0.74100 0.014622 
0.74133 0.014610 
0.74166 0.014599 
0.74199 0.014587 
0.74232 0.014576 
0.74265 0.014564 
0.74298 0.014553 
0.74331 0.014542 
0.74364 0.014531 
0.74397 0.014519 
0.74430 0.014507 
0.74463 0.014496 
0.74496 0.014484 
0.74529 0.014472 
0.74562 0.014460 
0.74595 0.014449 
0.74628 0.014438 
0.74661 0.014427 
0.74694 0.014416 
0.74727 0.014405 
0.74760 0.014394 
0.74794 0.014383 
0.74827 0.014372 
0.74860 0.014360 
0.74893 0.014350 
0.74926 0.014339 
0.74959 0.014328 
0.74992 0.014317 
0.75025 0.014306 
0.75058 0.014295 
0.75091 0.014284 
0.75124 0.014273 
0.75157 0.014262 
0.75190 0.014251 
0.75223 0.014240 
0.75256 0.014229 
0.75289 0.014218 
0.75322 0.014208 
0.75355 0.014197 
0.75388 0.014186 
0.75421 0.014175 
0.75454 0.014164 
0.75487 0.014153 
0.75520 0.014142 
0.75553 0.014131 
0.75586 0.014120 
0.75619 0.014109 
0.75652 0.014097 
0.75685 0.014087 
0.75719 0.014076 
0.75752 0.014065 
0.75785 0.014054 
0.75818 0.014043 
0.75851 0.014033 
0.75884 0.014021 
0.75917 0.014011 
0.75950 0.014000 
0.75983 0.013989 
0.76016 0.013979 
0.76049 0.013968 
0.76082 0.013958 
0.76115 0.013948 
0.76148 0.013936 
0.76181 0.013925 
0.76214 0.013915 
0.76247 0.013905 
0.76280 0.013894 
0.76313 0.013884 
0.76346 0.013874 
0.76379 0.013863 
0.76412 0.013852 
0.76445 0.013842 
0.76478 0.013831 
0.76511 0.013820 
0.76544 0.013810 
0.76577 0.013799 
0.76611 0.013789 
0.76644 0.013779 
0.76677 0.013768 
0.76710 0.013758 
0.76743 0.013748 
0.76776 0.013738 
0.76809 0.013728 
0.76842 0.013717 
0.76875 0.013707 
0.76908 0.013697 
0.76941 0.013687 
0.76974 0.013677 
0.77007 0.013666 
0.77040 0.013656 
0.77073 0.013646 
0.77106 0.013635 
0.77139 0.013625 
0.77172 0.013615 
0.77205 0.013605 
0.77238 0.013595 
0.77271 0.013585 
0.77304 0.013575 
0.77337 0.013565 
0.77370 0.013555 
0.77403 0.013545 
0.77436 0.013535 
0.77469 0.013524 
0.77502 0.013514 
0.77536 0.013504 
0.77569 0.013494 
0.77602 0.013484 
0.77635 0.013474 
0.77668 0.013464 
0.77701 0.013454 
0.77734 0.013443 
0.77767 0.013433 
0.77800 0.013423 
0.77833 0.013413 
0.77866 0.013403 
0.77899 0.013393 
0.77932 0.013383 
0.77965 0.013373 
0.77998 0.013363 
0.78031 0.013353 
0.78064 0.013343 
0.78097 0.013333 
0.78130 0.013324 
0.78163 0.013314 
0.78196 0.013304 
0.78229 0.013294 
0.78262 0.013285 
0.78295 0.013275 
0.78328 0.013265 
0.78361 0.013256 
0.78394 0.013246 
0.78427 0.013236 
0.78461 0.013226 
0.78494 0.013216 
0.78527 0.013206 
0.78560 0.013197 
0.78593 0.013187 
0.78626 0.013177 
0.78659 0.013167 
0.78692 0.013158 
0.78725 0.013148 
0.78758 0.013138 
0.78791 0.013129 
0.78824 0.013119 
0.78857 0.013110 
0.78890 0.013100 
0.78923 0.013090 
0.78956 0.013081 
0.78989 0.013071 
0.79022 0.013062 
0.79055 0.013052 
0.79088 0.013042 
0.79121 0.013033 
0.79154 0.013023 
0.79187 0.013014 
0.79220 0.013005 
0.79253 0.012995 
0.79286 0.012986 
0.79319 0.012977 
0.79352 0.012967 
0.79386 0.012957 
0.79419 0.012947 
0.79452 0.012939 
0.79485 0.012929 
0.79518 0.012920 
0.79551 0.012910 
0.79584 0.012900 
0.79617 0.012890 
0.79650 0.012881 
0.79683 0.012872 
0.79716 0.012862 
0.79749 0.012853 
0.79782 0.012843 
0.79815 0.012833 
0.79848 0.012824 
0.79881 0.012814 
0.79914 0.012805 
0.79947 0.012796 
0.79980 0.012787 
0.80013 0.012777 
0.80046 0.012768 
0.80079 0.012759 
0.80112 0.012750 
0.80145 0.012741 
0.80178 0.012732 
0.80211 0.012723 
0.80244 0.012714 
0.80278 0.012705 
0.80311 0.012696 
0.80344 0.012687 
0.80377 0.012678 
0.80410 0.012668 
0.80443 0.012659 
0.80476 0.012650 
0.80509 0.012640 
0.80542 0.012631 
0.80575 0.012622 
0.80608 0.012613 
0.80641 0.012604 
0.80674 0.012594 
0.80707 0.012585 
0.80740 0.012576 
0.80773 0.012566 
0.80806 0.012557 
0.80839 0.012548 
0.80872 0.012539 
0.80905 0.012530 
0.80938 0.012521 
0.80971 0.012512 
0.81004 0.012503 
0.81037 0.012494 
0.81070 0.012485 
0.81103 0.012476 
0.81136 0.012466 
0.81169 0.012457 
0.81203 0.012448 
0.81236 0.012439 
0.81269 0.012430 
0.81302 0.012421 
0.81335 0.012412 
0.81368 0.012403 
0.81401 0.012394 
0.81434 0.012385 
0.81467 0.012376 
0.81500 0.012367 
0.81533 0.012358 
0.81566 0.012349 
0.81599 0.012340 
0.81632 0.012331 
0.81665 0.012322 
0.81698 0.012313 
0.81731 0.012304 
0.81764 0.012295 
0.81797 0.012286 
0.81830 0.012278 
0.81863 0.012269 
0.81896 0.012260 
0.81929 0.012251 
0.81962 0.012242 
0.81995 0.012233 
0.82028 0.012225 
0.82061 0.012216 
0.82094 0.012207 
0.82128 0.012199 
0.82161 0.012189 
0.82194 0.012181 
0.82227 0.012172 
0.82260 0.012163 
0.82293 0.012154 
0.82326 0.012145 
0.82359 0.012137 
0.82392 0.012129 
0.82425 0.012120 
0.82458 0.012111 
0.82491 0.012103 
0.82524 0.012095 
0.82557 0.012086 
0.82590 0.012077 
0.82623 0.012068 
0.82656 0.012060 
0.82689 0.012051 
0.82722 0.012042 
0.82755 0.012034 
0.82788 0.012025 
0.82821 0.012016 
0.82854 0.012008 
0.82887 0.012000 
0.82920 0.011991 
0.82953 0.011983 
0.82986 0.011974 
0.83019 0.011966 
0.83053 0.011958 
0.83086 0.011949 
0.83119 0.011941 
0.83152 0.011932 
0.83185 0.011924 
0.83218 0.011915 
0.83251 0.011907 
0.83284 0.011898 
0.83317 0.011890 
0.83350 0.011881 
0.83383 0.011872 
0.83416 0.011864 
0.83449 0.011856 
0.83482 0.011847 
0.83515 0.011839 
0.83548 0.011830 
0.83581 0.011822 
0.83614 0.011813 
0.83647 0.011805 
0.83680 0.011797 
0.83713 0.011789 
0.83746 0.011780 
0.83779 0.011772 
0.83812 0.011764 
0.83845 0.011756 
0.83878 0.011747 
0.83911 0.011739 
0.83944 0.011730 
0.83978 0.011722 
0.84011 0.011714 
0.84044 0.011706 
0.84077 0.011698 
0.84110 0.011689 
0.84143 0.011681 
0.84176 0.011673 
0.84209 0.011665 
0.84242 0.011657 
0.84275 0.011649 
0.84308 0.011641 
0.84341 0.011632 
0.84374 0.011624 
0.84407 0.011616 
0.84440 0.011608 
0.84473 0.011600 
0.84506 0.011591 
0.84539 0.011583 
0.84572 0.011575 
0.84605 0.011567 
0.84638 0.011559 
0.84671 0.011550 
0.84704 0.011542 
0.84737 0.011534 
0.84770 0.011525 
0.84803 0.011517 
0.84836 0.011509 
0.84870 0.011501 
0.84903 0.011493 
0.84936 0.011485 
0.84969 0.011477 
0.85002 0.011469 
0.85035 0.011461 
0.85068 0.011453 
0.85101 0.011445 
0.85134 0.011437 
0.85167 0.011429 
0.85200 0.011421 
0.85233 0.011412 
0.85266 0.011404 
0.85299 0.011397 
0.85332 0.011389 
0.85365 0.011381 
0.85398 0.011372 
0.85431 0.011365 
0.85464 0.011356 
0.85497 0.011349 
0.85530 0.011341 
0.85563 0.011334 
0.85596 0.011326 
0.85629 0.011318 
0.85662 0.011310 
0.85695 0.011302 
0.85728 0.011294 
0.85761 0.011286 
0.85795 0.011278 
0.85828 0.011270 
0.85861 0.011262 
0.85894 0.011255 
0.85927 0.011247 
0.85960 0.011239 
0.85993 0.011232 
0.86026 0.011223 
0.86059 0.011216 
0.86092 0.011208 
0.86125 0.011200 
0.86158 0.011192 
0.86191 0.011185 
0.86224 0.011177 
0.86257 0.011169 
0.86290 0.011162 
0.86323 0.011154 
0.86356 0.011146 
0.86389 0.011138 
0.86422 0.011131 
0.86455 0.011123 
0.86488 0.011116 
0.86521 0.011108 
0.86554 0.011100 
0.86587 0.011092 
0.86620 0.011085 
0.86653 0.011077 
0.86686 0.011070 
0.86720 0.011062 
0.86753 0.011055 
0.86786 0.011047 
0.86819 0.011039 
0.86852 0.011032 
0.86885 0.011024 
0.86918 0.011017 
0.86951 0.011009 
0.86984 0.011001 
0.87017 0.010994 
0.87050 0.010986 
0.87083 0.010979 
0.87116 0.010972 
0.87149 0.010964 
0.87182 0.010957 
0.87215 0.010949 
0.87248 0.010942 
0.87281 0.010935 
0.87314 0.010927 
0.87347 0.010920 
0.87380 0.010912 
0.87413 0.010904 
0.87446 0.010897 
0.87479 0.010890 
0.87512 0.010882 
0.87545 0.010875 
0.87578 0.010867 
0.87611 0.010860 
0.87645 0.010852 
0.87678 0.010845 
0.87711 0.010837 
0.87744 0.010829 
0.87777 0.010822 
0.87810 0.010814 
0.87843 0.010807 
0.87876 0.010799 
0.87909 0.010792 
0.87942 0.010784 
0.87975 0.010777 
0.88008 0.010769 
0.88041 0.010762 
0.88074 0.010754 
0.88107 0.010746 
0.88140 0.010739 
0.88173 0.010732 
0.88206 0.010725 
0.88239 0.010717 
0.88272 0.010710 
0.88305 0.010702 
0.88338 0.010695 
0.88371 0.010688 
0.88404 0.010680 
0.88437 0.010673 
0.88470 0.010665 
0.88503 0.010658 
0.88537 0.010651 
0.88570 0.010643 
0.88603 0.010636 
0.88636 0.010628 
0.88669 0.010621 
0.88702 0.010614 
0.88735 0.010606 
0.88768 0.010599 
0.88801 0.010592 
0.88834 0.010585 
0.88867 0.010577 
0.88900 0.010570 
0.88933 0.010563 
0.88966 0.010555 
0.88999 0.010548 
0.89032 0.010541 
0.89065 0.010534 
0.89098 0.010526 
0.89131 0.010519 
0.89164 0.010512 
0.89197 0.010505 
0.89230 0.010498 
0.89263 0.010490 
0.89296 0.010483 
0.89329 0.010476 
0.89362 0.010469 
0.89395 0.010462 
0.89428 0.010455 
0.89462 0.010448 
0.89495 0.010441 
0.89528 0.010434 
0.89561 0.010427 
0.89594 0.010420 
0.89627 0.010413 
0.89660 0.010406 
0.89693 0.010399 
0.89726 0.010392 
0.89759 0.010385 
0.89792 0.010378 
0.89825 0.010371 
0.89858 0.010364 
0.89891 0.010357 
0.89924 0.010350 
0.89957 0.010343 
0.89990 0.010336 
0.90023 0.010329 
0.90056 0.010322 
0.90089 0.010315 
0.90122 0.010308 
0.90155 0.010302 
0.90188 0.010295 
0.90221 0.010288 
0.90254 0.010281 
0.90287 0.010274 
0.90320 0.010267 
0.90353 0.010260 
0.90387 0.010253 
0.90420 0.010246 
0.90453 0.010239 
0.90486 0.010232 
0.90519 0.010225 
0.90552 0.010219 
0.90585 0.010212 
0.90618 0.010205 
0.90651 0.010199 
0.90684 0.010192 
0.90717 0.010185 
0.90750 0.010178 
0.90783 0.010171 
0.90816 0.010164 
0.90849 0.010158 
0.90882 0.010151 
0.90915 0.010144 
0.90948 0.010137 
0.90981 0.010130 
0.91014 0.010123 
0.91047 0.010116 
0.91080 0.010109 
0.91113 0.010103 
0.91146 0.010096 
0.91179 0.010089 
0.91212 0.010082 
0.91245 0.010075 
0.91278 0.010069 
0.91312 0.010062 
0.91345 0.010055 
0.91378 0.010048 
0.91411 0.010041 
0.91444 0.010034 
0.91477 0.010028 
0.91510 0.010021 
0.91543 0.010014 
0.91576 0.010007 
0.91609 0.010000 
0.91642 0.009994 
0.91675 0.009987 
0.91708 0.009980 
0.91741 0.009974 
0.91774 0.009967 
0.91807 0.009960 
0.91840 0.009953 
0.91873 0.009947 
0.91906 0.009940 
0.91939 0.009933 
0.91972 0.009927 
0.92005 0.009920 
0.92038 0.009914 
0.92071 0.009907 
0.92104 0.009900 
0.92137 0.009894 
0.92170 0.009887 
0.92204 0.009881 
0.92237 0.009874 
0.92270 0.009868 
0.92303 0.009861 
0.92336 0.009855 
0.92369 0.009848 
0.92402 0.009842 
0.92435 0.009835 
0.92468 0.009829 
0.92501 0.009822 
0.92534 0.009816 
0.92567 0.009809 
0.92600 0.009803 
0.92633 0.009796 
0.92666 0.009790 
0.92699 0.009783 
0.92732 0.009776 
0.92765 0.009770 
0.92798 0.009763 
0.92831 0.009757 
0.92864 0.009750 
0.92897 0.009744 
0.92930 0.009737 
0.92963 0.009731 
0.92996 0.009725 
0.93029 0.009718 
0.93062 0.009712 
0.93095 0.009705 
0.93129 0.009699 
0.93162 0.009692 
0.93195 0.009686 
0.93228 0.009680 
0.93261 0.009673 
0.93294 0.009667 
0.93327 0.009661 
0.93360 0.009654 
0.93393 0.009648 
0.93426 0.009641 
0.93459 0.009635 
0.93492 0.009629 
0.93525 0.009622 
0.93558 0.009616 
0.93591 0.009610 
0.93624 0.009604 
0.93657 0.009597 
0.93690 0.009591 
0.93723 0.009585 
0.93756 0.009578 
0.93789 0.009572 
0.93822 0.009566 
0.93855 0.009560 
0.93888 0.009553 
0.93921 0.009547 
0.93954 0.009540 
0.93987 0.009534 
0.94020 0.009527 
0.94054 0.009521 
0.94087 0.009515 
0.94120 0.009509 
0.94153 0.009502 
0.94186 0.009496 
0.94219 0.009489 
0.94252 0.009483 
0.94285 0.009476 
0.94318 0.009470 
0.94351 0.009464 
0.94384 0.009457 
0.94417 0.009451 
0.94450 0.009445 
0.94483 0.009439 
0.94516 0.009432 
0.94549 0.009426 
0.94582 0.009420 
0.94615 0.009414 
0.94648 0.009407 
0.94681 0.009401 
0.94714 0.009395 
0.94747 0.009389 
0.94780 0.009382 
0.94813 0.009376 
0.94846 0.009370 
0.94879 0.009363 
0.94912 0.009357 
0.94945 0.009351 
0.94979 0.009344 
0.95012 0.009338 
0.95045 0.009332 
0.95078 0.009326 
0.95111 0.009320 
0.95144 0.009313 
0.95177 0.009307 
0.95210 0.009301 
0.95243 0.009295 
0.95276 0.009289 
0.95309 0.009283 
0.95342 0.009277 
0.95375 0.009270 
0.95408 0.009264 
0.95441 0.009258 
0.95474 0.009252 
0.95507 0.009246 
0.95540 0.009240 
0.95573 0.009233 
0.95606 0.009228 
0.95639 0.009221 
0.95672 0.009215 
0.95705 0.009209 
0.95738 0.009203 
0.95771 0.009197 
0.95804 0.009191 
0.95837 0.009185 
0.95870 0.009179 
0.95904 0.009173 
0.95937 0.009167 
0.95970 0.009161 
0.96003 0.009155 
0.96036 0.009149 
0.96069 0.009143 
0.96102 0.009137 
0.96135 0.009131 
0.96168 0.009125 
0.96201 0.009119 
0.96234 0.009113 
0.96267 0.009107 
0.96300 0.009101 
0.96333 0.009095 
0.96366 0.009089 
0.96399 0.009083 
0.96432 0.009077 
0.96465 0.009071 
0.96498 0.009065 
0.96531 0.009059 
0.96564 0.009053 
0.96597 0.009047 
0.96630 0.009041 
0.96663 0.009035 
0.96696 0.009029 
0.96729 0.009024 
0.96762 0.009018 
0.96796 0.009012 
0.96829 0.009006 
0.96862 0.009001 
0.96895 0.008995 
0.96928 0.008989 
0.96961 0.008983 
0.96994 0.008977 
0.97027 0.008971 
0.97060 0.008965 
0.97093 0.008960 
0.97126 0.008954 
0.97159 0.008948 
0.97192 0.008942 
0.97225 0.008936 
0.97258 0.008930 
0.97291 0.008924 
0.97324 0.008919 
0.97357 0.008913 
0.97390 0.008908 
0.97423 0.008902 
0.97456 0.008896 
0.97489 0.008890 
0.97522 0.008885 
0.97555 0.008879 
0.97588 0.008873 
0.97621 0.008867 
0.97654 0.008862 
0.97687 0.008856 
0.97721 0.008850 
0.97754 0.008844 
0.97787 0.008839 
0.97820 0.008833 
0.97853 0.008827 
0.97886 0.008821 
0.97919 0.008816 
0.97952 0.008810 
0.97985 0.008804 
0.98018 0.008798 
0.98051 0.008793 
0.98084 0.008787 
0.98117 0.008781 
0.98150 0.008776 
0.98183 0.008770 
0.98216 0.008764 
0.98249 0.008758 
0.98282 0.008753 
0.98315 0.008747 
0.98348 0.008742 
0.98381 0.008736 
0.98414 0.008730 
0.98447 0.008724 
0.98480 0.008719 
0.98513 0.008713 
0.98546 0.008708 
0.98579 0.008702 
0.98612 0.008696 
0.98646 0.008691 
0.98679 0.008685 
0.98712 0.008680 
0.98745 0.008674 
0.98778 0.008668 
0.98811 0.008663 
0.98844 0.008657 
0.98877 0.008652 
0.98910 0.008646 
0.98943 0.008641 
0.98976 0.008635 
0.99009 0.008629 
0.99042 0.008624 
0.99075 0.008618 
0.99108 0.008613 
0.99141 0.008607 
0.99174 0.008602 
0.99207 0.008596 
0.99240 0.008591 
0.99273 0.008585 
0.99306 0.008580 
0.99339 0.008574 
0.99372 0.008569 
0.99405 0.008563 
0.99438 0.008558 
0.99471 0.008552 
0.99504 0.008547 
0.99537 0.008542 
0.99571 0.008536 
0.99604 0.008531 
0.99637 0.008525 
0.99670 0.008520 
0.99703 0.008514 
0.99736 0.008509 
0.99769 0.008504 
0.99802 0.008498 
0.99835 0.008493 
0.99868 0.008487 
0.99901 0.008482 
0.99934 0.008477 
0.99967 0.008471 
1.00000 0.008466 
