1 1
0.00067 1.000000 
0.00100 1.000000 
0.00133 1.000000 
0.00167 1.000000 
0.00200 1.000000 
0.00233 1.000000 
0.00266 1.000000 
0.00300 1.000000 
0.00333 1.000000 
0.00366 1.000000 
0.00400 1.000000 
0.00433 1.000000 
0.00466 1.000000 
0.00500 1.000000 
0.00533 1.000000 
0.00566 1.000000 
0.00599 1.000000 
0.00633 1.000000 
0.00666 1.000000 
0.00699 1.000000 
0.00733 1.000000 
0.00766 1.000000 
0.00799 1.000000 
0.00833 1.000000 
0.00866 1.000000 
0.00899 1.000000 
0.00932 1.000000 
0.00966 1.000000 
0.00999 1.000000 
0.01032 1.000000 
0.01066 1.000000 
0.01099 1.000000 
0.01132 1.000000 
0.01166 1.000000 
0.01199 1.000000 
0.01232 1.000000 
0.01265 1.000000 
0.01299 1.000000 
0.01332 1.000000 
0.01365 1.000000 
0.01399 1.000000 
0.01432 0.998893 
0.01465 0.998943 
0.01499 0.998990 
0.01532 0.999034 
0.01565 0.999075 
0.01598 0.999113 
0.01632 0.999150 
0.01665 0.998367 
0.01698 0.997647 
0.01732 0.997738 
0.01765 0.995646 
0.01798 0.995807 
0.01832 0.993266 
0.01865 0.992208 
0.01898 0.991228 
0.01931 0.989716 
0.01965 0.990064 
0.01998 0.987571 
0.02031 0.985792 
0.02065 0.985193 
0.02098 0.983615 
0.02131 0.980655 
0.02165 0.979327 
0.02198 0.974825 
0.02231 0.972863 
0.02264 0.972783 
0.02298 0.971014 
0.02331 0.969772 
0.02364 0.964990 
0.02398 0.962441 
0.02431 0.958524 
0.02464 0.957793 
0.02498 0.954595 
0.02531 0.952632 
0.02564 0.952153 
0.02597 0.950383 
0.02631 0.948069 
0.02664 0.947152 
0.02697 0.943210 
0.02731 0.941885 
0.02764 0.939465 
0.02797 0.937751 
0.02831 0.936415 
0.02864 0.932148 
0.02897 0.930500 
0.02930 0.922675 
0.02964 0.917518 
0.02997 0.914357 
0.03030 0.912576 
0.03064 0.911610 
0.03097 0.910005 
0.03130 0.906200 
0.03164 0.904591 
0.03197 0.900658 
0.03230 0.898411 
0.03263 0.895434 
0.03297 0.890744 
0.03330 0.889697 
0.03363 0.885545 
0.03397 0.882741 
0.03430 0.878546 
0.03463 0.876400 
0.03497 0.873810 
0.03530 0.870979 
0.03563 0.868630 
0.03596 0.863101 
0.03630 0.861706 
0.03663 0.859383 
0.03696 0.855528 
0.03730 0.852638 
0.03763 0.847187 
0.03796 0.843813 
0.03830 0.839207 
0.03863 0.836432 
0.03896 0.834807 
0.03929 0.827032 
0.03963 0.824669 
0.03996 0.821709 
0.04029 0.817631 
0.04063 0.813033 
0.04096 0.811675 
0.04129 0.808419 
0.04163 0.804258 
0.04196 0.798095 
0.04229 0.795526 
0.04262 0.792323 
0.04296 0.789608 
0.04329 0.784973 
0.04362 0.781679 
0.04396 0.779551 
0.04429 0.775120 
0.04462 0.773538 
0.04496 0.766611 
0.04529 0.764706 
0.04562 0.761808 
0.04595 0.757008 
0.04629 0.754666 
0.04662 0.749126 
0.04695 0.746910 
0.04729 0.743882 
0.04762 0.740471 
0.04795 0.738151 
0.04829 0.736494 
0.04862 0.734152 
0.04895 0.731153 
0.04928 0.727891 
0.04962 0.725648 
0.04995 0.721790 
0.05028 0.718057 
0.05062 0.713576 
0.05095 0.710612 
0.05128 0.708089 
0.05162 0.704231 
0.05195 0.699256 
0.05228 0.695574 
0.05261 0.692978 
0.05295 0.690789 
0.05328 0.686164 
0.05361 0.683463 
0.05395 0.680316 
0.05428 0.677119 
0.05461 0.675221 
0.05495 0.670214 
0.05528 0.667543 
0.05561 0.665320 
0.05594 0.663316 
0.05628 0.660327 
0.05661 0.658197 
0.05694 0.655590 
0.05728 0.652047 
0.05761 0.648878 
0.05794 0.646402 
0.05828 0.643284 
0.05861 0.640844 
0.05894 0.637070 
0.05927 0.633974 
0.05961 0.631662 
0.05994 0.628554 
0.06027 0.626642 
0.06061 0.623642 
0.06094 0.621329 
0.06127 0.617249 
0.06161 0.613161 
0.06194 0.611160 
0.06227 0.609453 
0.06260 0.607521 
0.06294 0.604357 
0.06327 0.601003 
0.06360 0.597355 
0.06394 0.595332 
0.06427 0.591753 
0.06460 0.589872 
0.06494 0.587470 
0.06527 0.584720 
0.06560 0.581218 
0.06593 0.579449 
0.06627 0.577585 
0.06660 0.575528 
0.06693 0.572836 
0.06727 0.569726 
0.06760 0.565722 
0.06793 0.563363 
0.06827 0.560450 
0.06860 0.557471 
0.06893 0.555040 
0.06926 0.552258 
0.06960 0.550101 
0.06993 0.547095 
0.07026 0.543624 
0.07060 0.539703 
0.07093 0.536717 
0.07126 0.534290 
0.07160 0.531841 
0.07193 0.530146 
0.07226 0.527692 
0.07259 0.525050 
0.07293 0.522433 
0.07326 0.520050 
0.07359 0.517441 
0.07393 0.514900 
0.07426 0.512625 
0.07459 0.510450 
0.07493 0.508056 
0.07526 0.505408 
0.07559 0.503645 
0.07592 0.501353 
0.07626 0.498927 
0.07659 0.496450 
0.07692 0.494335 
0.07726 0.491790 
0.07759 0.489344 
0.07792 0.487069 
0.07826 0.484779 
0.07859 0.482726 
0.07892 0.480512 
0.07925 0.478708 
0.07959 0.476284 
0.07992 0.473989 
0.08025 0.472165 
0.08059 0.469806 
0.08092 0.467265 
0.08125 0.465594 
0.08159 0.463466 
0.08192 0.461623 
0.08225 0.459794 
0.08258 0.457392 
0.08292 0.455078 
0.08325 0.452594 
0.08358 0.449753 
0.08392 0.447575 
0.08425 0.445982 
0.08458 0.443715 
0.08492 0.441501 
0.08525 0.439583 
0.08558 0.437470 
0.08591 0.435617 
0.08625 0.434049 
0.08658 0.432165 
0.08691 0.430799 
0.08725 0.429236 
0.08758 0.427307 
0.08791 0.425596 
0.08825 0.423471 
0.08858 0.421053 
0.08891 0.418772 
0.08924 0.416653 
0.08958 0.414359 
0.08991 0.412777 
0.09024 0.411125 
0.09058 0.409893 
0.09091 0.408398 
0.09124 0.406647 
0.09158 0.404512 
0.09191 0.402530 
0.09224 0.400487 
0.09257 0.398826 
0.09291 0.396766 
0.09324 0.394931 
0.09357 0.393366 
0.09391 0.391611 
0.09424 0.389946 
0.09457 0.388195 
0.09491 0.386681 
0.09524 0.384934 
0.09557 0.383665 
0.09590 0.382041 
0.09624 0.380743 
0.09657 0.378929 
0.09690 0.377414 
0.09724 0.375818 
0.09757 0.374024 
0.09790 0.372246 
0.09824 0.370898 
0.09857 0.369400 
0.09890 0.368004 
0.09923 0.366461 
0.09957 0.364930 
0.09990 0.363456 
0.10023 0.362082 
0.10057 0.360564 
0.10090 0.359211 
0.10123 0.357521 
0.10157 0.355824 
0.10190 0.354270 
0.10223 0.352941 
0.10256 0.351199 
0.10290 0.349704 
0.10323 0.347656 
0.10356 0.346167 
0.10390 0.344484 
0.10423 0.343328 
0.10456 0.342077 
0.10490 0.340896 
0.10523 0.339401 
0.10556 0.338019 
0.10589 0.336488 
0.10623 0.335127 
0.10656 0.334052 
0.10689 0.333061 
0.10723 0.331592 
0.10756 0.330192 
0.10789 0.328842 
0.10823 0.327350 
0.10856 0.325833 
0.10889 0.324741 
0.10922 0.323432 
0.10956 0.321855 
0.10989 0.320733 
0.11022 0.319656 
0.11056 0.318422 
0.11089 0.317233 
0.11122 0.315963 
0.11156 0.314916 
0.11189 0.313628 
0.11222 0.312491 
0.11255 0.311608 
0.11289 0.310520 
0.11322 0.308971 
0.11355 0.307918 
0.11389 0.306820 
0.11422 0.305577 
0.11455 0.304410 
0.11489 0.303252 
0.11522 0.301935 
0.11555 0.300711 
0.11588 0.299480 
0.11622 0.298142 
0.11655 0.296832 
0.11688 0.295840 
0.11722 0.294483 
0.11755 0.293282 
0.11788 0.292137 
0.11822 0.291191 
0.11855 0.290093 
0.11888 0.289035 
0.11921 0.287921 
0.11955 0.286799 
0.11988 0.285531 
0.12021 0.284287 
0.12055 0.283176 
0.12088 0.282164 
0.12121 0.281113 
0.12155 0.280160 
0.12188 0.279003 
0.12221 0.278033 
0.12254 0.277011 
0.12288 0.276069 
0.12321 0.275251 
0.12354 0.274015 
0.12388 0.273208 
0.12421 0.272104 
0.12454 0.271265 
0.12488 0.270460 
0.12521 0.269319 
0.12554 0.268384 
0.12587 0.267469 
0.12621 0.266505 
0.12654 0.265463 
0.12687 0.264443 
0.12721 0.263553 
0.12754 0.262682 
0.12787 0.261722 
0.12821 0.260701 
0.12854 0.259821 
0.12887 0.258800 
0.12920 0.257839 
0.12954 0.256910 
0.12987 0.255909 
0.13020 0.254876 
0.13054 0.254006 
0.13087 0.253090 
0.13120 0.252038 
0.13154 0.251070 
0.13187 0.250109 
0.13220 0.249205 
0.13253 0.248105 
0.13287 0.247264 
0.13320 0.246378 
0.13353 0.245549 
0.13387 0.244662 
0.13420 0.243855 
0.13453 0.242894 
0.13487 0.242049 
0.13520 0.241258 
0.13553 0.240375 
0.13586 0.239437 
0.13620 0.238698 
0.13653 0.237677 
0.13686 0.237042 
0.13720 0.236317 
0.13753 0.235525 
0.13786 0.234785 
0.13820 0.233979 
0.13853 0.233063 
0.13886 0.232257 
0.13919 0.231398 
0.13953 0.230601 
0.13986 0.229856 
0.14019 0.229137 
0.14053 0.228434 
0.14086 0.227466 
0.14119 0.226772 
0.14153 0.226127 
0.14186 0.225474 
0.14219 0.224736 
0.14252 0.224091 
0.14286 0.223330 
0.14319 0.222692 
0.14352 0.221939 
0.14386 0.221352 
0.14419 0.220458 
0.14452 0.219719 
0.14486 0.218910 
0.14519 0.218032 
0.14552 0.217339 
0.14585 0.216660 
0.14619 0.215860 
0.14652 0.215262 
0.14685 0.214420 
0.14719 0.213593 
0.14752 0.212823 
0.14785 0.212149 
0.14819 0.211449 
0.14852 0.210803 
0.14885 0.210100 
0.14918 0.209532 
0.14952 0.208907 
0.14985 0.208137 
0.15018 0.207499 
0.15052 0.206748 
0.15085 0.206099 
0.15118 0.205308 
0.15152 0.204647 
0.15185 0.204078 
0.15218 0.203319 
0.15251 0.202718 
0.15285 0.202053 
0.15318 0.201459 
0.15351 0.200698 
0.15385 0.200092 
0.15418 0.199555 
0.15451 0.199002 
0.15485 0.198304 
0.15518 0.197628 
0.15551 0.196864 
0.15584 0.196206 
0.15618 0.195634 
0.15651 0.194937 
0.15684 0.194263 
0.15718 0.193638 
0.15751 0.193061 
0.15784 0.192443 
0.15818 0.191801 
0.15851 0.191181 
0.15884 0.190758 
0.15917 0.190144 
0.15951 0.189569 
0.15984 0.188979 
0.16017 0.188271 
0.16051 0.187611 
0.16084 0.187031 
0.16117 0.186353 
0.16151 0.185814 
0.16184 0.185287 
0.16217 0.184737 
0.16250 0.184106 
0.16284 0.183488 
0.16317 0.182981 
0.16350 0.182393 
0.16384 0.181892 
0.16417 0.181327 
0.16450 0.180807 
0.16484 0.180199 
0.16517 0.179651 
0.16550 0.179083 
0.16583 0.178541 
0.16617 0.177962 
0.16650 0.177475 
0.16683 0.176910 
0.16717 0.176333 
0.16750 0.175814 
0.16783 0.175321 
0.16817 0.174831 
0.16850 0.174336 
0.16883 0.173796 
0.16916 0.173306 
0.16950 0.172757 
0.16983 0.172264 
0.17016 0.171682 
0.17050 0.171156 
0.17083 0.170672 
0.17116 0.170182 
0.17150 0.169680 
0.17183 0.169173 
0.17216 0.168683 
0.17249 0.168152 
0.17283 0.167712 
0.17316 0.167230 
0.17349 0.166772 
0.17383 0.166273 
0.17416 0.165733 
0.17449 0.165283 
0.17483 0.164726 
0.17516 0.164186 
0.17549 0.163657 
0.17582 0.163188 
0.17616 0.162693 
0.17649 0.162200 
0.17682 0.161781 
0.17716 0.161307 
0.17749 0.160801 
0.17782 0.160381 
0.17816 0.159943 
0.17849 0.159520 
0.17882 0.159093 
0.17915 0.158550 
0.17949 0.158044 
0.17982 0.157569 
0.18015 0.157144 
0.18049 0.156666 
0.18082 0.156171 
0.18115 0.155725 
0.18149 0.155221 
0.18182 0.154747 
0.18215 0.154308 
0.18248 0.153892 
0.18282 0.153484 
0.18315 0.153078 
0.18348 0.152661 
0.18382 0.152246 
0.18415 0.151781 
0.18448 0.151344 
0.18482 0.150935 
0.18515 0.150509 
0.18548 0.150098 
0.18581 0.149688 
0.18615 0.149307 
0.18648 0.148952 
0.18681 0.148536 
0.18715 0.148109 
0.18748 0.147658 
0.18781 0.147191 
0.18815 0.146796 
0.18848 0.146427 
0.18881 0.146004 
0.18914 0.145565 
0.18948 0.145158 
0.18981 0.144735 
0.19014 0.144327 
0.19048 0.143883 
0.19081 0.143454 
0.19114 0.143088 
0.19148 0.142700 
0.19181 0.142277 
0.19214 0.141916 
0.19247 0.141509 
0.19281 0.141074 
0.19314 0.140665 
0.19347 0.140264 
0.19381 0.139882 
0.19414 0.139526 
0.19447 0.139160 
0.19481 0.138766 
0.19514 0.138351 
0.19547 0.137990 
0.19580 0.137631 
0.19614 0.137232 
0.19647 0.136865 
0.19680 0.136454 
0.19714 0.136050 
0.19747 0.135705 
0.19780 0.135390 
0.19814 0.135076 
0.19847 0.134736 
0.19880 0.134374 
0.19913 0.134020 
0.19947 0.133612 
0.19980 0.133267 
0.20013 0.132940 
0.20047 0.132559 
0.20080 0.132207 
0.20113 0.131907 
0.20147 0.131536 
0.20180 0.131157 
0.20213 0.130768 
0.20246 0.130419 
0.20280 0.130061 
0.20313 0.129732 
0.20346 0.129393 
0.20380 0.129082 
0.20413 0.128762 
0.20446 0.128401 
0.20480 0.128074 
0.20513 0.127721 
0.20546 0.127397 
0.20579 0.127074 
0.20613 0.126731 
0.20646 0.126369 
0.20679 0.126019 
0.20713 0.125676 
0.20746 0.125366 
0.20779 0.125031 
0.20813 0.124749 
0.20846 0.124427 
0.20879 0.124117 
0.20912 0.123808 
0.20946 0.123475 
0.20979 0.123138 
0.21012 0.122798 
0.21046 0.122485 
0.21079 0.122173 
0.21112 0.121847 
0.21146 0.121573 
0.21179 0.121250 
0.21212 0.120933 
0.21245 0.120618 
0.21279 0.120300 
0.21312 0.120036 
0.21345 0.119730 
0.21379 0.119391 
0.21412 0.119073 
0.21445 0.118761 
0.21479 0.118489 
0.21512 0.118185 
0.21545 0.117877 
0.21578 0.117589 
0.21612 0.117308 
0.21645 0.117037 
0.21678 0.116748 
0.21712 0.116451 
0.21745 0.116179 
0.21778 0.115880 
0.21812 0.115620 
0.21845 0.115304 
0.21878 0.115028 
0.21911 0.114720 
0.21945 0.114427 
0.21978 0.114131 
0.22011 0.113854 
0.22045 0.113606 
0.22078 0.113341 
0.22111 0.113081 
0.22145 0.112827 
0.22178 0.112529 
0.22211 0.112273 
0.22244 0.112017 
0.22278 0.111741 
0.22311 0.111456 
0.22344 0.111213 
0.22378 0.110948 
0.22411 0.110676 
0.22444 0.110427 
0.22478 0.110166 
0.22511 0.109897 
0.22544 0.109620 
0.22577 0.109354 
0.22611 0.109110 
0.22644 0.108854 
0.22677 0.108599 
0.22711 0.108354 
0.22744 0.108092 
0.22777 0.107845 
0.22811 0.107594 
0.22844 0.107327 
0.22877 0.107087 
0.22910 0.106830 
0.22944 0.106567 
0.22977 0.106333 
0.23010 0.106089 
0.23044 0.105841 
0.23077 0.105610 
0.23110 0.105368 
0.23144 0.105123 
0.23177 0.104858 
0.23210 0.104607 
0.23243 0.104365 
0.23277 0.104111 
0.23310 0.103854 
0.23343 0.103619 
0.23377 0.103357 
0.23410 0.103131 
0.23443 0.102879 
0.23477 0.102647 
0.23510 0.102421 
0.23543 0.102171 
0.23576 0.101935 
0.23610 0.101715 
0.23643 0.101472 
0.23676 0.101230 
0.23710 0.101001 
0.23743 0.100753 
0.23776 0.100514 
0.23810 0.100304 
0.23843 0.100074 
0.23876 0.099834 
0.23909 0.099599 
0.23943 0.099372 
0.23976 0.099131 
0.24009 0.098894 
0.24043 0.098686 
0.24076 0.098451 
0.24109 0.098210 
0.24143 0.097977 
0.24176 0.097768 
0.24209 0.097525 
0.24242 0.097322 
0.24276 0.097081 
0.24309 0.096871 
0.24342 0.096647 
0.24376 0.096428 
0.24409 0.096188 
0.24442 0.095966 
0.24476 0.095757 
0.24509 0.095534 
0.24542 0.095311 
0.24575 0.095097 
0.24609 0.094880 
0.24642 0.094668 
0.24675 0.094471 
0.24709 0.094271 
0.24742 0.094078 
0.24775 0.093880 
0.24809 0.093678 
0.24842 0.093452 
0.24875 0.093242 
0.24908 0.093039 
0.24942 0.092830 
0.24975 0.092632 
0.25008 0.092428 
0.25042 0.092232 
0.25075 0.092033 
0.25108 0.091824 
0.25142 0.091616 
0.25175 0.091401 
0.25208 0.091195 
0.25241 0.090982 
0.25275 0.090760 
0.25308 0.090555 
0.25341 0.090345 
0.25375 0.090156 
0.25408 0.089937 
0.25441 0.089743 
0.25475 0.089560 
0.25508 0.089360 
0.25541 0.089168 
0.25574 0.088976 
0.25608 0.088785 
0.25641 0.088592 
0.25674 0.088396 
0.25708 0.088197 
0.25741 0.088002 
0.25774 0.087802 
0.25808 0.087615 
0.25841 0.087439 
0.25874 0.087264 
0.25907 0.087069 
0.25941 0.086886 
0.25974 0.086696 
0.26007 0.086503 
0.26041 0.086325 
0.26074 0.086140 
0.26107 0.085969 
0.26141 0.085789 
0.26174 0.085606 
0.26207 0.085418 
0.26240 0.085237 
0.26274 0.085043 
0.26307 0.084853 
0.26340 0.084658 
0.26374 0.084492 
0.26407 0.084308 
0.26440 0.084140 
0.26474 0.083950 
0.26507 0.083781 
0.26540 0.083602 
0.26573 0.083427 
0.26607 0.083253 
0.26640 0.083082 
0.26673 0.082903 
0.26707 0.082724 
0.26740 0.082546 
0.26773 0.082368 
0.26807 0.082198 
0.26840 0.082040 
0.26873 0.081864 
0.26906 0.081689 
0.26940 0.081530 
0.26973 0.081369 
0.27006 0.081217 
0.27040 0.081035 
0.27073 0.080878 
0.27106 0.080709 
0.27140 0.080523 
0.27173 0.080344 
0.27206 0.080174 
0.27239 0.080002 
0.27273 0.079846 
0.27306 0.079669 
0.27339 0.079519 
0.27373 0.079344 
0.27406 0.079195 
0.27439 0.079047 
0.27473 0.078894 
0.27506 0.078732 
0.27539 0.078562 
0.27572 0.078402 
0.27606 0.078253 
0.27639 0.078091 
0.27672 0.077949 
0.27706 0.077794 
0.27739 0.077639 
0.27772 0.077487 
0.27806 0.077322 
0.27839 0.077162 
0.27872 0.077018 
0.27905 0.076874 
0.27939 0.076714 
0.27972 0.076576 
0.28005 0.076431 
0.28039 0.076286 
0.28072 0.076142 
0.28105 0.075990 
0.28139 0.075843 
0.28172 0.075692 
0.28205 0.075538 
0.28238 0.075397 
0.28272 0.075255 
0.28305 0.075122 
0.28338 0.074982 
0.28372 0.074828 
0.28405 0.074674 
0.28438 0.074530 
0.28472 0.074383 
0.28505 0.074242 
0.28538 0.074082 
0.28571 0.073934 
0.28605 0.073792 
0.28638 0.073652 
0.28671 0.073495 
0.28705 0.073349 
0.28738 0.073205 
0.28771 0.073082 
0.28805 0.072934 
0.28838 0.072790 
0.28871 0.072643 
0.28904 0.072502 
0.28938 0.072357 
0.28971 0.072211 
0.29004 0.072080 
0.29038 0.071941 
0.29071 0.071797 
0.29104 0.071667 
0.29138 0.071527 
0.29171 0.071382 
0.29204 0.071234 
0.29237 0.071093 
0.29271 0.070955 
0.29304 0.070817 
0.29337 0.070674 
0.29371 0.070542 
0.29404 0.070421 
0.29437 0.070282 
0.29471 0.070141 
0.29504 0.070016 
0.29537 0.069878 
0.29570 0.069739 
0.29604 0.069607 
0.29637 0.069473 
0.29670 0.069340 
0.29704 0.069210 
0.29737 0.069080 
0.29770 0.068960 
0.29804 0.068829 
0.29837 0.068683 
0.29870 0.068564 
0.29903 0.068434 
0.29937 0.068311 
0.29970 0.068197 
0.30003 0.068073 
0.30037 0.067956 
0.30070 0.067828 
0.30103 0.067700 
0.30137 0.067565 
0.30170 0.067428 
0.30203 0.067291 
0.30236 0.067165 
0.30270 0.067039 
0.30303 0.066911 
0.30336 0.066786 
0.30370 0.066661 
0.30403 0.066541 
0.30436 0.066417 
0.30470 0.066282 
0.30503 0.066163 
0.30536 0.066045 
0.30569 0.065927 
0.30603 0.065793 
0.30636 0.065676 
0.30669 0.065557 
0.30703 0.065443 
0.30736 0.065330 
0.30769 0.065205 
0.30803 0.065080 
0.30836 0.064968 
0.30869 0.064853 
0.30902 0.064737 
0.30936 0.064609 
0.30969 0.064488 
0.31002 0.064380 
0.31036 0.064262 
0.31069 0.064143 
0.31102 0.064017 
0.31136 0.063901 
0.31169 0.063789 
0.31202 0.063660 
0.31235 0.063545 
0.31269 0.063435 
0.31302 0.063309 
0.31335 0.063203 
0.31369 0.063103 
0.31402 0.062985 
0.31435 0.062867 
0.31469 0.062761 
0.31502 0.062649 
0.31535 0.062536 
0.31568 0.062422 
0.31602 0.062313 
0.31635 0.062204 
0.31668 0.062095 
0.31702 0.061983 
0.31735 0.061861 
0.31768 0.061751 
0.31802 0.061637 
0.31835 0.061519 
0.31868 0.061413 
0.31901 0.061315 
0.31935 0.061205 
0.31968 0.061088 
0.32001 0.060976 
0.32035 0.060869 
0.32068 0.060768 
0.32101 0.060659 
0.32135 0.060555 
0.32168 0.060460 
0.32201 0.060358 
0.32234 0.060249 
0.32268 0.060137 
0.32301 0.060043 
0.32334 0.059938 
0.32368 0.059838 
0.32401 0.059741 
0.32434 0.059633 
0.32468 0.059523 
0.32501 0.059422 
0.32534 0.059313 
0.32567 0.059204 
0.32601 0.059100 
0.32634 0.059000 
0.32667 0.058892 
0.32701 0.058789 
0.32734 0.058694 
0.32767 0.058592 
0.32801 0.058485 
0.32834 0.058389 
0.32867 0.058285 
0.32900 0.058188 
0.32934 0.058084 
0.32967 0.057987 
0.33000 0.057891 
0.33034 0.057786 
0.33067 0.057680 
0.33100 0.057582 
0.33134 0.057479 
0.33167 0.057383 
0.33200 0.057296 
0.33233 0.057200 
0.33267 0.057099 
0.33300 0.057007 
0.33333 0.056913 
0.33367 0.056807 
0.33400 0.056718 
0.33433 0.056619 
0.33467 0.056524 
0.33500 0.056428 
0.33533 0.056329 
0.33566 0.056235 
0.33600 0.056138 
0.33633 0.056044 
0.33666 0.055951 
0.33700 0.055856 
0.33733 0.055767 
0.33766 0.055673 
0.33800 0.055571 
0.33833 0.055481 
0.33866 0.055379 
0.33899 0.055282 
0.33933 0.055187 
0.33966 0.055094 
0.33999 0.055002 
0.34033 0.054910 
0.34066 0.054819 
0.34099 0.054728 
0.34133 0.054630 
0.34166 0.054537 
0.34199 0.054452 
0.34232 0.054361 
0.34266 0.054271 
0.34299 0.054176 
0.34332 0.054085 
0.34366 0.054000 
0.34399 0.053911 
0.34432 0.053818 
0.34466 0.053729 
0.34499 0.053644 
0.34532 0.053557 
0.34565 0.053469 
0.34599 0.053379 
0.34632 0.053295 
0.34665 0.053200 
0.34699 0.053114 
0.34732 0.053027 
0.34765 0.052933 
0.34799 0.052839 
0.34832 0.052751 
0.34865 0.052661 
0.34898 0.052577 
0.34932 0.052487 
0.34965 0.052398 
0.34998 0.052313 
0.35032 0.052223 
0.35065 0.052134 
0.35098 0.052050 
0.35132 0.051960 
0.35165 0.051876 
0.35198 0.051798 
0.35231 0.051712 
0.35265 0.051629 
0.35298 0.051544 
0.35331 0.051463 
0.35365 0.051380 
0.35398 0.051297 
0.35431 0.051213 
0.35465 0.051130 
0.35498 0.051053 
0.35531 0.050973 
0.35564 0.050895 
0.35598 0.050819 
0.35631 0.050737 
0.35664 0.050652 
0.35698 0.050575 
0.35731 0.050495 
0.35764 0.050418 
0.35798 0.050342 
0.35831 0.050258 
0.35864 0.050174 
0.35897 0.050098 
0.35931 0.050014 
0.35964 0.049935 
0.35997 0.049860 
0.36031 0.049778 
0.36064 0.049706 
0.36097 0.049633 
0.36131 0.049552 
0.36164 0.049467 
0.36197 0.049387 
0.36230 0.049304 
0.36264 0.049229 
0.36297 0.049155 
0.36330 0.049075 
0.36364 0.048991 
0.36397 0.048921 
0.36430 0.048842 
0.36464 0.048766 
0.36497 0.048687 
0.36530 0.048608 
0.36563 0.048533 
0.36597 0.048459 
0.36630 0.048380 
0.36663 0.048308 
0.36697 0.048229 
0.36730 0.048151 
0.36763 0.048067 
0.36797 0.047985 
0.36830 0.047915 
0.36863 0.047838 
0.36896 0.047761 
0.36930 0.047693 
0.36963 0.047615 
0.36996 0.047546 
0.37030 0.047470 
0.37063 0.047394 
0.37096 0.047325 
0.37130 0.047253 
0.37163 0.047185 
0.37196 0.047110 
0.37229 0.047035 
0.37263 0.046959 
0.37296 0.046891 
0.37329 0.046825 
0.37363 0.046758 
0.37396 0.046687 
0.37429 0.046620 
0.37463 0.046553 
0.37496 0.046486 
0.37529 0.046411 
0.37562 0.046342 
0.37596 0.046269 
0.37629 0.046198 
0.37662 0.046134 
0.37696 0.046061 
0.37729 0.045993 
0.37762 0.045924 
0.37796 0.045851 
0.37829 0.045787 
0.37862 0.045722 
0.37895 0.045651 
0.37929 0.045582 
0.37962 0.045512 
0.37995 0.045450 
0.38029 0.045378 
0.38062 0.045303 
0.38095 0.045239 
0.38129 0.045167 
0.38162 0.045104 
0.38195 0.045036 
0.38228 0.044974 
0.38262 0.044905 
0.38295 0.044837 
0.38328 0.044775 
0.38362 0.044709 
0.38395 0.044647 
0.38428 0.044577 
0.38462 0.044507 
0.38495 0.044439 
0.38528 0.044374 
0.38561 0.044308 
0.38595 0.044242 
0.38628 0.044178 
0.38661 0.044115 
0.38695 0.044055 
0.38728 0.043993 
0.38761 0.043930 
0.38795 0.043871 
0.38828 0.043809 
0.38861 0.043747 
0.38894 0.043683 
0.38928 0.043620 
0.38961 0.043552 
0.38994 0.043494 
0.39028 0.043424 
0.39061 0.043360 
0.39094 0.043298 
0.39128 0.043238 
0.39161 0.043171 
0.39194 0.043107 
0.39227 0.043041 
0.39261 0.042978 
0.39294 0.042916 
0.39327 0.042858 
0.39361 0.042791 
0.39394 0.042729 
0.39427 0.042664 
0.39461 0.042605 
0.39494 0.042547 
0.39527 0.042480 
0.39560 0.042412 
0.39594 0.042348 
0.39627 0.042288 
0.39660 0.042236 
0.39694 0.042176 
0.39727 0.042111 
0.39760 0.042049 
0.39794 0.041990 
0.39827 0.041926 
0.39860 0.041867 
0.39893 0.041809 
0.39927 0.041752 
0.39960 0.041690 
0.39993 0.041633 
0.40027 0.041577 
0.40060 0.041516 
0.40093 0.041459 
0.40127 0.041393 
0.40160 0.041334 
0.40193 0.041274 
0.40226 0.041212 
0.40260 0.041148 
0.40293 0.041095 
0.40326 0.041040 
0.40360 0.040983 
0.40393 0.040921 
0.40426 0.040862 
0.40460 0.040800 
0.40493 0.040743 
0.40526 0.040683 
0.40559 0.040622 
0.40593 0.040563 
0.40626 0.040506 
0.40659 0.040447 
0.40693 0.040394 
0.40726 0.040336 
0.40759 0.040275 
0.40793 0.040219 
0.40826 0.040162 
0.40859 0.040106 
0.40892 0.040049 
0.40926 0.039990 
0.40959 0.039931 
0.40992 0.039874 
0.41026 0.039813 
0.41059 0.039759 
0.41092 0.039706 
0.41126 0.039651 
0.41159 0.039596 
0.41192 0.039540 
0.41225 0.039487 
0.41259 0.039429 
0.41292 0.039374 
0.41325 0.039318 
0.41359 0.039265 
0.41392 0.039210 
0.41425 0.039157 
0.41459 0.039102 
0.41492 0.039049 
0.41525 0.038996 
0.41558 0.038941 
0.41592 0.038890 
0.41625 0.038834 
0.41658 0.038781 
0.41692 0.038727 
0.41725 0.038675 
0.41758 0.038625 
0.41792 0.038574 
0.41825 0.038524 
0.41858 0.038471 
0.41891 0.038420 
0.41925 0.038369 
0.41958 0.038317 
0.41991 0.038268 
0.42025 0.038213 
0.42058 0.038158 
0.42091 0.038109 
0.42125 0.038058 
0.42158 0.038006 
0.42191 0.037956 
0.42224 0.037902 
0.42258 0.037850 
0.42291 0.037800 
0.42324 0.037752 
0.42358 0.037701 
0.42391 0.037651 
0.42424 0.037598 
0.42458 0.037547 
0.42491 0.037498 
0.42524 0.037451 
0.42557 0.037401 
0.42591 0.037353 
0.42624 0.037298 
0.42657 0.037245 
0.42691 0.037193 
0.42724 0.037145 
0.42757 0.037095 
0.42791 0.037043 
0.42824 0.036991 
0.42857 0.036942 
0.42890 0.036892 
0.42924 0.036839 
0.42957 0.036791 
0.42990 0.036740 
0.43024 0.036686 
0.43057 0.036638 
0.43090 0.036589 
0.43124 0.036540 
0.43157 0.036494 
0.43190 0.036443 
0.43223 0.036397 
0.43257 0.036352 
0.43290 0.036307 
0.43323 0.036257 
0.43357 0.036211 
0.43390 0.036164 
0.43423 0.036115 
0.43457 0.036072 
0.43490 0.036024 
0.43523 0.035979 
0.43556 0.035930 
0.43590 0.035882 
0.43623 0.035835 
0.43656 0.035789 
0.43690 0.035744 
0.43723 0.035700 
0.43756 0.035654 
0.43790 0.035608 
0.43823 0.035561 
0.43856 0.035516 
0.43889 0.035472 
0.43923 0.035426 
0.43956 0.035378 
0.43989 0.035334 
0.44023 0.035291 
0.44056 0.035243 
0.44089 0.035198 
0.44123 0.035150 
0.44156 0.035105 
0.44189 0.035058 
0.44222 0.035012 
0.44256 0.034968 
0.44289 0.034924 
0.44322 0.034878 
0.44356 0.034832 
0.44389 0.034788 
0.44422 0.034745 
0.44456 0.034701 
0.44489 0.034658 
0.44522 0.034610 
0.44555 0.034569 
0.44589 0.034523 
0.44622 0.034475 
0.44655 0.034431 
0.44689 0.034389 
0.44722 0.034346 
0.44755 0.034300 
0.44789 0.034253 
0.44822 0.034211 
0.44855 0.034169 
0.44888 0.034127 
0.44922 0.034085 
0.44955 0.034043 
0.44988 0.033997 
0.45022 0.033951 
0.45055 0.033907 
0.45088 0.033864 
0.45122 0.033820 
0.45155 0.033777 
0.45188 0.033735 
0.45221 0.033690 
0.45255 0.033647 
0.45288 0.033608 
0.45321 0.033569 
0.45355 0.033528 
0.45388 0.033487 
0.45421 0.033445 
0.45455 0.033403 
0.45488 0.033360 
0.45521 0.033319 
0.45554 0.033277 
0.45588 0.033235 
0.45621 0.033191 
0.45654 0.033148 
0.45688 0.033107 
0.45721 0.033066 
0.45754 0.033024 
0.45788 0.032983 
0.45821 0.032941 
0.45854 0.032899 
0.45887 0.032858 
0.45921 0.032817 
0.45954 0.032776 
0.45987 0.032735 
0.46021 0.032695 
0.46054 0.032656 
0.46087 0.032615 
0.46121 0.032573 
0.46154 0.032535 
0.46187 0.032494 
0.46220 0.032456 
0.46254 0.032416 
0.46287 0.032379 
0.46320 0.032338 
0.46354 0.032299 
0.46387 0.032258 
0.46420 0.032216 
0.46454 0.032178 
0.46487 0.032138 
0.46520 0.032098 
0.46553 0.032058 
0.46587 0.032021 
0.46620 0.031985 
0.46653 0.031944 
0.46687 0.031902 
0.46720 0.031865 
0.46753 0.031824 
0.46787 0.031786 
0.46820 0.031747 
0.46853 0.031704 
0.46886 0.031667 
0.46920 0.031628 
0.46953 0.031592 
0.46986 0.031553 
0.47020 0.031517 
0.47053 0.031476 
0.47086 0.031438 
0.47120 0.031399 
0.47153 0.031361 
0.47186 0.031320 
0.47219 0.031282 
0.47253 0.031246 
0.47286 0.031209 
0.47319 0.031170 
0.47353 0.031134 
0.47386 0.031099 
0.47419 0.031062 
0.47453 0.031025 
0.47486 0.030988 
0.47519 0.030952 
0.47552 0.030915 
0.47586 0.030880 
0.47619 0.030842 
0.47652 0.030805 
0.47686 0.030770 
0.47719 0.030733 
0.47752 0.030695 
0.47786 0.030656 
0.47819 0.030620 
0.47852 0.030584 
0.47885 0.030549 
0.47919 0.030513 
0.47952 0.030480 
0.47985 0.030448 
0.48019 0.030408 
0.48052 0.030371 
0.48085 0.030335 
0.48119 0.030299 
0.48152 0.030261 
0.48185 0.030227 
0.48218 0.030192 
0.48252 0.030159 
0.48285 0.030124 
0.48318 0.030087 
0.48352 0.030052 
0.48385 0.030015 
0.48418 0.029980 
0.48452 0.029945 
0.48485 0.029906 
0.48518 0.029874 
0.48551 0.029838 
0.48585 0.029801 
0.48618 0.029765 
0.48651 0.029730 
0.48685 0.029696 
0.48718 0.029661 
0.48751 0.029627 
0.48785 0.029592 
0.48818 0.029555 
0.48851 0.029523 
0.48884 0.029488 
0.48918 0.029455 
0.48951 0.029423 
0.48984 0.029390 
0.49018 0.029356 
0.49051 0.029322 
0.49084 0.029290 
0.49118 0.029258 
0.49151 0.029225 
0.49184 0.029193 
0.49217 0.029160 
0.49251 0.029125 
0.49284 0.029091 
0.49317 0.029056 
0.49351 0.029024 
0.49384 0.028990 
0.49417 0.028957 
0.49451 0.028924 
0.49484 0.028891 
0.49517 0.028856 
0.49550 0.028823 
0.49584 0.028791 
0.49617 0.028754 
0.49650 0.028718 
0.49684 0.028687 
0.49717 0.028652 
0.49750 0.028621 
0.49784 0.028591 
0.49817 0.028558 
0.49850 0.028525 
0.49883 0.028490 
0.49917 0.028457 
0.49950 0.028423 
0.49983 0.028394 
0.50017 0.028362 
0.50050 0.028327 
0.50083 0.028295 
0.50117 0.028262 
0.50150 0.028227 
0.50183 0.028195 
0.50216 0.028163 
0.50250 0.028134 
0.50283 0.028103 
0.50316 0.028073 
0.50350 0.028040 
0.50383 0.028010 
0.50416 0.027980 
0.50450 0.027948 
0.50483 0.027917 
0.50516 0.027884 
0.50549 0.027851 
0.50583 0.027819 
0.50616 0.027788 
0.50649 0.027759 
0.50683 0.027727 
0.50716 0.027696 
0.50749 0.027667 
0.50783 0.027635 
0.50816 0.027604 
0.50849 0.027575 
0.50882 0.027544 
0.50916 0.027513 
0.50949 0.027480 
0.50982 0.027449 
0.51016 0.027418 
0.51049 0.027386 
0.51082 0.027352 
0.51116 0.027322 
0.51149 0.027290 
0.51182 0.027260 
0.51215 0.027231 
0.51249 0.027200 
0.51282 0.027171 
0.51315 0.027142 
0.51349 0.027114 
0.51382 0.027084 
0.51415 0.027056 
0.51449 0.027025 
0.51482 0.026994 
0.51515 0.026967 
0.51548 0.026936 
0.51582 0.026908 
0.51615 0.026880 
0.51648 0.026851 
0.51682 0.026823 
0.51715 0.026795 
0.51748 0.026764 
0.51782 0.026736 
0.51815 0.026705 
0.51848 0.026675 
0.51881 0.026645 
0.51915 0.026615 
0.51948 0.026585 
0.51981 0.026558 
0.52015 0.026527 
0.52048 0.026499 
0.52081 0.026471 
0.52115 0.026444 
0.52148 0.026416 
0.52181 0.026386 
0.52214 0.026358 
0.52248 0.026327 
0.52281 0.026299 
0.52314 0.026269 
0.52348 0.026238 
0.52381 0.026210 
0.52414 0.026181 
0.52448 0.026153 
0.52481 0.026124 
0.52514 0.026096 
0.52547 0.026068 
0.52581 0.026039 
0.52614 0.026011 
0.52647 0.025985 
0.52681 0.025957 
0.52714 0.025927 
0.52747 0.025901 
0.52781 0.025871 
0.52814 0.025840 
0.52847 0.025813 
0.52880 0.025783 
0.52914 0.025755 
0.52947 0.025724 
0.52980 0.025697 
0.53014 0.025670 
0.53047 0.025643 
0.53080 0.025616 
0.53114 0.025588 
0.53147 0.025562 
0.53180 0.025532 
0.53213 0.025505 
0.53247 0.025477 
0.53280 0.025452 
0.53313 0.025426 
0.53347 0.025399 
0.53380 0.025370 
0.53413 0.025341 
0.53447 0.025314 
0.53480 0.025288 
0.53513 0.025262 
0.53546 0.025234 
0.53580 0.025206 
0.53613 0.025179 
0.53646 0.025153 
0.53680 0.025127 
0.53713 0.025098 
0.53746 0.025070 
0.53780 0.025042 
0.53813 0.025015 
0.53846 0.024986 
0.53879 0.024960 
0.53913 0.024933 
0.53946 0.024906 
0.53979 0.024880 
0.54013 0.024853 
0.54046 0.024827 
0.54079 0.024799 
0.54113 0.024772 
0.54146 0.024745 
0.54179 0.024717 
0.54212 0.024692 
0.54246 0.024667 
0.54279 0.024641 
0.54312 0.024616 
0.54346 0.024592 
0.54379 0.024568 
0.54412 0.024544 
0.54446 0.024519 
0.54479 0.024493 
0.54512 0.024469 
0.54545 0.024444 
0.54579 0.024419 
0.54612 0.024393 
0.54645 0.024367 
0.54679 0.024342 
0.54712 0.024315 
0.54745 0.024289 
0.54779 0.024265 
0.54812 0.024241 
0.54845 0.024216 
0.54878 0.024190 
0.54912 0.024164 
0.54945 0.024140 
0.54978 0.024115 
0.55012 0.024089 
0.55045 0.024064 
0.55078 0.024039 
0.55112 0.024014 
0.55145 0.023989 
0.55178 0.023964 
0.55211 0.023938 
0.55245 0.023912 
0.55278 0.023889 
0.55311 0.023864 
0.55345 0.023839 
0.55378 0.023816 
0.55411 0.023792 
0.55445 0.023766 
0.55478 0.023741 
0.55511 0.023717 
0.55544 0.023694 
0.55578 0.023670 
0.55611 0.023646 
0.55644 0.023623 
0.55678 0.023598 
0.55711 0.023573 
0.55744 0.023548 
0.55778 0.023525 
0.55811 0.023499 
0.55844 0.023474 
0.55877 0.023451 
0.55911 0.023428 
0.55944 0.023404 
0.55977 0.023381 
0.56011 0.023357 
0.56044 0.023332 
0.56077 0.023309 
0.56111 0.023286 
0.56144 0.023261 
0.56177 0.023236 
0.56210 0.023211 
0.56244 0.023188 
0.56277 0.023164 
0.56310 0.023141 
0.56344 0.023119 
0.56377 0.023096 
0.56410 0.023073 
0.56444 0.023049 
0.56477 0.023026 
0.56510 0.023001 
0.56543 0.022979 
0.56577 0.022953 
0.56610 0.022930 
0.56643 0.022908 
0.56677 0.022886 
0.56710 0.022862 
0.56743 0.022839 
0.56777 0.022815 
0.56810 0.022793 
0.56843 0.022770 
0.56876 0.022747 
0.56910 0.022725 
0.56943 0.022702 
0.56976 0.022679 
0.57010 0.022655 
0.57043 0.022633 
0.57076 0.022610 
0.57110 0.022587 
0.57143 0.022564 
0.57176 0.022542 
0.57209 0.022519 
0.57243 0.022497 
0.57276 0.022474 
0.57309 0.022450 
0.57343 0.022428 
0.57376 0.022404 
0.57409 0.022381 
0.57443 0.022360 
0.57476 0.022338 
0.57509 0.022317 
0.57542 0.022296 
0.57576 0.022275 
0.57609 0.022252 
0.57642 0.022230 
0.57676 0.022209 
0.57709 0.022187 
0.57742 0.022164 
0.57776 0.022143 
0.57809 0.022121 
0.57842 0.022098 
0.57875 0.022076 
0.57909 0.022053 
0.57942 0.022032 
0.57975 0.022011 
0.58009 0.021989 
0.58042 0.021969 
0.58075 0.021948 
0.58109 0.021924 
0.58142 0.021902 
0.58175 0.021883 
0.58208 0.021862 
0.58242 0.021840 
0.58275 0.021818 
0.58308 0.021797 
0.58342 0.021775 
0.58375 0.021754 
0.58408 0.021731 
0.58442 0.021711 
0.58475 0.021689 
0.58508 0.021668 
0.58541 0.021647 
0.58575 0.021626 
0.58608 0.021603 
0.58641 0.021583 
0.58675 0.021562 
0.58708 0.021539 
0.58741 0.021519 
0.58775 0.021498 
0.58808 0.021476 
0.58841 0.021457 
0.58874 0.021438 
0.58908 0.021416 
0.58941 0.021395 
0.58974 0.021375 
0.59008 0.021355 
0.59041 0.021333 
0.59074 0.021312 
0.59108 0.021292 
0.59141 0.021273 
0.59174 0.021251 
0.59207 0.021230 
0.59241 0.021209 
0.59274 0.021189 
0.59307 0.021169 
0.59341 0.021150 
0.59374 0.021132 
0.59407 0.021112 
0.59441 0.021091 
0.59474 0.021071 
0.59507 0.021052 
0.59540 0.021032 
0.59574 0.021012 
0.59607 0.020992 
0.59640 0.020971 
0.59674 0.020950 
0.59707 0.020930 
0.59740 0.020911 
0.59774 0.020890 
0.59807 0.020870 
0.59840 0.020848 
0.59873 0.020829 
0.59907 0.020809 
0.59940 0.020790 
0.59973 0.020771 
0.60007 0.020750 
0.60040 0.020728 
0.60073 0.020708 
0.60107 0.020688 
0.60140 0.020669 
0.60173 0.020651 
0.60206 0.020631 
0.60240 0.020611 
0.60273 0.020591 
0.60306 0.020571 
0.60340 0.020551 
0.60373 0.020531 
0.60406 0.020512 
0.60440 0.020493 
0.60473 0.020473 
0.60506 0.020454 
0.60539 0.020435 
0.60573 0.020416 
0.60606 0.020397 
0.60639 0.020378 
0.60673 0.020359 
0.60706 0.020340 
0.60739 0.020321 
0.60773 0.020300 
0.60806 0.020281 
0.60839 0.020262 
0.60872 0.020243 
0.60906 0.020224 
0.60939 0.020204 
0.60972 0.020185 
0.61006 0.020165 
0.61039 0.020146 
0.61072 0.020127 
0.61106 0.020107 
0.61139 0.020089 
0.61172 0.020070 
0.61205 0.020050 
0.61239 0.020031 
0.61272 0.020013 
0.61305 0.019995 
0.61339 0.019977 
0.61372 0.019959 
0.61405 0.019941 
0.61439 0.019923 
0.61472 0.019905 
0.61505 0.019886 
0.61538 0.019867 
0.61572 0.019849 
0.61605 0.019831 
0.61638 0.019811 
0.61672 0.019793 
0.61705 0.019775 
0.61738 0.019757 
0.61772 0.019738 
0.61805 0.019719 
0.61838 0.019701 
0.61871 0.019683 
0.61905 0.019666 
0.61938 0.019648 
0.61971 0.019630 
0.62005 0.019611 
0.62038 0.019593 
0.62071 0.019575 
0.62105 0.019558 
0.62138 0.019540 
0.62171 0.019522 
0.62204 0.019504 
0.62238 0.019486 
0.62271 0.019467 
0.62304 0.019449 
0.62338 0.019429 
0.62371 0.019412 
0.62404 0.019395 
0.62438 0.019377 
0.62471 0.019359 
0.62504 0.019341 
0.62537 0.019324 
0.62571 0.019305 
0.62604 0.019287 
0.62637 0.019269 
0.62671 0.019251 
0.62704 0.019234 
0.62737 0.019217 
0.62771 0.019199 
0.62804 0.019182 
0.62837 0.019164 
0.62870 0.019148 
0.62904 0.019130 
0.62937 0.019112 
0.62970 0.019094 
0.63004 0.019076 
0.63037 0.019060 
0.63070 0.019043 
0.63104 0.019027 
0.63137 0.019010 
0.63170 0.018993 
0.63203 0.018976 
0.63237 0.018959 
0.63270 0.018942 
0.63303 0.018926 
0.63337 0.018908 
0.63370 0.018891 
0.63403 0.018874 
0.63437 0.018857 
0.63470 0.018840 
0.63503 0.018822 
0.63536 0.018804 
0.63570 0.018788 
0.63603 0.018770 
0.63636 0.018753 
0.63670 0.018736 
0.63703 0.018718 
0.63736 0.018701 
0.63770 0.018683 
0.63803 0.018665 
0.63836 0.018648 
0.63869 0.018631 
0.63903 0.018615 
0.63936 0.018599 
0.63969 0.018582 
0.64003 0.018566 
0.64036 0.018549 
0.64069 0.018533 
0.64103 0.018516 
0.64136 0.018498 
0.64169 0.018481 
0.64202 0.018465 
0.64236 0.018447 
0.64269 0.018430 
0.64302 0.018414 
0.64336 0.018398 
0.64369 0.018382 
0.64402 0.018366 
0.64436 0.018349 
0.64469 0.018332 
0.64502 0.018317 
0.64535 0.018300 
0.64569 0.018284 
0.64602 0.018267 
0.64635 0.018251 
0.64669 0.018234 
0.64702 0.018218 
0.64735 0.018202 
0.64769 0.018186 
0.64802 0.018169 
0.64835 0.018154 
0.64868 0.018137 
0.64902 0.018121 
0.64935 0.018104 
0.64968 0.018088 
0.65002 0.018072 
0.65035 0.018056 
0.65068 0.018041 
0.65102 0.018024 
0.65135 0.018008 
0.65168 0.017992 
0.65201 0.017977 
0.65235 0.017961 
0.65268 0.017946 
0.65301 0.017931 
0.65335 0.017915 
0.65368 0.017899 
0.65401 0.017884 
0.65435 0.017867 
0.65468 0.017852 
0.65501 0.017836 
0.65534 0.017820 
0.65568 0.017805 
0.65601 0.017789 
0.65634 0.017774 
0.65668 0.017760 
0.65701 0.017745 
0.65734 0.017729 
0.65768 0.017713 
0.65801 0.017698 
0.65834 0.017683 
0.65867 0.017667 
0.65901 0.017652 
0.65934 0.017637 
0.65967 0.017622 
0.66001 0.017607 
0.66034 0.017591 
0.66067 0.017576 
0.66101 0.017561 
0.66134 0.017546 
0.66167 0.017531 
0.66200 0.017516 
0.66234 0.017501 
0.66267 0.017486 
0.66300 0.017471 
0.66334 0.017457 
0.66367 0.017442 
0.66400 0.017426 
0.66434 0.017411 
0.66467 0.017397 
0.66500 0.017382 
0.66533 0.017367 
0.66567 0.017353 
0.66600 0.017338 
0.66633 0.017324 
0.66667 0.017309 
0.66700 0.017294 
0.66733 0.017278 
0.66767 0.017264 
0.66800 0.017249 
0.66833 0.017236 
0.66866 0.017222 
0.66900 0.017206 
0.66933 0.017190 
0.66966 0.017176 
0.67000 0.017162 
0.67033 0.017147 
0.67066 0.017134 
0.67100 0.017119 
0.67133 0.017104 
0.67166 0.017090 
0.67199 0.017075 
0.67233 0.017061 
0.67266 0.017047 
0.67299 0.017033 
0.67333 0.017018 
0.67366 0.017004 
0.67399 0.016989 
0.67433 0.016975 
0.67466 0.016961 
0.67499 0.016946 
0.67532 0.016932 
0.67566 0.016917 
0.67599 0.016903 
0.67632 0.016888 
0.67666 0.016875 
0.67699 0.016861 
0.67732 0.016846 
0.67766 0.016832 
0.67799 0.016818 
0.67832 0.016803 
0.67865 0.016789 
0.67899 0.016774 
0.67932 0.016760 
0.67965 0.016746 
0.67999 0.016731 
0.68032 0.016716 
0.68065 0.016702 
0.68099 0.016687 
0.68132 0.016673 
0.68165 0.016659 
0.68198 0.016646 
0.68232 0.016632 
0.68265 0.016618 
0.68298 0.016603 
0.68332 0.016589 
0.68365 0.016575 
0.68398 0.016561 
0.68432 0.016547 
0.68465 0.016533 
0.68498 0.016519 
0.68531 0.016504 
0.68565 0.016490 
0.68598 0.016476 
0.68631 0.016462 
0.68665 0.016448 
0.68698 0.016435 
0.68731 0.016421 
0.68765 0.016407 
0.68798 0.016394 
0.68831 0.016381 
0.68864 0.016367 
0.68898 0.016352 
0.68931 0.016339 
0.68964 0.016326 
0.68998 0.016312 
0.69031 0.016299 
0.69064 0.016286 
0.69098 0.016273 
0.69131 0.016259 
0.69164 0.016246 
0.69197 0.016233 
0.69231 0.016219 
0.69264 0.016204 
0.69297 0.016191 
0.69331 0.016177 
0.69364 0.016164 
0.69397 0.016151 
0.69431 0.016137 
0.69464 0.016123 
0.69497 0.016111 
0.69530 0.016097 
0.69564 0.016084 
0.69597 0.016071 
0.69630 0.016056 
0.69664 0.016043 
0.69697 0.016029 
0.69730 0.016017 
0.69764 0.016005 
0.69797 0.015992 
0.69830 0.015979 
0.69863 0.015966 
0.69897 0.015953 
0.69930 0.015940 
0.69963 0.015927 
0.69997 0.015913 
0.70030 0.015900 
0.70063 0.015887 
0.70097 0.015874 
0.70130 0.015861 
0.70163 0.015847 
0.70196 0.015835 
0.70230 0.015822 
0.70263 0.015809 
0.70296 0.015796 
0.70330 0.015783 
0.70363 0.015770 
0.70396 0.015757 
0.70430 0.015745 
0.70463 0.015732 
0.70496 0.015719 
0.70529 0.015706 
0.70563 0.015694 
0.70596 0.015681 
0.70629 0.015669 
0.70663 0.015656 
0.70696 0.015642 
0.70729 0.015630 
0.70763 0.015617 
0.70796 0.015604 
0.70829 0.015592 
0.70862 0.015580 
0.70896 0.015567 
0.70929 0.015555 
0.70962 0.015543 
0.70996 0.015530 
0.71029 0.015518 
0.71062 0.015505 
0.71096 0.015493 
0.71129 0.015480 
0.71162 0.015467 
0.71195 0.015454 
0.71229 0.015442 
0.71262 0.015430 
0.71295 0.015417 
0.71329 0.015405 
0.71362 0.015392 
0.71395 0.015379 
0.71429 0.015367 
0.71462 0.015354 
0.71495 0.015342 
0.71528 0.015329 
0.71562 0.015316 
0.71595 0.015304 
0.71628 0.015292 
0.71662 0.015279 
0.71695 0.015267 
0.71728 0.015255 
0.71762 0.015243 
0.71795 0.015230 
0.71828 0.015218 
0.71861 0.015206 
0.71895 0.015194 
0.71928 0.015181 
0.71961 0.015170 
0.71995 0.015157 
0.72028 0.015145 
0.72061 0.015133 
0.72095 0.015121 
0.72128 0.015109 
0.72161 0.015096 
0.72194 0.015084 
0.72228 0.015072 
0.72261 0.015060 
0.72294 0.015047 
0.72328 0.015035 
0.72361 0.015022 
0.72394 0.015009 
0.72428 0.014997 
0.72461 0.014985 
0.72494 0.014974 
0.72527 0.014961 
0.72561 0.014949 
0.72594 0.014936 
0.72627 0.014925 
0.72661 0.014913 
0.72694 0.014901 
0.72727 0.014889 
0.72761 0.014877 
0.72794 0.014865 
0.72827 0.014853 
0.72860 0.014841 
0.72894 0.014829 
0.72927 0.014818 
0.72960 0.014806 
0.72994 0.014795 
0.73027 0.014783 
0.73060 0.014771 
0.73094 0.014759 
0.73127 0.014747 
0.73160 0.014736 
0.73193 0.014724 
0.73227 0.014712 
0.73260 0.014701 
0.73293 0.014688 
0.73327 0.014677 
0.73360 0.014665 
0.73393 0.014654 
0.73427 0.014642 
0.73460 0.014630 
0.73493 0.014619 
0.73526 0.014607 
0.73560 0.014596 
0.73593 0.014584 
0.73626 0.014572 
0.73660 0.014561 
0.73693 0.014549 
0.73726 0.014537 
0.73760 0.014526 
0.73793 0.014514 
0.73826 0.014503 
0.73859 0.014491 
0.73893 0.014480 
0.73926 0.014469 
0.73959 0.014458 
0.73993 0.014447 
0.74026 0.014435 
0.74059 0.014423 
0.74093 0.014412 
0.74126 0.014401 
0.74159 0.014389 
0.74192 0.014377 
0.74226 0.014366 
0.74259 0.014355 
0.74292 0.014345 
0.74326 0.014333 
0.74359 0.014322 
0.74392 0.014311 
0.74426 0.014300 
0.74459 0.014289 
0.74492 0.014278 
0.74525 0.014268 
0.74559 0.014257 
0.74592 0.014246 
0.74625 0.014235 
0.74659 0.014224 
0.74692 0.014213 
0.74725 0.014202 
0.74759 0.014191 
0.74792 0.014180 
0.74825 0.014169 
0.74858 0.014158 
0.74892 0.014148 
0.74925 0.014137 
0.74958 0.014127 
0.74992 0.014116 
0.75025 0.014104 
0.75058 0.014093 
0.75092 0.014082 
0.75125 0.014071 
0.75158 0.014060 
0.75191 0.014049 
0.75225 0.014038 
0.75258 0.014027 
0.75291 0.014016 
0.75325 0.014006 
0.75358 0.013995 
0.75391 0.013984 
0.75425 0.013972 
0.75458 0.013961 
0.75491 0.013951 
0.75524 0.013940 
0.75558 0.013929 
0.75591 0.013918 
0.75624 0.013907 
0.75658 0.013897 
0.75691 0.013887 
0.75724 0.013876 
0.75758 0.013865 
0.75791 0.013854 
0.75824 0.013842 
0.75857 0.013832 
0.75891 0.013822 
0.75924 0.013811 
0.75957 0.013801 
0.75991 0.013790 
0.76024 0.013779 
0.76057 0.013768 
0.76091 0.013758 
0.76124 0.013747 
0.76157 0.013737 
0.76190 0.013726 
0.76224 0.013716 
0.76257 0.013706 
0.76290 0.013695 
0.76324 0.013684 
0.76357 0.013674 
0.76390 0.013663 
0.76424 0.013652 
0.76457 0.013642 
0.76490 0.013632 
0.76523 0.013622 
0.76557 0.013611 
0.76590 0.013601 
0.76623 0.013590 
0.76657 0.013580 
0.76690 0.013570 
0.76723 0.013559 
0.76757 0.013549 
0.76790 0.013539 
0.76823 0.013529 
0.76856 0.013518 
0.76890 0.013508 
0.76923 0.013498 
0.76956 0.013488 
0.76990 0.013478 
0.77023 0.013468 
0.77056 0.013458 
0.77090 0.013448 
0.77123 0.013438 
0.77156 0.013427 
0.77189 0.013417 
0.77223 0.013407 
0.77256 0.013397 
0.77289 0.013388 
0.77323 0.013377 
0.77356 0.013366 
0.77389 0.013356 
0.77423 0.013346 
0.77456 0.013336 
0.77489 0.013326 
0.77522 0.013317 
0.77556 0.013307 
0.77589 0.013297 
0.77622 0.013287 
0.77656 0.013277 
0.77689 0.013267 
0.77722 0.013258 
0.77756 0.013248 
0.77789 0.013237 
0.77822 0.013228 
0.77855 0.013218 
0.77889 0.013208 
0.77922 0.013198 
0.77955 0.013188 
0.77989 0.013179 
0.78022 0.013169 
0.78055 0.013160 
0.78089 0.013150 
0.78122 0.013140 
0.78155 0.013130 
0.78188 0.013121 
0.78222 0.013111 
0.78255 0.013101 
0.78288 0.013092 
0.78322 0.013082 
0.78355 0.013072 
0.78388 0.013062 
0.78422 0.013052 
0.78455 0.013042 
0.78488 0.013033 
0.78521 0.013023 
0.78555 0.013014 
0.78588 0.013004 
0.78621 0.012994 
0.78655 0.012984 
0.78688 0.012974 
0.78721 0.012965 
0.78755 0.012954 
0.78788 0.012944 
0.78821 0.012935 
0.78854 0.012925 
0.78888 0.012916 
0.78921 0.012907 
0.78954 0.012897 
0.78988 0.012887 
0.79021 0.012877 
0.79054 0.012868 
0.79088 0.012858 
0.79121 0.012848 
0.79154 0.012839 
0.79187 0.012829 
0.79221 0.012820 
0.79254 0.012810 
0.79287 0.012801 
0.79321 0.012791 
0.79354 0.012782 
0.79387 0.012772 
0.79421 0.012762 
0.79454 0.012752 
0.79487 0.012743 
0.79520 0.012733 
0.79554 0.012724 
0.79587 0.012715 
0.79620 0.012706 
0.79654 0.012696 
0.79687 0.012686 
0.79720 0.012677 
0.79754 0.012667 
0.79787 0.012657 
0.79820 0.012648 
0.79853 0.012638 
0.79887 0.012629 
0.79920 0.012619 
0.79953 0.012609 
0.79987 0.012600 
0.80020 0.012591 
0.80053 0.012582 
0.80087 0.012572 
0.80120 0.012563 
0.80153 0.012553 
0.80186 0.012544 
0.80220 0.012535 
0.80253 0.012525 
0.80286 0.012516 
0.80320 0.012507 
0.80353 0.012498 
0.80386 0.012488 
0.80420 0.012479 
0.80453 0.012470 
0.80486 0.012461 
0.80519 0.012452 
0.80553 0.012443 
0.80586 0.012433 
0.80619 0.012424 
0.80653 0.012415 
0.80686 0.012406 
0.80719 0.012397 
0.80753 0.012387 
0.80786 0.012379 
0.80819 0.012369 
0.80852 0.012360 
0.80886 0.012351 
0.80919 0.012342 
0.80952 0.012333 
0.80986 0.012325 
0.81019 0.012316 
0.81052 0.012306 
0.81086 0.012297 
0.81119 0.012289 
0.81152 0.012280 
0.81185 0.012270 
0.81219 0.012261 
0.81252 0.012253 
0.81285 0.012244 
0.81319 0.012235 
0.81352 0.012226 
0.81385 0.012217 
0.81419 0.012208 
0.81452 0.012199 
0.81485 0.012190 
0.81518 0.012181 
0.81552 0.012173 
0.81585 0.012164 
0.81618 0.012154 
0.81652 0.012145 
0.81685 0.012137 
0.81718 0.012128 
0.81752 0.012119 
0.81785 0.012110 
0.81818 0.012101 
0.81851 0.012093 
0.81885 0.012084 
0.81918 0.012075 
0.81951 0.012066 
0.81985 0.012057 
0.82018 0.012048 
0.82051 0.012040 
0.82085 0.012031 
0.82118 0.012023 
0.82151 0.012014 
0.82184 0.012005 
0.82218 0.011997 
0.82251 0.011988 
0.82284 0.011979 
0.82318 0.011971 
0.82351 0.011962 
0.82384 0.011953 
0.82418 0.011945 
0.82451 0.011936 
0.82484 0.011928 
0.82517 0.011919 
0.82551 0.011910 
0.82584 0.011902 
0.82617 0.011893 
0.82651 0.011885 
0.82684 0.011876 
0.82717 0.011867 
0.82751 0.011859 
0.82784 0.011850 
0.82817 0.011842 
0.82850 0.011833 
0.82884 0.011825 
0.82917 0.011816 
0.82950 0.011808 
0.82984 0.011799 
0.83017 0.011791 
0.83050 0.011782 
0.83084 0.011774 
0.83117 0.011765 
0.83150 0.011757 
0.83183 0.011748 
0.83217 0.011740 
0.83250 0.011731 
0.83283 0.011723 
0.83317 0.011714 
0.83350 0.011706 
0.83383 0.011697 
0.83417 0.011688 
0.83450 0.011680 
0.83483 0.011672 
0.83516 0.011663 
0.83550 0.011655 
0.83583 0.011647 
0.83616 0.011638 
0.83650 0.011630 
0.83683 0.011622 
0.83716 0.011613 
0.83750 0.011605 
0.83783 0.011596 
0.83816 0.011588 
0.83849 0.011580 
0.83883 0.011571 
0.83916 0.011563 
0.83949 0.011555 
0.83983 0.011546 
0.84016 0.011538 
0.84049 0.011530 
0.84083 0.011523 
0.84116 0.011515 
0.84149 0.011507 
0.84182 0.011499 
0.84216 0.011490 
0.84249 0.011482 
0.84282 0.011474 
0.84316 0.011465 
0.84349 0.011457 
0.84382 0.011449 
0.84416 0.011441 
0.84449 0.011433 
0.84482 0.011424 
0.84515 0.011416 
0.84549 0.011408 
0.84582 0.011400 
0.84615 0.011392 
0.84649 0.011384 
0.84682 0.011376 
0.84715 0.011368 
0.84749 0.011360 
0.84782 0.011353 
0.84815 0.011345 
0.84848 0.011337 
0.84882 0.011329 
0.84915 0.011321 
0.84948 0.011313 
0.84982 0.011305 
0.85015 0.011297 
0.85048 0.011289 
0.85082 0.011281 
0.85115 0.011273 
0.85148 0.011265 
0.85181 0.011257 
0.85215 0.011249 
0.85248 0.011241 
0.85281 0.011233 
0.85315 0.011226 
0.85348 0.011217 
0.85381 0.011210 
0.85415 0.011201 
0.85448 0.011194 
0.85481 0.011186 
0.85514 0.011178 
0.85548 0.011170 
0.85581 0.011163 
0.85614 0.011155 
0.85648 0.011147 
0.85681 0.011139 
0.85714 0.011132 
0.85748 0.011124 
0.85781 0.011116 
0.85814 0.011108 
0.85847 0.011101 
0.85881 0.011093 
0.85914 0.011085 
0.85947 0.011078 
0.85981 0.011070 
0.86014 0.011062 
0.86047 0.011055 
0.86081 0.011047 
0.86114 0.011040 
0.86147 0.011032 
0.86180 0.011024 
0.86214 0.011016 
0.86247 0.011008 
0.86280 0.011001 
0.86314 0.010993 
0.86347 0.010985 
0.86380 0.010977 
0.86414 0.010969 
0.86447 0.010962 
0.86480 0.010954 
0.86513 0.010946 
0.86547 0.010939 
0.86580 0.010931 
0.86613 0.010923 
0.86647 0.010915 
0.86680 0.010908 
0.86713 0.010900 
0.86747 0.010892 
0.86780 0.010885 
0.86813 0.010877 
0.86846 0.010870 
0.86880 0.010862 
0.86913 0.010855 
0.86946 0.010847 
0.86980 0.010840 
0.87013 0.010832 
0.87046 0.010825 
0.87080 0.010817 
0.87113 0.010809 
0.87146 0.010801 
0.87179 0.010794 
0.87213 0.010786 
0.87246 0.010778 
0.87279 0.010771 
0.87313 0.010763 
0.87346 0.010755 
0.87379 0.010748 
0.87413 0.010740 
0.87446 0.010733 
0.87479 0.010726 
0.87512 0.010718 
0.87546 0.010710 
0.87579 0.010703 
0.87612 0.010696 
0.87646 0.010688 
0.87679 0.010681 
0.87712 0.010673 
0.87746 0.010666 
0.87779 0.010659 
0.87812 0.010652 
0.87845 0.010644 
0.87879 0.010637 
0.87912 0.010629 
0.87945 0.010622 
0.87979 0.010614 
0.88012 0.010607 
0.88045 0.010599 
0.88079 0.010592 
0.88112 0.010585 
0.88145 0.010577 
0.88178 0.010570 
0.88212 0.010563 
0.88245 0.010555 
0.88278 0.010548 
0.88312 0.010541 
0.88345 0.010533 
0.88378 0.010526 
0.88412 0.010519 
0.88445 0.010511 
0.88478 0.010504 
0.88511 0.010497 
0.88545 0.010489 
0.88578 0.010482 
0.88611 0.010474 
0.88645 0.010467 
0.88678 0.010460 
0.88711 0.010452 
0.88745 0.010445 
0.88778 0.010438 
0.88811 0.010431 
0.88844 0.010424 
0.88878 0.010417 
0.88911 0.010410 
0.88944 0.010402 
0.88978 0.010396 
0.89011 0.010388 
0.89044 0.010381 
0.89078 0.010374 
0.89111 0.010367 
0.89144 0.010360 
0.89177 0.010352 
0.89211 0.010345 
0.89244 0.010338 
0.89277 0.010331 
0.89311 0.010324 
0.89344 0.010317 
0.89377 0.010310 
0.89411 0.010303 
0.89444 0.010296 
0.89477 0.010289 
0.89510 0.010282 
0.89544 0.010275 
0.89577 0.010267 
0.89610 0.010260 
0.89644 0.010253 
0.89677 0.010246 
0.89710 0.010240 
0.89744 0.010233 
0.89777 0.010226 
0.89810 0.010219 
0.89843 0.010212 
0.89877 0.010205 
0.89910 0.010198 
0.89943 0.010191 
0.89977 0.010184 
0.90010 0.010177 
0.90043 0.010170 
0.90077 0.010163 
0.90110 0.010156 
0.90143 0.010149 
0.90176 0.010142 
0.90210 0.010135 
0.90243 0.010128 
0.90276 0.010121 
0.90310 0.010114 
0.90343 0.010108 
0.90376 0.010101 
0.90410 0.010094 
0.90443 0.010087 
0.90476 0.010080 
0.90509 0.010073 
0.90543 0.010066 
0.90576 0.010059 
0.90609 0.010052 
0.90643 0.010045 
0.90676 0.010039 
0.90709 0.010032 
0.90743 0.010025 
0.90776 0.010018 
0.90809 0.010011 
0.90842 0.010004 
0.90876 0.009998 
0.90909 0.009991 
0.90942 0.009984 
0.90976 0.009977 
0.91009 0.009970 
0.91042 0.009964 
0.91076 0.009957 
0.91109 0.009950 
0.91142 0.009943 
0.91175 0.009936 
0.91209 0.009930 
0.91242 0.009923 
0.91275 0.009916 
0.91309 0.009909 
0.91342 0.009903 
0.91375 0.009896 
0.91409 0.009889 
0.91442 0.009882 
0.91475 0.009876 
0.91508 0.009869 
0.91542 0.009862 
0.91575 0.009856 
0.91608 0.009849 
0.91642 0.009842 
0.91675 0.009836 
0.91708 0.009829 
0.91742 0.009822 
0.91775 0.009816 
0.91808 0.009809 
0.91841 0.009802 
0.91875 0.009796 
0.91908 0.009789 
0.91941 0.009783 
0.91975 0.009776 
0.92008 0.009770 
0.92041 0.009763 
0.92075 0.009757 
0.92108 0.009750 
0.92141 0.009743 
0.92174 0.009737 
0.92208 0.009730 
0.92241 0.009724 
0.92274 0.009717 
0.92308 0.009711 
0.92341 0.009704 
0.92374 0.009698 
0.92408 0.009692 
0.92441 0.009685 
0.92474 0.009679 
0.92507 0.009672 
0.92541 0.009665 
0.92574 0.009659 
0.92607 0.009652 
0.92641 0.009646 
0.92674 0.009640 
0.92707 0.009633 
0.92741 0.009627 
0.92774 0.009621 
0.92807 0.009614 
0.92840 0.009608 
0.92874 0.009601 
0.92907 0.009595 
0.92940 0.009589 
0.92974 0.009582 
0.93007 0.009575 
0.93040 0.009569 
0.93074 0.009562 
0.93107 0.009556 
0.93140 0.009549 
0.93173 0.009543 
0.93207 0.009536 
0.93240 0.009530 
0.93273 0.009523 
0.93307 0.009517 
0.93340 0.009510 
0.93373 0.009504 
0.93407 0.009497 
0.93440 0.009491 
0.93473 0.009484 
0.93506 0.009478 
0.93540 0.009471 
0.93573 0.009465 
0.93606 0.009458 
0.93640 0.009452 
0.93673 0.009445 
0.93706 0.009439 
0.93740 0.009432 
0.93773 0.009426 
0.93806 0.009420 
0.93839 0.009413 
0.93873 0.009407 
0.93906 0.009400 
0.93939 0.009394 
0.93973 0.009388 
0.94006 0.009382 
0.94039 0.009375 
0.94073 0.009369 
0.94106 0.009362 
0.94139 0.009356 
0.94172 0.009350 
0.94206 0.009344 
0.94239 0.009337 
0.94272 0.009331 
0.94306 0.009325 
0.94339 0.009318 
0.94372 0.009312 
0.94406 0.009306 
0.94439 0.009300 
0.94472 0.009293 
0.94505 0.009287 
0.94539 0.009281 
0.94572 0.009274 
0.94605 0.009268 
0.94639 0.009262 
0.94672 0.009256 
0.94705 0.009250 
0.94739 0.009244 
0.94772 0.009238 
0.94805 0.009231 
0.94838 0.009225 
0.94872 0.009219 
0.94905 0.009213 
0.94938 0.009206 
0.94972 0.009200 
0.95005 0.009194 
0.95038 0.009188 
0.95072 0.009182 
0.95105 0.009176 
0.95138 0.009170 
0.95171 0.009163 
0.95205 0.009157 
0.95238 0.009151 
0.95271 0.009145 
0.95305 0.009139 
0.95338 0.009133 
0.95371 0.009127 
0.95405 0.009120 
0.95438 0.009115 
0.95471 0.009109 
0.95504 0.009103 
0.95538 0.009096 
0.95571 0.009090 
0.95604 0.009084 
0.95638 0.009078 
0.95671 0.009072 
0.95704 0.009066 
0.95738 0.009060 
0.95771 0.009054 
0.95804 0.009048 
0.95837 0.009042 
0.95871 0.009036 
0.95904 0.009030 
0.95937 0.009024 
0.95971 0.009018 
0.96004 0.009012 
0.96037 0.009006 
0.96071 0.009000 
0.96104 0.008994 
0.96137 0.008988 
0.96170 0.008982 
0.96204 0.008977 
0.96237 0.008971 
0.96270 0.008965 
0.96304 0.008959 
0.96337 0.008953 
0.96370 0.008947 
0.96404 0.008941 
0.96437 0.008936 
0.96470 0.008930 
0.96503 0.008924 
0.96537 0.008918 
0.96570 0.008912 
0.96603 0.008906 
0.96637 0.008900 
0.96670 0.008895 
0.96703 0.008889 
0.96737 0.008883 
0.96770 0.008877 
0.96803 0.008871 
0.96836 0.008865 
0.96870 0.008860 
0.96903 0.008854 
0.96936 0.008848 
0.96970 0.008842 
0.97003 0.008836 
0.97036 0.008831 
0.97070 0.008825 
0.97103 0.008819 
0.97136 0.008813 
0.97169 0.008808 
0.97203 0.008802 
0.97236 0.008796 
0.97269 0.008790 
0.97303 0.008784 
0.97336 0.008779 
0.97369 0.008773 
0.97403 0.008767 
0.97436 0.008761 
0.97469 0.008756 
0.97502 0.008750 
0.97536 0.008744 
0.97569 0.008738 
0.97602 0.008732 
0.97636 0.008727 
0.97669 0.008721 
0.97702 0.008715 
0.97736 0.008709 
0.97769 0.008704 
0.97802 0.008698 
0.97835 0.008692 
0.97869 0.008687 
0.97902 0.008681 
0.97935 0.008675 
0.97969 0.008670 
0.98002 0.008664 
0.98035 0.008658 
0.98069 0.008653 
0.98102 0.008647 
0.98135 0.008641 
0.98168 0.008636 
0.98202 0.008630 
0.98235 0.008625 
0.98268 0.008619 
0.98302 0.008613 
0.98335 0.008608 
0.98368 0.008602 
0.98402 0.008597 
0.98435 0.008591 
0.98468 0.008585 
0.98501 0.008580 
0.98535 0.008574 
0.98568 0.008569 
0.98601 0.008563 
0.98635 0.008558 
0.98668 0.008552 
0.98701 0.008546 
0.98735 0.008541 
0.98768 0.008535 
0.98801 0.008530 
0.98834 0.008524 
0.98868 0.008519 
0.98901 0.008513 
0.98934 0.008508 
0.98968 0.008502 
0.99001 0.008497 
0.99034 0.008491 
0.99068 0.008486 
0.99101 0.008480 
0.99134 0.008475 
0.99167 0.008469 
0.99201 0.008464 
0.99234 0.008459 
0.99267 0.008453 
0.99301 0.008448 
0.99334 0.008442 
0.99367 0.008437 
0.99401 0.008431 
0.99434 0.008426 
0.99467 0.008421 
0.99500 0.008415 
0.99534 0.008410 
0.99567 0.008404 
0.99600 0.008399 
0.99634 0.008393 
0.99667 0.008388 
0.99700 0.008383 
0.99734 0.008377 
0.99767 0.008372 
0.99800 0.008367 
0.99833 0.008361 
0.99867 0.008356 
0.99900 0.008351 
0.99933 0.008345 
0.99967 0.008340 
1.00000 0.008335 
