1 1
0.00067 1.000000 
0.00101 1.000000 
0.00134 1.000000 
0.00168 1.000000 
0.00201 1.000000 
0.00235 1.000000 
0.00268 1.000000 
0.00302 1.000000 
0.00335 1.000000 
0.00369 1.000000 
0.00403 1.000000 
0.00436 1.000000 
0.00470 1.000000 
0.00503 1.000000 
0.00537 1.000000 
0.00570 1.000000 
0.00604 1.000000 
0.00637 1.000000 
0.00671 1.000000 
0.00704 1.000000 
0.00738 1.000000 
0.00772 1.000000 
0.00805 1.000000 
0.00839 1.000000 
0.00872 1.000000 
0.00906 1.000000 
0.00939 1.000000 
0.00973 1.000000 
0.01006 1.000000 
0.01040 1.000000 
0.01073 1.000000 
0.01107 1.000000 
0.01141 1.000000 
0.01174 1.000000 
0.01208 1.000000 
0.01241 1.000000 
0.01275 1.000000 
0.01308 1.000000 
0.01342 1.000000 
0.01375 1.000000 
0.01409 1.000000 
0.01442 1.000000 
0.01476 1.000000 
0.01510 0.998990 
0.01543 0.996135 
0.01577 0.996300 
0.01610 0.996454 
0.01644 0.996599 
0.01677 0.995102 
0.01711 0.995294 
0.01744 0.995475 
0.01778 0.992017 
0.01811 0.991614 
0.01845 0.989899 
0.01879 0.990260 
0.01912 0.985589 
0.01946 0.984271 
0.01979 0.983051 
0.02013 0.981921 
0.02046 0.980328 
0.02080 0.975145 
0.02113 0.972862 
0.02147 0.972718 
0.02180 0.970673 
0.02214 0.968765 
0.02248 0.965626 
0.02281 0.962687 
0.02315 0.962063 
0.02348 0.959420 
0.02382 0.958954 
0.02415 0.957746 
0.02449 0.955479 
0.02482 0.951870 
0.02516 0.947748 
0.02549 0.943509 
0.02583 0.942242 
0.02617 0.940726 
0.02650 0.938981 
0.02684 0.937658 
0.02717 0.935494 
0.02751 0.932550 
0.02784 0.930943 
0.02818 0.927711 
0.02851 0.922409 
0.02885 0.920930 
0.02918 0.919808 
0.02952 0.917973 
0.02986 0.915475 
0.03019 0.911361 
0.03053 0.907448 
0.03086 0.903010 
0.03120 0.901590 
0.03153 0.897964 
0.03187 0.894289 
0.03220 0.889912 
0.03254 0.882517 
0.03287 0.880076 
0.03321 0.876726 
0.03355 0.871717 
0.03388 0.869901 
0.03422 0.869540 
0.03455 0.863697 
0.03489 0.861090 
0.03522 0.857692 
0.03556 0.853908 
0.03589 0.851349 
0.03623 0.848564 
0.03656 0.843697 
0.03690 0.841034 
0.03724 0.838821 
0.03757 0.833012 
0.03791 0.827908 
0.03824 0.826580 
0.03858 0.823799 
0.03891 0.820840 
0.03925 0.814913 
0.03958 0.809793 
0.03992 0.808005 
0.04025 0.802941 
0.04059 0.797658 
0.04093 0.795014 
0.04126 0.791283 
0.04160 0.789011 
0.04193 0.786452 
0.04227 0.783365 
0.04260 0.779403 
0.04294 0.772269 
0.04327 0.769622 
0.04361 0.763983 
0.04394 0.761715 
0.04428 0.756072 
0.04462 0.749373 
0.04495 0.746942 
0.04529 0.743062 
0.04562 0.740305 
0.04596 0.737548 
0.04629 0.733735 
0.04663 0.727974 
0.04696 0.725385 
0.04730 0.721074 
0.04764 0.718809 
0.04797 0.713681 
0.04831 0.709402 
0.04864 0.708238 
0.04898 0.704960 
0.04931 0.700028 
0.04965 0.697739 
0.04998 0.694177 
0.05032 0.688859 
0.05065 0.684945 
0.05099 0.679941 
0.05133 0.678105 
0.05166 0.673882 
0.05200 0.672141 
0.05233 0.669479 
0.05267 0.665850 
0.05300 0.662582 
0.05334 0.658944 
0.05367 0.656053 
0.05401 0.653339 
0.05434 0.649030 
0.05468 0.644096 
0.05502 0.641478 
0.05535 0.638507 
0.05569 0.635268 
0.05602 0.633071 
0.05636 0.629455 
0.05669 0.626937 
0.05703 0.623669 
0.05736 0.620365 
0.05770 0.618115 
0.05803 0.615674 
0.05837 0.612650 
0.05871 0.609195 
0.05904 0.605260 
0.05938 0.603364 
0.05971 0.600457 
0.06005 0.597326 
0.06038 0.595531 
0.06072 0.592081 
0.06105 0.588975 
0.06139 0.586501 
0.06172 0.582621 
0.06206 0.579730 
0.06240 0.576751 
0.06273 0.573745 
0.06307 0.570657 
0.06340 0.568727 
0.06374 0.567029 
0.06407 0.564012 
0.06441 0.562227 
0.06474 0.559478 
0.06508 0.556594 
0.06541 0.553159 
0.06575 0.550811 
0.06609 0.546928 
0.06642 0.545711 
0.06676 0.542764 
0.06709 0.539749 
0.06743 0.538060 
0.06776 0.535343 
0.06810 0.533434 
0.06843 0.530667 
0.06877 0.527786 
0.06910 0.525266 
0.06944 0.522021 
0.06978 0.519463 
0.07011 0.516608 
0.07045 0.515288 
0.07078 0.512255 
0.07112 0.509032 
0.07145 0.505536 
0.07179 0.502918 
0.07212 0.501282 
0.07246 0.499009 
0.07279 0.496245 
0.07313 0.493553 
0.07347 0.490847 
0.07380 0.488045 
0.07414 0.485520 
0.07447 0.483021 
0.07481 0.480305 
0.07514 0.478299 
0.07548 0.475516 
0.07581 0.472999 
0.07615 0.471210 
0.07648 0.468931 
0.07682 0.466483 
0.07716 0.465047 
0.07749 0.463015 
0.07783 0.461039 
0.07816 0.458820 
0.07850 0.456440 
0.07883 0.454228 
0.07917 0.451749 
0.07950 0.450118 
0.07984 0.447896 
0.08017 0.445484 
0.08051 0.443480 
0.08085 0.441667 
0.08118 0.439834 
0.08152 0.437540 
0.08185 0.435472 
0.08219 0.433289 
0.08252 0.431458 
0.08286 0.429676 
0.08319 0.427550 
0.08353 0.425249 
0.08386 0.423100 
0.08420 0.421195 
0.08454 0.419117 
0.08487 0.417153 
0.08521 0.414491 
0.08554 0.412537 
0.08588 0.411520 
0.08621 0.409320 
0.08655 0.407173 
0.08688 0.405226 
0.08722 0.403148 
0.08755 0.401592 
0.08789 0.399579 
0.08823 0.397991 
0.08856 0.396157 
0.08890 0.394483 
0.08923 0.392935 
0.08957 0.391428 
0.08990 0.389513 
0.09024 0.387560 
0.09057 0.385819 
0.09091 0.384256 
0.09124 0.382489 
0.09158 0.380764 
0.09192 0.379509 
0.09225 0.377943 
0.09259 0.375863 
0.09292 0.374588 
0.09326 0.372309 
0.09359 0.370723 
0.09393 0.368638 
0.09426 0.367031 
0.09460 0.365740 
0.09493 0.364233 
0.09527 0.362863 
0.09561 0.360761 
0.09594 0.359220 
0.09628 0.357983 
0.09661 0.356223 
0.09695 0.354647 
0.09728 0.353132 
0.09762 0.351748 
0.09795 0.350351 
0.09829 0.348731 
0.09862 0.347357 
0.09896 0.345601 
0.09930 0.344182 
0.09963 0.342502 
0.09997 0.341333 
0.10030 0.340307 
0.10064 0.338796 
0.10097 0.337320 
0.10131 0.335702 
0.10164 0.334120 
0.10198 0.332791 
0.10231 0.331277 
0.10265 0.329626 
0.10299 0.328096 
0.10332 0.326642 
0.10366 0.325096 
0.10399 0.323520 
0.10433 0.322166 
0.10466 0.320987 
0.10500 0.319386 
0.10533 0.317800 
0.10567 0.316348 
0.10600 0.315089 
0.10634 0.313361 
0.10668 0.311985 
0.10701 0.310818 
0.10735 0.309914 
0.10768 0.308567 
0.10802 0.307231 
0.10835 0.305963 
0.10869 0.304820 
0.10902 0.303666 
0.10936 0.302482 
0.10969 0.301251 
0.11003 0.300272 
0.11037 0.298910 
0.11070 0.297670 
0.11104 0.296292 
0.11137 0.294853 
0.11171 0.293679 
0.11204 0.292496 
0.11238 0.291429 
0.11271 0.290245 
0.11305 0.289423 
0.11338 0.288132 
0.11372 0.286904 
0.11406 0.285442 
0.11439 0.284233 
0.11473 0.283068 
0.11506 0.281929 
0.11540 0.280731 
0.11573 0.279508 
0.11607 0.278127 
0.11640 0.277157 
0.11674 0.275829 
0.11707 0.274726 
0.11741 0.273696 
0.11775 0.272511 
0.11808 0.271368 
0.11842 0.270393 
0.11875 0.269378 
0.11909 0.268354 
0.11942 0.267194 
0.11976 0.266421 
0.12009 0.265512 
0.12043 0.264531 
0.12076 0.263370 
0.12110 0.262588 
0.12144 0.261658 
0.12177 0.260627 
0.12211 0.259498 
0.12244 0.258513 
0.12278 0.257654 
0.12311 0.256697 
0.12345 0.255687 
0.12378 0.254772 
0.12412 0.253849 
0.12445 0.252816 
0.12479 0.251761 
0.12513 0.250814 
0.12546 0.249817 
0.12580 0.248913 
0.12613 0.247943 
0.12647 0.246825 
0.12680 0.245955 
0.12714 0.245089 
0.12747 0.244077 
0.12781 0.243404 
0.12814 0.242597 
0.12848 0.241795 
0.12882 0.240970 
0.12915 0.240138 
0.12949 0.239297 
0.12982 0.238489 
0.13016 0.237673 
0.13049 0.236689 
0.13083 0.235924 
0.13116 0.235137 
0.13150 0.234107 
0.13183 0.233383 
0.13217 0.232405 
0.13251 0.231498 
0.13284 0.230814 
0.13318 0.230071 
0.13351 0.229219 
0.13385 0.228322 
0.13418 0.227431 
0.13452 0.226534 
0.13485 0.225729 
0.13519 0.224757 
0.13552 0.223780 
0.13586 0.222919 
0.13620 0.222210 
0.13653 0.221372 
0.13687 0.220528 
0.13720 0.219581 
0.13754 0.218975 
0.13787 0.218147 
0.13821 0.217360 
0.13854 0.216648 
0.13888 0.215988 
0.13922 0.215296 
0.13955 0.214446 
0.13989 0.213625 
0.14022 0.212844 
0.14056 0.212068 
0.14089 0.211274 
0.14123 0.210395 
0.14156 0.209702 
0.14190 0.208990 
0.14223 0.208160 
0.14257 0.207436 
0.14291 0.206606 
0.14324 0.206078 
0.14358 0.205498 
0.14391 0.204660 
0.14425 0.203903 
0.14458 0.203130 
0.14492 0.202340 
0.14525 0.201587 
0.14559 0.200945 
0.14592 0.200360 
0.14626 0.199789 
0.14660 0.199221 
0.14693 0.198583 
0.14727 0.198011 
0.14760 0.197308 
0.14794 0.196557 
0.14827 0.195935 
0.14861 0.195193 
0.14894 0.194487 
0.14928 0.193825 
0.14961 0.193289 
0.14995 0.192604 
0.15029 0.192014 
0.15062 0.191368 
0.15096 0.190784 
0.15129 0.190096 
0.15163 0.189530 
0.15196 0.188839 
0.15230 0.188231 
0.15263 0.187578 
0.15297 0.187006 
0.15330 0.186303 
0.15364 0.185671 
0.15398 0.185014 
0.15431 0.184390 
0.15465 0.183656 
0.15498 0.183001 
0.15532 0.182454 
0.15565 0.181835 
0.15599 0.181294 
0.15632 0.180673 
0.15666 0.180101 
0.15699 0.179533 
0.15733 0.178959 
0.15767 0.178433 
0.15800 0.177847 
0.15834 0.177255 
0.15867 0.176757 
0.15901 0.176234 
0.15934 0.175661 
0.15968 0.175135 
0.16001 0.174533 
0.16035 0.173969 
0.16068 0.173435 
0.16102 0.172834 
0.16136 0.172332 
0.16169 0.171824 
0.16203 0.171293 
0.16236 0.170833 
0.16270 0.170308 
0.16303 0.169853 
0.16337 0.169358 
0.16370 0.168790 
0.16404 0.168351 
0.16437 0.167831 
0.16471 0.167347 
0.16505 0.166841 
0.16538 0.166362 
0.16572 0.165852 
0.16605 0.165362 
0.16639 0.164875 
0.16672 0.164349 
0.16706 0.163794 
0.16739 0.163298 
0.16773 0.162806 
0.16806 0.162259 
0.16840 0.161820 
0.16874 0.161406 
0.16907 0.161002 
0.16941 0.160482 
0.16974 0.160013 
0.17008 0.159522 
0.17041 0.159018 
0.17075 0.158509 
0.17108 0.157980 
0.17142 0.157477 
0.17175 0.157053 
0.17209 0.156547 
0.17243 0.156097 
0.17276 0.155687 
0.17310 0.155174 
0.17343 0.154679 
0.17377 0.154186 
0.17410 0.153748 
0.17444 0.153253 
0.17477 0.152761 
0.17511 0.152301 
0.17544 0.151879 
0.17578 0.151417 
0.17612 0.150920 
0.17645 0.150440 
0.17679 0.150021 
0.17712 0.149546 
0.17746 0.149088 
0.17779 0.148611 
0.17813 0.148122 
0.17846 0.147756 
0.17880 0.147350 
0.17913 0.146946 
0.17947 0.146529 
0.17981 0.146087 
0.18014 0.145675 
0.18048 0.145251 
0.18081 0.144788 
0.18115 0.144341 
0.18148 0.143945 
0.18182 0.143523 
0.18215 0.143055 
0.18249 0.142624 
0.18282 0.142229 
0.18316 0.141775 
0.18350 0.141384 
0.18383 0.140995 
0.18417 0.140641 
0.18450 0.140195 
0.18484 0.139759 
0.18517 0.139325 
0.18551 0.138946 
0.18584 0.138516 
0.18618 0.138127 
0.18651 0.137760 
0.18685 0.137407 
0.18719 0.136986 
0.18752 0.136605 
0.18786 0.136193 
0.18819 0.135784 
0.18853 0.135377 
0.18886 0.135029 
0.18920 0.134594 
0.18953 0.134243 
0.18987 0.133844 
0.19020 0.133497 
0.19054 0.133126 
0.19088 0.132794 
0.19121 0.132415 
0.19155 0.132049 
0.19188 0.131673 
0.19222 0.131305 
0.19255 0.130939 
0.19289 0.130592 
0.19322 0.130254 
0.19356 0.129898 
0.19389 0.129503 
0.19423 0.129109 
0.19457 0.128736 
0.19490 0.128340 
0.19524 0.128023 
0.19557 0.127690 
0.19591 0.127353 
0.19624 0.127075 
0.19658 0.126776 
0.19691 0.126379 
0.19725 0.126053 
0.19758 0.125700 
0.19792 0.125366 
0.19826 0.125005 
0.19859 0.124668 
0.19893 0.124345 
0.19926 0.123977 
0.19960 0.123657 
0.19993 0.123321 
0.20027 0.123003 
0.20060 0.122687 
0.20094 0.122361 
0.20127 0.122053 
0.20161 0.121703 
0.20195 0.121376 
0.20228 0.121001 
0.20262 0.120677 
0.20295 0.120311 
0.20329 0.119996 
0.20362 0.119687 
0.20396 0.119386 
0.20429 0.119069 
0.20463 0.118711 
0.20496 0.118360 
0.20530 0.118064 
0.20564 0.117786 
0.20597 0.117455 
0.20631 0.117169 
0.20664 0.116867 
0.20698 0.116594 
0.20731 0.116285 
0.20765 0.116024 
0.20798 0.115728 
0.20832 0.115417 
0.20865 0.115134 
0.20899 0.114816 
0.20933 0.114505 
0.20966 0.114185 
0.21000 0.113891 
0.21033 0.113579 
0.21067 0.113314 
0.21100 0.113009 
0.21134 0.112706 
0.21167 0.112419 
0.21201 0.112139 
0.21234 0.111839 
0.21268 0.111556 
0.21302 0.111250 
0.21335 0.110949 
0.21369 0.110660 
0.21402 0.110363 
0.21436 0.110091 
0.21469 0.109815 
0.21503 0.109507 
0.21536 0.109219 
0.21570 0.108981 
0.21603 0.108720 
0.21637 0.108440 
0.21671 0.108153 
0.21704 0.107866 
0.21738 0.107567 
0.21771 0.107288 
0.21805 0.107005 
0.21838 0.106723 
0.21872 0.106457 
0.21905 0.106206 
0.21939 0.105938 
0.21972 0.105712 
0.22006 0.105432 
0.22040 0.105190 
0.22073 0.104926 
0.22107 0.104658 
0.22140 0.104391 
0.22174 0.104153 
0.22207 0.103889 
0.22241 0.103681 
0.22274 0.103450 
0.22308 0.103202 
0.22341 0.102965 
0.22375 0.102705 
0.22409 0.102488 
0.22442 0.102266 
0.22476 0.101997 
0.22509 0.101768 
0.22543 0.101510 
0.22576 0.101301 
0.22610 0.101049 
0.22643 0.100811 
0.22677 0.100574 
0.22710 0.100308 
0.22744 0.100051 
0.22778 0.099821 
0.22811 0.099593 
0.22845 0.099365 
0.22878 0.099117 
0.22912 0.098887 
0.22945 0.098657 
0.22979 0.098455 
0.23012 0.098202 
0.23046 0.097967 
0.23080 0.097750 
0.23113 0.097521 
0.23147 0.097276 
0.23180 0.097045 
0.23214 0.096802 
0.23247 0.096560 
0.23281 0.096332 
0.23314 0.096100 
0.23348 0.095853 
0.23381 0.095615 
0.23415 0.095374 
0.23449 0.095167 
0.23482 0.094932 
0.23516 0.094697 
0.23549 0.094489 
0.23583 0.094289 
0.23616 0.094069 
0.23650 0.093851 
0.23683 0.093621 
0.23717 0.093404 
0.23750 0.093196 
0.23784 0.092973 
0.23818 0.092767 
0.23851 0.092538 
0.23885 0.092333 
0.23918 0.092125 
0.23952 0.091903 
0.23985 0.091716 
0.24019 0.091503 
0.24052 0.091310 
0.24086 0.091087 
0.24119 0.090868 
0.24153 0.090651 
0.24187 0.090430 
0.24220 0.090199 
0.24254 0.089980 
0.24287 0.089781 
0.24321 0.089602 
0.24354 0.089416 
0.24388 0.089204 
0.24421 0.089000 
0.24455 0.088809 
0.24488 0.088615 
0.24522 0.088395 
0.24556 0.088187 
0.24589 0.087987 
0.24623 0.087770 
0.24656 0.087586 
0.24690 0.087385 
0.24723 0.087181 
0.24757 0.086982 
0.24790 0.086772 
0.24824 0.086574 
0.24857 0.086392 
0.24891 0.086195 
0.24925 0.085989 
0.24958 0.085783 
0.24992 0.085581 
0.25025 0.085388 
0.25059 0.085199 
0.25092 0.085003 
0.25126 0.084801 
0.25159 0.084596 
0.25193 0.084414 
0.25226 0.084221 
0.25260 0.084026 
0.25294 0.083838 
0.25327 0.083658 
0.25361 0.083489 
0.25394 0.083325 
0.25428 0.083136 
0.25461 0.082945 
0.25495 0.082758 
0.25528 0.082571 
0.25562 0.082389 
0.25595 0.082197 
0.25629 0.082030 
0.25663 0.081846 
0.25696 0.081674 
0.25730 0.081491 
0.25763 0.081334 
0.25797 0.081156 
0.25830 0.080972 
0.25864 0.080786 
0.25897 0.080607 
0.25931 0.080438 
0.25964 0.080270 
0.25998 0.080120 
0.26032 0.079947 
0.26065 0.079787 
0.26099 0.079619 
0.26132 0.079461 
0.26166 0.079277 
0.26199 0.079113 
0.26233 0.078933 
0.26266 0.078755 
0.26300 0.078586 
0.26333 0.078422 
0.26367 0.078268 
0.26401 0.078111 
0.26434 0.077948 
0.26468 0.077796 
0.26501 0.077640 
0.26535 0.077479 
0.26568 0.077309 
0.26602 0.077136 
0.26635 0.076977 
0.26669 0.076828 
0.26702 0.076679 
0.26736 0.076537 
0.26770 0.076364 
0.26803 0.076198 
0.26837 0.076045 
0.26870 0.075877 
0.26904 0.075716 
0.26937 0.075555 
0.26971 0.075398 
0.27004 0.075239 
0.27038 0.075064 
0.27071 0.074912 
0.27105 0.074760 
0.27139 0.074600 
0.27172 0.074446 
0.27206 0.074284 
0.27239 0.074125 
0.27273 0.073964 
0.27306 0.073807 
0.27340 0.073656 
0.27373 0.073496 
0.27407 0.073364 
0.27440 0.073230 
0.27474 0.073090 
0.27508 0.072941 
0.27541 0.072785 
0.27575 0.072637 
0.27608 0.072496 
0.27642 0.072358 
0.27675 0.072218 
0.27709 0.072070 
0.27742 0.071925 
0.27776 0.071780 
0.27809 0.071642 
0.27843 0.071496 
0.27877 0.071361 
0.27910 0.071230 
0.27944 0.071094 
0.27977 0.070949 
0.28011 0.070822 
0.28044 0.070682 
0.28078 0.070544 
0.28111 0.070390 
0.28145 0.070251 
0.28178 0.070109 
0.28212 0.069965 
0.28246 0.069821 
0.28279 0.069675 
0.28313 0.069530 
0.28346 0.069393 
0.28380 0.069255 
0.28413 0.069119 
0.28447 0.068981 
0.28480 0.068841 
0.28514 0.068698 
0.28547 0.068559 
0.28581 0.068428 
0.28615 0.068290 
0.28648 0.068160 
0.28682 0.068023 
0.28715 0.067899 
0.28749 0.067768 
0.28782 0.067629 
0.28816 0.067496 
0.28849 0.067358 
0.28883 0.067223 
0.28916 0.067094 
0.28950 0.066974 
0.28984 0.066851 
0.29017 0.066712 
0.29051 0.066566 
0.29084 0.066439 
0.29118 0.066302 
0.29151 0.066168 
0.29185 0.066053 
0.29218 0.065933 
0.29252 0.065803 
0.29285 0.065663 
0.29319 0.065531 
0.29353 0.065410 
0.29386 0.065273 
0.29420 0.065140 
0.29453 0.065007 
0.29487 0.064883 
0.29520 0.064761 
0.29554 0.064640 
0.29587 0.064514 
0.29621 0.064393 
0.29654 0.064261 
0.29688 0.064138 
0.29722 0.064019 
0.29755 0.063893 
0.29789 0.063782 
0.29822 0.063663 
0.29856 0.063538 
0.29889 0.063416 
0.29923 0.063296 
0.29956 0.063179 
0.29990 0.063061 
0.30023 0.062950 
0.30057 0.062824 
0.30091 0.062714 
0.30124 0.062597 
0.30158 0.062475 
0.30191 0.062356 
0.30225 0.062244 
0.30258 0.062131 
0.30292 0.062008 
0.30325 0.061888 
0.30359 0.061768 
0.30392 0.061654 
0.30426 0.061545 
0.30460 0.061431 
0.30493 0.061313 
0.30527 0.061190 
0.30560 0.061092 
0.30594 0.060975 
0.30627 0.060861 
0.30661 0.060744 
0.30694 0.060633 
0.30728 0.060517 
0.30761 0.060407 
0.30795 0.060297 
0.30829 0.060191 
0.30862 0.060091 
0.30896 0.059982 
0.30929 0.059871 
0.30963 0.059776 
0.30996 0.059663 
0.31030 0.059558 
0.31063 0.059450 
0.31097 0.059343 
0.31130 0.059236 
0.31164 0.059132 
0.31198 0.059021 
0.31231 0.058915 
0.31265 0.058807 
0.31298 0.058729 
0.31332 0.058619 
0.31365 0.058514 
0.31399 0.058408 
0.31432 0.058306 
0.31466 0.058197 
0.31499 0.058101 
0.31533 0.058002 
0.31567 0.057904 
0.31600 0.057794 
0.31634 0.057690 
0.31667 0.057590 
0.31701 0.057488 
0.31734 0.057391 
0.31768 0.057279 
0.31801 0.057174 
0.31835 0.057067 
0.31869 0.056966 
0.31902 0.056869 
0.31936 0.056767 
0.31969 0.056665 
0.32003 0.056558 
0.32036 0.056459 
0.32070 0.056358 
0.32103 0.056254 
0.32137 0.056158 
0.32170 0.056054 
0.32204 0.055963 
0.32238 0.055868 
0.32271 0.055767 
0.32305 0.055667 
0.32338 0.055571 
0.32372 0.055475 
0.32405 0.055405 
0.32439 0.055308 
0.32472 0.055204 
0.32506 0.055109 
0.32539 0.055006 
0.32573 0.054912 
0.32607 0.054822 
0.32640 0.054722 
0.32674 0.054625 
0.32707 0.054534 
0.32741 0.054443 
0.32774 0.054357 
0.32808 0.054264 
0.32841 0.054181 
0.32875 0.054091 
0.32908 0.053993 
0.32942 0.053904 
0.32976 0.053809 
0.33009 0.053716 
0.33043 0.053630 
0.33076 0.053546 
0.33110 0.053456 
0.33143 0.053368 
0.33177 0.053276 
0.33210 0.053181 
0.33244 0.053092 
0.33277 0.052993 
0.33311 0.052894 
0.33345 0.052794 
0.33378 0.052700 
0.33412 0.052616 
0.33445 0.052529 
0.33479 0.052440 
0.33512 0.052351 
0.33546 0.052254 
0.33579 0.052172 
0.33613 0.052086 
0.33646 0.052000 
0.33680 0.051902 
0.33714 0.051813 
0.33747 0.051725 
0.33781 0.051641 
0.33814 0.051548 
0.33848 0.051458 
0.33881 0.051373 
0.33915 0.051283 
0.33948 0.051192 
0.33982 0.051106 
0.34015 0.051027 
0.34049 0.050942 
0.34083 0.050853 
0.34116 0.050769 
0.34150 0.050686 
0.34183 0.050610 
0.34217 0.050517 
0.34250 0.050433 
0.34284 0.050342 
0.34317 0.050261 
0.34351 0.050184 
0.34384 0.050099 
0.34418 0.050015 
0.34452 0.049942 
0.34485 0.049854 
0.34519 0.049776 
0.34552 0.049697 
0.34586 0.049613 
0.34619 0.049538 
0.34653 0.049459 
0.34686 0.049378 
0.34720 0.049292 
0.34753 0.049204 
0.34787 0.049126 
0.34821 0.049050 
0.34854 0.048965 
0.34888 0.048886 
0.34921 0.048808 
0.34955 0.048731 
0.34988 0.048647 
0.35022 0.048565 
0.35055 0.048481 
0.35089 0.048394 
0.35122 0.048311 
0.35156 0.048233 
0.35190 0.048156 
0.35223 0.048077 
0.35257 0.047996 
0.35290 0.047923 
0.35324 0.047850 
0.35357 0.047772 
0.35391 0.047696 
0.35424 0.047618 
0.35458 0.047537 
0.35491 0.047459 
0.35525 0.047388 
0.35559 0.047303 
0.35592 0.047230 
0.35626 0.047159 
0.35659 0.047092 
0.35693 0.047017 
0.35726 0.046947 
0.35760 0.046876 
0.35793 0.046801 
0.35827 0.046725 
0.35860 0.046647 
0.35894 0.046566 
0.35928 0.046493 
0.35961 0.046417 
0.35995 0.046341 
0.36028 0.046262 
0.36062 0.046195 
0.36095 0.046126 
0.36129 0.046061 
0.36162 0.045991 
0.36196 0.045927 
0.36229 0.045864 
0.36263 0.045796 
0.36297 0.045720 
0.36330 0.045644 
0.36364 0.045575 
0.36397 0.045505 
0.36431 0.045436 
0.36464 0.045366 
0.36498 0.045296 
0.36531 0.045225 
0.36565 0.045149 
0.36598 0.045073 
0.36632 0.045000 
0.36666 0.044930 
0.36699 0.044856 
0.36733 0.044782 
0.36766 0.044716 
0.36800 0.044647 
0.36833 0.044581 
0.36867 0.044515 
0.36900 0.044444 
0.36934 0.044371 
0.36967 0.044301 
0.37001 0.044228 
0.37035 0.044160 
0.37068 0.044090 
0.37102 0.044023 
0.37135 0.043955 
0.37169 0.043885 
0.37202 0.043818 
0.37236 0.043752 
0.37269 0.043678 
0.37303 0.043617 
0.37336 0.043557 
0.37370 0.043491 
0.37404 0.043423 
0.37437 0.043363 
0.37471 0.043295 
0.37504 0.043224 
0.37538 0.043161 
0.37571 0.043100 
0.37605 0.043031 
0.37638 0.042964 
0.37672 0.042893 
0.37705 0.042835 
0.37739 0.042769 
0.37773 0.042706 
0.37806 0.042645 
0.37840 0.042575 
0.37873 0.042512 
0.37907 0.042447 
0.37940 0.042382 
0.37974 0.042322 
0.38007 0.042256 
0.38041 0.042197 
0.38074 0.042135 
0.38108 0.042075 
0.38142 0.042014 
0.38175 0.041947 
0.38209 0.041878 
0.38242 0.041816 
0.38276 0.041750 
0.38309 0.041691 
0.38343 0.041632 
0.38376 0.041571 
0.38410 0.041511 
0.38443 0.041443 
0.38477 0.041380 
0.38511 0.041317 
0.38544 0.041257 
0.38578 0.041191 
0.38611 0.041132 
0.38645 0.041068 
0.38678 0.041009 
0.38712 0.040951 
0.38745 0.040891 
0.38779 0.040827 
0.38812 0.040766 
0.38846 0.040709 
0.38880 0.040649 
0.38913 0.040594 
0.38947 0.040537 
0.38980 0.040472 
0.39014 0.040417 
0.39047 0.040361 
0.39081 0.040301 
0.39114 0.040237 
0.39148 0.040174 
0.39181 0.040116 
0.39215 0.040062 
0.39249 0.040002 
0.39282 0.039942 
0.39316 0.039882 
0.39349 0.039824 
0.39383 0.039769 
0.39416 0.039720 
0.39450 0.039657 
0.39483 0.039597 
0.39517 0.039543 
0.39550 0.039484 
0.39584 0.039424 
0.39618 0.039363 
0.39651 0.039310 
0.39685 0.039250 
0.39718 0.039191 
0.39752 0.039132 
0.39785 0.039072 
0.39819 0.039016 
0.39852 0.038959 
0.39886 0.038902 
0.39919 0.038848 
0.39953 0.038791 
0.39987 0.038739 
0.40020 0.038683 
0.40054 0.038633 
0.40087 0.038576 
0.40121 0.038525 
0.40154 0.038466 
0.40188 0.038413 
0.40221 0.038365 
0.40255 0.038310 
0.40288 0.038256 
0.40322 0.038202 
0.40356 0.038148 
0.40389 0.038089 
0.40423 0.038039 
0.40456 0.037983 
0.40490 0.037931 
0.40523 0.037876 
0.40557 0.037825 
0.40590 0.037769 
0.40624 0.037720 
0.40657 0.037668 
0.40691 0.037614 
0.40725 0.037561 
0.40758 0.037508 
0.40792 0.037457 
0.40825 0.037407 
0.40859 0.037355 
0.40892 0.037303 
0.40926 0.037254 
0.40959 0.037199 
0.40993 0.037151 
0.41027 0.037100 
0.41060 0.037049 
0.41094 0.036997 
0.41127 0.036948 
0.41161 0.036898 
0.41194 0.036845 
0.41228 0.036794 
0.41261 0.036737 
0.41295 0.036685 
0.41328 0.036631 
0.41362 0.036579 
0.41396 0.036529 
0.41429 0.036481 
0.41463 0.036427 
0.41496 0.036377 
0.41530 0.036327 
0.41563 0.036275 
0.41597 0.036226 
0.41630 0.036175 
0.41664 0.036125 
0.41697 0.036076 
0.41731 0.036023 
0.41765 0.035975 
0.41798 0.035928 
0.41832 0.035878 
0.41865 0.035828 
0.41899 0.035782 
0.41932 0.035729 
0.41966 0.035683 
0.41999 0.035632 
0.42033 0.035582 
0.42066 0.035532 
0.42100 0.035484 
0.42134 0.035434 
0.42167 0.035384 
0.42201 0.035335 
0.42234 0.035288 
0.42268 0.035242 
0.42301 0.035200 
0.42335 0.035154 
0.42368 0.035105 
0.42402 0.035056 
0.42435 0.035013 
0.42469 0.034962 
0.42503 0.034915 
0.42536 0.034866 
0.42570 0.034820 
0.42603 0.034773 
0.42637 0.034725 
0.42670 0.034679 
0.42704 0.034634 
0.42737 0.034591 
0.42771 0.034544 
0.42804 0.034498 
0.42838 0.034450 
0.42872 0.034402 
0.42905 0.034358 
0.42939 0.034314 
0.42972 0.034266 
0.43006 0.034222 
0.43039 0.034174 
0.43073 0.034127 
0.43106 0.034079 
0.43140 0.034031 
0.43173 0.033983 
0.43207 0.033936 
0.43241 0.033894 
0.43274 0.033851 
0.43308 0.033802 
0.43341 0.033760 
0.43375 0.033716 
0.43408 0.033674 
0.43442 0.033631 
0.43475 0.033585 
0.43509 0.033544 
0.43542 0.033500 
0.43576 0.033456 
0.43610 0.033416 
0.43643 0.033370 
0.43677 0.033328 
0.43710 0.033287 
0.43744 0.033243 
0.43777 0.033202 
0.43811 0.033159 
0.43844 0.033113 
0.43878 0.033072 
0.43911 0.033028 
0.43945 0.032986 
0.43979 0.032946 
0.44012 0.032902 
0.44046 0.032860 
0.44079 0.032818 
0.44113 0.032777 
0.44146 0.032733 
0.44180 0.032690 
0.44213 0.032645 
0.44247 0.032603 
0.44280 0.032560 
0.44314 0.032518 
0.44348 0.032478 
0.44381 0.032437 
0.44415 0.032392 
0.44448 0.032350 
0.44482 0.032308 
0.44515 0.032265 
0.44549 0.032226 
0.44582 0.032183 
0.44616 0.032141 
0.44649 0.032100 
0.44683 0.032059 
0.44717 0.032019 
0.44750 0.031980 
0.44784 0.031937 
0.44817 0.031897 
0.44851 0.031857 
0.44884 0.031818 
0.44918 0.031780 
0.44951 0.031738 
0.44985 0.031698 
0.45018 0.031659 
0.45052 0.031617 
0.45086 0.031577 
0.45119 0.031533 
0.45153 0.031493 
0.45186 0.031453 
0.45220 0.031414 
0.45253 0.031375 
0.45287 0.031336 
0.45320 0.031299 
0.45354 0.031259 
0.45387 0.031220 
0.45421 0.031181 
0.45455 0.031142 
0.45488 0.031107 
0.45522 0.031067 
0.45555 0.031029 
0.45589 0.030992 
0.45622 0.030953 
0.45656 0.030915 
0.45689 0.030875 
0.45723 0.030835 
0.45756 0.030795 
0.45790 0.030757 
0.45824 0.030720 
0.45857 0.030680 
0.45891 0.030645 
0.45924 0.030608 
0.45958 0.030571 
0.45991 0.030536 
0.46025 0.030500 
0.46058 0.030461 
0.46092 0.030426 
0.46125 0.030390 
0.46159 0.030353 
0.46193 0.030311 
0.46226 0.030274 
0.46260 0.030236 
0.46293 0.030198 
0.46327 0.030161 
0.46360 0.030121 
0.46394 0.030084 
0.46427 0.030046 
0.46461 0.030012 
0.46494 0.029971 
0.46528 0.029936 
0.46562 0.029899 
0.46595 0.029863 
0.46629 0.029827 
0.46662 0.029792 
0.46696 0.029755 
0.46729 0.029718 
0.46763 0.029679 
0.46796 0.029644 
0.46830 0.029607 
0.46863 0.029571 
0.46897 0.029536 
0.46931 0.029503 
0.46964 0.029468 
0.46998 0.029432 
0.47031 0.029397 
0.47065 0.029360 
0.47098 0.029326 
0.47132 0.029290 
0.47165 0.029255 
0.47199 0.029220 
0.47232 0.029186 
0.47266 0.029151 
0.47300 0.029118 
0.47333 0.029086 
0.47367 0.029050 
0.47400 0.029015 
0.47434 0.028977 
0.47467 0.028944 
0.47501 0.028907 
0.47534 0.028873 
0.47568 0.028837 
0.47601 0.028801 
0.47635 0.028768 
0.47669 0.028733 
0.47702 0.028700 
0.47736 0.028662 
0.47769 0.028627 
0.47803 0.028592 
0.47836 0.028558 
0.47870 0.028524 
0.47903 0.028491 
0.47937 0.028458 
0.47970 0.028422 
0.48004 0.028389 
0.48038 0.028355 
0.48071 0.028319 
0.48105 0.028286 
0.48138 0.028252 
0.48172 0.028217 
0.48205 0.028187 
0.48239 0.028154 
0.48272 0.028120 
0.48306 0.028088 
0.48339 0.028055 
0.48373 0.028023 
0.48407 0.027993 
0.48440 0.027961 
0.48474 0.027927 
0.48507 0.027894 
0.48541 0.027860 
0.48574 0.027829 
0.48608 0.027797 
0.48641 0.027765 
0.48675 0.027730 
0.48708 0.027699 
0.48742 0.027667 
0.48776 0.027636 
0.48809 0.027602 
0.48843 0.027573 
0.48876 0.027540 
0.48910 0.027508 
0.48943 0.027474 
0.48977 0.027444 
0.49010 0.027410 
0.49044 0.027379 
0.49077 0.027346 
0.49111 0.027313 
0.49145 0.027283 
0.49178 0.027251 
0.49212 0.027221 
0.49245 0.027191 
0.49279 0.027159 
0.49312 0.027129 
0.49346 0.027097 
0.49379 0.027067 
0.49413 0.027037 
0.49446 0.027004 
0.49480 0.026972 
0.49514 0.026940 
0.49547 0.026908 
0.49581 0.026874 
0.49614 0.026844 
0.49648 0.026814 
0.49681 0.026782 
0.49715 0.026750 
0.49748 0.026720 
0.49782 0.026691 
0.49815 0.026659 
0.49849 0.026627 
0.49883 0.026595 
0.49916 0.026564 
0.49950 0.026535 
0.49983 0.026503 
0.50017 0.026474 
0.50050 0.026443 
0.50084 0.026413 
0.50117 0.026380 
0.50151 0.026352 
0.50185 0.026325 
0.50218 0.026296 
0.50252 0.026268 
0.50285 0.026240 
0.50319 0.026209 
0.50352 0.026179 
0.50386 0.026149 
0.50419 0.026118 
0.50453 0.026088 
0.50486 0.026059 
0.50520 0.026028 
0.50554 0.025999 
0.50587 0.025970 
0.50621 0.025939 
0.50654 0.025912 
0.50688 0.025882 
0.50721 0.025851 
0.50755 0.025823 
0.50788 0.025793 
0.50822 0.025764 
0.50855 0.025736 
0.50889 0.025708 
0.50923 0.025677 
0.50956 0.025648 
0.50990 0.025618 
0.51023 0.025587 
0.51057 0.025556 
0.51090 0.025527 
0.51124 0.025497 
0.51157 0.025468 
0.51191 0.025441 
0.51224 0.025412 
0.51258 0.025386 
0.51292 0.025359 
0.51325 0.025330 
0.51359 0.025300 
0.51392 0.025271 
0.51426 0.025242 
0.51459 0.025212 
0.51493 0.025183 
0.51526 0.025152 
0.51560 0.025125 
0.51593 0.025100 
0.51627 0.025072 
0.51661 0.025045 
0.51694 0.025018 
0.51728 0.024991 
0.51761 0.024964 
0.51795 0.024936 
0.51828 0.024910 
0.51862 0.024884 
0.51895 0.024857 
0.51929 0.024830 
0.51962 0.024804 
0.51996 0.024777 
0.52030 0.024749 
0.52063 0.024723 
0.52097 0.024697 
0.52130 0.024669 
0.52164 0.024643 
0.52197 0.024617 
0.52231 0.024591 
0.52264 0.024563 
0.52298 0.024535 
0.52331 0.024508 
0.52365 0.024482 
0.52399 0.024456 
0.52432 0.024429 
0.52466 0.024401 
0.52499 0.024373 
0.52533 0.024348 
0.52566 0.024322 
0.52600 0.024297 
0.52633 0.024272 
0.52667 0.024246 
0.52700 0.024219 
0.52734 0.024194 
0.52768 0.024171 
0.52801 0.024144 
0.52835 0.024117 
0.52868 0.024092 
0.52902 0.024066 
0.52935 0.024039 
0.52969 0.024013 
0.53002 0.023988 
0.53036 0.023964 
0.53069 0.023939 
0.53103 0.023912 
0.53137 0.023885 
0.53170 0.023860 
0.53204 0.023836 
0.53237 0.023810 
0.53271 0.023784 
0.53304 0.023760 
0.53338 0.023736 
0.53371 0.023710 
0.53405 0.023688 
0.53438 0.023662 
0.53472 0.023637 
0.53506 0.023612 
0.53539 0.023587 
0.53573 0.023563 
0.53606 0.023538 
0.53640 0.023514 
0.53673 0.023489 
0.53707 0.023463 
0.53740 0.023438 
0.53774 0.023413 
0.53807 0.023387 
0.53841 0.023361 
0.53875 0.023338 
0.53908 0.023312 
0.53942 0.023287 
0.53975 0.023262 
0.54009 0.023239 
0.54042 0.023214 
0.54076 0.023189 
0.54109 0.023166 
0.54143 0.023141 
0.54176 0.023115 
0.54210 0.023092 
0.54244 0.023069 
0.54277 0.023048 
0.54311 0.023023 
0.54344 0.022999 
0.54378 0.022977 
0.54411 0.022952 
0.54445 0.022926 
0.54478 0.022903 
0.54512 0.022880 
0.54545 0.022858 
0.54579 0.022836 
0.54613 0.022815 
0.54646 0.022792 
0.54680 0.022765 
0.54713 0.022740 
0.54747 0.022716 
0.54780 0.022691 
0.54814 0.022667 
0.54847 0.022644 
0.54881 0.022620 
0.54914 0.022593 
0.54948 0.022569 
0.54982 0.022547 
0.55015 0.022524 
0.55049 0.022501 
0.55082 0.022478 
0.55116 0.022453 
0.55149 0.022429 
0.55183 0.022404 
0.55216 0.022383 
0.55250 0.022360 
0.55283 0.022337 
0.55317 0.022314 
0.55351 0.022293 
0.55384 0.022270 
0.55418 0.022246 
0.55451 0.022224 
0.55485 0.022202 
0.55518 0.022177 
0.55552 0.022157 
0.55585 0.022136 
0.55619 0.022115 
0.55652 0.022091 
0.55686 0.022067 
0.55720 0.022044 
0.55753 0.022021 
0.55787 0.022000 
0.55820 0.021979 
0.55854 0.021957 
0.55887 0.021934 
0.55921 0.021912 
0.55954 0.021888 
0.55988 0.021865 
0.56021 0.021841 
0.56055 0.021820 
0.56089 0.021799 
0.56122 0.021777 
0.56156 0.021756 
0.56189 0.021734 
0.56223 0.021711 
0.56256 0.021689 
0.56290 0.021665 
0.56323 0.021644 
0.56357 0.021623 
0.56390 0.021601 
0.56424 0.021579 
0.56458 0.021557 
0.56491 0.021536 
0.56525 0.021514 
0.56558 0.021491 
0.56592 0.021470 
0.56625 0.021449 
0.56659 0.021427 
0.56692 0.021405 
0.56726 0.021384 
0.56759 0.021364 
0.56793 0.021344 
0.56827 0.021322 
0.56860 0.021300 
0.56894 0.021280 
0.56927 0.021258 
0.56961 0.021238 
0.56994 0.021216 
0.57028 0.021193 
0.57061 0.021172 
0.57095 0.021150 
0.57128 0.021127 
0.57162 0.021106 
0.57196 0.021085 
0.57229 0.021064 
0.57263 0.021042 
0.57296 0.021021 
0.57330 0.021001 
0.57363 0.020979 
0.57397 0.020960 
0.57430 0.020941 
0.57464 0.020919 
0.57497 0.020899 
0.57531 0.020878 
0.57565 0.020856 
0.57598 0.020836 
0.57632 0.020816 
0.57665 0.020793 
0.57699 0.020774 
0.57732 0.020754 
0.57766 0.020732 
0.57799 0.020712 
0.57833 0.020692 
0.57866 0.020671 
0.57900 0.020651 
0.57934 0.020631 
0.57967 0.020610 
0.58001 0.020590 
0.58034 0.020569 
0.58068 0.020549 
0.58101 0.020528 
0.58135 0.020508 
0.58168 0.020489 
0.58202 0.020470 
0.58235 0.020450 
0.58269 0.020428 
0.58303 0.020409 
0.58336 0.020390 
0.58370 0.020372 
0.58403 0.020350 
0.58437 0.020330 
0.58470 0.020310 
0.58504 0.020290 
0.58537 0.020269 
0.58571 0.020250 
0.58604 0.020230 
0.58638 0.020209 
0.58672 0.020189 
0.58705 0.020170 
0.58739 0.020149 
0.58772 0.020129 
0.58806 0.020108 
0.58839 0.020087 
0.58873 0.020068 
0.58906 0.020048 
0.58940 0.020029 
0.58973 0.020009 
0.59007 0.019990 
0.59041 0.019969 
0.59074 0.019950 
0.59108 0.019932 
0.59141 0.019912 
0.59175 0.019892 
0.59208 0.019873 
0.59242 0.019854 
0.59275 0.019835 
0.59309 0.019813 
0.59343 0.019795 
0.59376 0.019777 
0.59410 0.019757 
0.59443 0.019737 
0.59477 0.019716 
0.59510 0.019695 
0.59544 0.019676 
0.59577 0.019658 
0.59611 0.019640 
0.59644 0.019621 
0.59678 0.019601 
0.59712 0.019581 
0.59745 0.019562 
0.59779 0.019543 
0.59812 0.019525 
0.59846 0.019507 
0.59879 0.019487 
0.59913 0.019469 
0.59946 0.019451 
0.59980 0.019433 
0.60013 0.019415 
0.60047 0.019395 
0.60081 0.019377 
0.60114 0.019360 
0.60148 0.019342 
0.60181 0.019324 
0.60215 0.019306 
0.60248 0.019288 
0.60282 0.019270 
0.60315 0.019252 
0.60349 0.019231 
0.60382 0.019213 
0.60416 0.019194 
0.60450 0.019177 
0.60483 0.019158 
0.60517 0.019140 
0.60550 0.019123 
0.60584 0.019105 
0.60617 0.019088 
0.60651 0.019069 
0.60684 0.019051 
0.60718 0.019034 
0.60751 0.019016 
0.60785 0.018998 
0.60819 0.018981 
0.60852 0.018963 
0.60886 0.018945 
0.60919 0.018926 
0.60953 0.018909 
0.60986 0.018891 
0.61020 0.018875 
0.61053 0.018857 
0.61087 0.018840 
0.61120 0.018822 
0.61154 0.018804 
0.61188 0.018785 
0.61221 0.018767 
0.61255 0.018749 
0.61288 0.018732 
0.61322 0.018715 
0.61355 0.018698 
0.61389 0.018681 
0.61422 0.018664 
0.61456 0.018648 
0.61489 0.018631 
0.61523 0.018613 
0.61557 0.018596 
0.61590 0.018578 
0.61624 0.018561 
0.61657 0.018544 
0.61691 0.018528 
0.61724 0.018511 
0.61758 0.018495 
0.61791 0.018478 
0.61825 0.018460 
0.61858 0.018443 
0.61892 0.018425 
0.61926 0.018408 
0.61959 0.018391 
0.61993 0.018374 
0.62026 0.018358 
0.62060 0.018340 
0.62093 0.018324 
0.62127 0.018307 
0.62160 0.018289 
0.62194 0.018272 
0.62227 0.018255 
0.62261 0.018238 
0.62295 0.018220 
0.62328 0.018204 
0.62362 0.018186 
0.62395 0.018169 
0.62429 0.018153 
0.62462 0.018135 
0.62496 0.018119 
0.62529 0.018103 
0.62563 0.018087 
0.62596 0.018071 
0.62630 0.018054 
0.62664 0.018038 
0.62697 0.018023 
0.62731 0.018006 
0.62764 0.017990 
0.62798 0.017973 
0.62831 0.017957 
0.62865 0.017941 
0.62898 0.017924 
0.62932 0.017908 
0.62965 0.017892 
0.62999 0.017876 
0.63033 0.017859 
0.63066 0.017843 
0.63100 0.017827 
0.63133 0.017811 
0.63167 0.017793 
0.63200 0.017778 
0.63234 0.017762 
0.63267 0.017746 
0.63301 0.017730 
0.63334 0.017714 
0.63368 0.017697 
0.63402 0.017681 
0.63435 0.017665 
0.63469 0.017650 
0.63502 0.017634 
0.63536 0.017618 
0.63569 0.017603 
0.63603 0.017587 
0.63636 0.017572 
0.63670 0.017556 
0.63703 0.017540 
0.63737 0.017524 
0.63771 0.017508 
0.63804 0.017491 
0.63838 0.017475 
0.63871 0.017460 
0.63905 0.017444 
0.63938 0.017429 
0.63972 0.017414 
0.64005 0.017398 
0.64039 0.017383 
0.64072 0.017367 
0.64106 0.017350 
0.64140 0.017334 
0.64173 0.017318 
0.64207 0.017303 
0.64240 0.017288 
0.64274 0.017273 
0.64307 0.017259 
0.64341 0.017245 
0.64374 0.017231 
0.64408 0.017215 
0.64441 0.017200 
0.64475 0.017185 
0.64509 0.017170 
0.64542 0.017154 
0.64576 0.017139 
0.64609 0.017123 
0.64643 0.017108 
0.64676 0.017093 
0.64710 0.017077 
0.64743 0.017062 
0.64777 0.017047 
0.64810 0.017033 
0.64844 0.017018 
0.64878 0.017003 
0.64911 0.016988 
0.64945 0.016973 
0.64978 0.016958 
0.65012 0.016943 
0.65045 0.016929 
0.65079 0.016914 
0.65112 0.016900 
0.65146 0.016884 
0.65179 0.016868 
0.65213 0.016854 
0.65247 0.016839 
0.65280 0.016824 
0.65314 0.016808 
0.65347 0.016794 
0.65381 0.016780 
0.65414 0.016764 
0.65448 0.016749 
0.65481 0.016735 
0.65515 0.016721 
0.65548 0.016706 
0.65582 0.016690 
0.65616 0.016676 
0.65649 0.016662 
0.65683 0.016647 
0.65716 0.016633 
0.65750 0.016618 
0.65783 0.016603 
0.65817 0.016589 
0.65850 0.016575 
0.65884 0.016561 
0.65917 0.016547 
0.65951 0.016532 
0.65985 0.016519 
0.66018 0.016505 
0.66052 0.016489 
0.66085 0.016474 
0.66119 0.016460 
0.66152 0.016446 
0.66186 0.016432 
0.66219 0.016418 
0.66253 0.016404 
0.66286 0.016390 
0.66320 0.016377 
0.66354 0.016362 
0.66387 0.016349 
0.66421 0.016335 
0.66454 0.016321 
0.66488 0.016306 
0.66521 0.016292 
0.66555 0.016277 
0.66588 0.016264 
0.66622 0.016250 
0.66655 0.016235 
0.66689 0.016224 
0.66723 0.016209 
0.66756 0.016195 
0.66790 0.016181 
0.66823 0.016169 
0.66857 0.016155 
0.66890 0.016141 
0.66924 0.016127 
0.66957 0.016112 
0.66991 0.016099 
0.67024 0.016084 
0.67058 0.016071 
0.67092 0.016056 
0.67125 0.016042 
0.67159 0.016029 
0.67192 0.016014 
0.67226 0.016000 
0.67259 0.015986 
0.67293 0.015971 
0.67326 0.015956 
0.67360 0.015943 
0.67393 0.015928 
0.67427 0.015914 
0.67461 0.015900 
0.67494 0.015887 
0.67528 0.015873 
0.67561 0.015858 
0.67595 0.015845 
0.67628 0.015830 
0.67662 0.015816 
0.67695 0.015802 
0.67729 0.015789 
0.67762 0.015775 
0.67796 0.015762 
0.67830 0.015748 
0.67863 0.015735 
0.67897 0.015721 
0.67930 0.015707 
0.67964 0.015693 
0.67997 0.015680 
0.68031 0.015667 
0.68064 0.015654 
0.68098 0.015640 
0.68131 0.015628 
0.68165 0.015614 
0.68199 0.015601 
0.68232 0.015587 
0.68266 0.015575 
0.68299 0.015561 
0.68333 0.015548 
0.68366 0.015534 
0.68400 0.015522 
0.68433 0.015509 
0.68467 0.015497 
0.68501 0.015484 
0.68534 0.015470 
0.68568 0.015457 
0.68601 0.015444 
0.68635 0.015430 
0.68668 0.015417 
0.68702 0.015404 
0.68735 0.015391 
0.68769 0.015378 
0.68802 0.015365 
0.68836 0.015352 
0.68870 0.015338 
0.68903 0.015324 
0.68937 0.015312 
0.68970 0.015299 
0.69004 0.015287 
0.69037 0.015274 
0.69071 0.015262 
0.69104 0.015249 
0.69138 0.015236 
0.69171 0.015223 
0.69205 0.015211 
0.69239 0.015199 
0.69272 0.015186 
0.69306 0.015174 
0.69339 0.015162 
0.69373 0.015150 
0.69406 0.015138 
0.69440 0.015126 
0.69473 0.015114 
0.69507 0.015102 
0.69540 0.015089 
0.69574 0.015077 
0.69608 0.015065 
0.69641 0.015053 
0.69675 0.015040 
0.69708 0.015028 
0.69742 0.015015 
0.69775 0.015003 
0.69809 0.014990 
0.69842 0.014978 
0.69876 0.014966 
0.69909 0.014953 
0.69943 0.014941 
0.69977 0.014929 
0.70010 0.014917 
0.70044 0.014905 
0.70077 0.014893 
0.70111 0.014880 
0.70144 0.014867 
0.70178 0.014855 
0.70211 0.014842 
0.70245 0.014830 
0.70278 0.014819 
0.70312 0.014807 
0.70346 0.014793 
0.70379 0.014781 
0.70413 0.014769 
0.70446 0.014758 
0.70480 0.014745 
0.70513 0.014733 
0.70547 0.014721 
0.70580 0.014709 
0.70614 0.014696 
0.70647 0.014684 
0.70681 0.014672 
0.70715 0.014660 
0.70748 0.014648 
0.70782 0.014635 
0.70815 0.014623 
0.70849 0.014611 
0.70882 0.014599 
0.70916 0.014587 
0.70949 0.014574 
0.70983 0.014563 
0.71016 0.014550 
0.71050 0.014539 
0.71084 0.014527 
0.71117 0.014515 
0.71151 0.014502 
0.71184 0.014490 
0.71218 0.014478 
0.71251 0.014466 
0.71285 0.014455 
0.71318 0.014443 
0.71352 0.014431 
0.71385 0.014419 
0.71419 0.014406 
0.71453 0.014394 
0.71486 0.014382 
0.71520 0.014370 
0.71553 0.014358 
0.71587 0.014347 
0.71620 0.014336 
0.71654 0.014325 
0.71687 0.014314 
0.71721 0.014302 
0.71754 0.014291 
0.71788 0.014279 
0.71822 0.014267 
0.71855 0.014255 
0.71889 0.014243 
0.71922 0.014232 
0.71956 0.014221 
0.71989 0.014210 
0.72023 0.014198 
0.72056 0.014186 
0.72090 0.014175 
0.72123 0.014164 
0.72157 0.014152 
0.72191 0.014141 
0.72224 0.014129 
0.72258 0.014118 
0.72291 0.014107 
0.72325 0.014095 
0.72358 0.014084 
0.72392 0.014073 
0.72425 0.014061 
0.72459 0.014049 
0.72492 0.014038 
0.72526 0.014027 
0.72560 0.014015 
0.72593 0.014003 
0.72627 0.013993 
0.72660 0.013981 
0.72694 0.013971 
0.72727 0.013960 
0.72761 0.013949 
0.72794 0.013938 
0.72828 0.013928 
0.72861 0.013917 
0.72895 0.013905 
0.72929 0.013895 
0.72962 0.013884 
0.72996 0.013873 
0.73029 0.013862 
0.73063 0.013851 
0.73096 0.013840 
0.73130 0.013829 
0.73163 0.013818 
0.73197 0.013807 
0.73230 0.013797 
0.73264 0.013786 
0.73298 0.013776 
0.73331 0.013765 
0.73365 0.013754 
0.73398 0.013743 
0.73432 0.013732 
0.73465 0.013720 
0.73499 0.013709 
0.73532 0.013699 
0.73566 0.013688 
0.73599 0.013677 
0.73633 0.013666 
0.73667 0.013656 
0.73700 0.013645 
0.73734 0.013634 
0.73767 0.013624 
0.73801 0.013613 
0.73834 0.013602 
0.73868 0.013591 
0.73901 0.013581 
0.73935 0.013570 
0.73968 0.013560 
0.74002 0.013549 
0.74036 0.013538 
0.74069 0.013528 
0.74103 0.013517 
0.74136 0.013506 
0.74170 0.013495 
0.74203 0.013485 
0.74237 0.013475 
0.74270 0.013464 
0.74304 0.013453 
0.74337 0.013442 
0.74371 0.013431 
0.74405 0.013420 
0.74438 0.013410 
0.74472 0.013399 
0.74505 0.013387 
0.74539 0.013377 
0.74572 0.013367 
0.74606 0.013356 
0.74639 0.013346 
0.74673 0.013335 
0.74706 0.013325 
0.74740 0.013315 
0.74774 0.013304 
0.74807 0.013293 
0.74841 0.013282 
0.74874 0.013272 
0.74908 0.013261 
0.74941 0.013251 
0.74975 0.013241 
0.75008 0.013230 
0.75042 0.013220 
0.75075 0.013210 
0.75109 0.013199 
0.75143 0.013189 
0.75176 0.013179 
0.75210 0.013168 
0.75243 0.013158 
0.75277 0.013148 
0.75310 0.013138 
0.75344 0.013127 
0.75377 0.013117 
0.75411 0.013107 
0.75444 0.013097 
0.75478 0.013087 
0.75512 0.013077 
0.75545 0.013068 
0.75579 0.013058 
0.75612 0.013048 
0.75646 0.013037 
0.75679 0.013027 
0.75713 0.013017 
0.75746 0.013006 
0.75780 0.012996 
0.75813 0.012986 
0.75847 0.012975 
0.75881 0.012965 
0.75914 0.012955 
0.75948 0.012945 
0.75981 0.012935 
0.76015 0.012926 
0.76048 0.012916 
0.76082 0.012906 
0.76115 0.012897 
0.76149 0.012887 
0.76182 0.012878 
0.76216 0.012868 
0.76250 0.012858 
0.76283 0.012848 
0.76317 0.012838 
0.76350 0.012828 
0.76384 0.012818 
0.76417 0.012809 
0.76451 0.012799 
0.76484 0.012789 
0.76518 0.012779 
0.76551 0.012769 
0.76585 0.012759 
0.76619 0.012750 
0.76652 0.012740 
0.76686 0.012731 
0.76719 0.012721 
0.76753 0.012712 
0.76786 0.012702 
0.76820 0.012693 
0.76853 0.012683 
0.76887 0.012673 
0.76920 0.012664 
0.76954 0.012654 
0.76988 0.012645 
0.77021 0.012636 
0.77055 0.012626 
0.77088 0.012617 
0.77122 0.012608 
0.77155 0.012598 
0.77189 0.012589 
0.77222 0.012580 
0.77256 0.012571 
0.77290 0.012561 
0.77323 0.012552 
0.77357 0.012542 
0.77390 0.012533 
0.77424 0.012523 
0.77457 0.012514 
0.77491 0.012504 
0.77524 0.012495 
0.77558 0.012485 
0.77591 0.012476 
0.77625 0.012467 
0.77659 0.012458 
0.77692 0.012448 
0.77726 0.012439 
0.77759 0.012429 
0.77793 0.012420 
0.77826 0.012411 
0.77860 0.012401 
0.77893 0.012391 
0.77927 0.012382 
0.77960 0.012372 
0.77994 0.012364 
0.78028 0.012354 
0.78061 0.012345 
0.78095 0.012336 
0.78128 0.012327 
0.78162 0.012318 
0.78195 0.012308 
0.78229 0.012298 
0.78262 0.012288 
0.78296 0.012279 
0.78329 0.012270 
0.78363 0.012261 
0.78397 0.012251 
0.78430 0.012242 
0.78464 0.012233 
0.78497 0.012224 
0.78531 0.012214 
0.78564 0.012205 
0.78598 0.012197 
0.78631 0.012188 
0.78665 0.012178 
0.78698 0.012169 
0.78732 0.012159 
0.78766 0.012150 
0.78799 0.012141 
0.78833 0.012132 
0.78866 0.012123 
0.78900 0.012113 
0.78933 0.012104 
0.78967 0.012095 
0.79000 0.012085 
0.79034 0.012077 
0.79067 0.012068 
0.79101 0.012058 
0.79135 0.012050 
0.79168 0.012040 
0.79202 0.012031 
0.79235 0.012023 
0.79269 0.012014 
0.79302 0.012005 
0.79336 0.011996 
0.79369 0.011987 
0.79403 0.011978 
0.79436 0.011969 
0.79470 0.011959 
0.79504 0.011950 
0.79537 0.011942 
0.79571 0.011933 
0.79604 0.011924 
0.79638 0.011915 
0.79671 0.011905 
0.79705 0.011897 
0.79738 0.011888 
0.79772 0.011879 
0.79805 0.011870 
0.79839 0.011861 
0.79873 0.011852 
0.79906 0.011843 
0.79940 0.011834 
0.79973 0.011825 
0.80007 0.011816 
0.80040 0.011808 
0.80074 0.011799 
0.80107 0.011791 
0.80141 0.011782 
0.80174 0.011773 
0.80208 0.011764 
0.80242 0.011755 
0.80275 0.011747 
0.80309 0.011738 
0.80342 0.011730 
0.80376 0.011721 
0.80409 0.011713 
0.80443 0.011704 
0.80476 0.011695 
0.80510 0.011686 
0.80543 0.011677 
0.80577 0.011668 
0.80611 0.011660 
0.80644 0.011652 
0.80678 0.011644 
0.80711 0.011635 
0.80745 0.011627 
0.80778 0.011618 
0.80812 0.011610 
0.80845 0.011601 
0.80879 0.011592 
0.80912 0.011584 
0.80946 0.011575 
0.80980 0.011566 
0.81013 0.011557 
0.81047 0.011549 
0.81080 0.011541 
0.81114 0.011533 
0.81147 0.011524 
0.81181 0.011516 
0.81214 0.011507 
0.81248 0.011499 
0.81281 0.011490 
0.81315 0.011482 
0.81349 0.011474 
0.81382 0.011465 
0.81416 0.011457 
0.81449 0.011449 
0.81483 0.011440 
0.81516 0.011432 
0.81550 0.011424 
0.81583 0.011415 
0.81617 0.011407 
0.81650 0.011399 
0.81684 0.011391 
0.81718 0.011383 
0.81751 0.011375 
0.81785 0.011366 
0.81818 0.011358 
0.81852 0.011350 
0.81885 0.011341 
0.81919 0.011333 
0.81952 0.011325 
0.81986 0.011317 
0.82019 0.011308 
0.82053 0.011300 
0.82087 0.011292 
0.82120 0.011284 
0.82154 0.011276 
0.82187 0.011268 
0.82221 0.011259 
0.82254 0.011251 
0.82288 0.011243 
0.82321 0.011235 
0.82355 0.011226 
0.82388 0.011218 
0.82422 0.011209 
0.82456 0.011201 
0.82489 0.011193 
0.82523 0.011184 
0.82556 0.011176 
0.82590 0.011168 
0.82623 0.011159 
0.82657 0.011152 
0.82690 0.011144 
0.82724 0.011136 
0.82757 0.011127 
0.82791 0.011119 
0.82825 0.011111 
0.82858 0.011103 
0.82892 0.011095 
0.82925 0.011087 
0.82959 0.011079 
0.82992 0.011071 
0.83026 0.011063 
0.83059 0.011055 
0.83093 0.011047 
0.83126 0.011039 
0.83160 0.011031 
0.83194 0.011024 
0.83227 0.011016 
0.83261 0.011008 
0.83294 0.011000 
0.83328 0.010992 
0.83361 0.010984 
0.83395 0.010976 
0.83428 0.010968 
0.83462 0.010961 
0.83495 0.010953 
0.83529 0.010945 
0.83563 0.010937 
0.83596 0.010929 
0.83630 0.010921 
0.83663 0.010913 
0.83697 0.010906 
0.83730 0.010898 
0.83764 0.010890 
0.83797 0.010883 
0.83831 0.010874 
0.83864 0.010867 
0.83898 0.010859 
0.83932 0.010851 
0.83965 0.010843 
0.83999 0.010836 
0.84032 0.010828 
0.84066 0.010820 
0.84099 0.010812 
0.84133 0.010805 
0.84166 0.010797 
0.84200 0.010789 
0.84233 0.010781 
0.84267 0.010774 
0.84301 0.010766 
0.84334 0.010758 
0.84368 0.010750 
0.84401 0.010743 
0.84435 0.010735 
0.84468 0.010727 
0.84502 0.010719 
0.84535 0.010712 
0.84569 0.010704 
0.84602 0.010697 
0.84636 0.010689 
0.84670 0.010682 
0.84703 0.010674 
0.84737 0.010667 
0.84770 0.010659 
0.84804 0.010652 
0.84837 0.010645 
0.84871 0.010637 
0.84904 0.010629 
0.84938 0.010622 
0.84971 0.010614 
0.85005 0.010607 
0.85039 0.010599 
0.85072 0.010592 
0.85106 0.010584 
0.85139 0.010577 
0.85173 0.010570 
0.85206 0.010562 
0.85240 0.010555 
0.85273 0.010548 
0.85307 0.010540 
0.85340 0.010533 
0.85374 0.010526 
0.85408 0.010519 
0.85441 0.010512 
0.85475 0.010504 
0.85508 0.010497 
0.85542 0.010490 
0.85575 0.010483 
0.85609 0.010475 
0.85642 0.010468 
0.85676 0.010461 
0.85709 0.010453 
0.85743 0.010446 
0.85777 0.010438 
0.85810 0.010431 
0.85844 0.010423 
0.85877 0.010416 
0.85911 0.010408 
0.85944 0.010401 
0.85978 0.010394 
0.86011 0.010386 
0.86045 0.010379 
0.86078 0.010371 
0.86112 0.010364 
0.86146 0.010357 
0.86179 0.010349 
0.86213 0.010342 
0.86246 0.010335 
0.86280 0.010327 
0.86313 0.010320 
0.86347 0.010312 
0.86380 0.010305 
0.86414 0.010298 
0.86448 0.010291 
0.86481 0.010284 
0.86515 0.010276 
0.86548 0.010269 
0.86582 0.010262 
0.86615 0.010254 
0.86649 0.010247 
0.86682 0.010239 
0.86716 0.010232 
0.86749 0.010225 
0.86783 0.010218 
0.86817 0.010210 
0.86850 0.010203 
0.86884 0.010196 
0.86917 0.010189 
0.86951 0.010182 
0.86984 0.010175 
0.87018 0.010167 
0.87051 0.010160 
0.87085 0.010153 
0.87118 0.010146 
0.87152 0.010139 
0.87186 0.010132 
0.87219 0.010125 
0.87253 0.010118 
0.87286 0.010111 
0.87320 0.010104 
0.87353 0.010097 
0.87387 0.010090 
0.87420 0.010082 
0.87454 0.010075 
0.87487 0.010068 
0.87521 0.010061 
0.87555 0.010054 
0.87588 0.010047 
0.87622 0.010040 
0.87655 0.010033 
0.87689 0.010026 
0.87722 0.010019 
0.87756 0.010012 
0.87789 0.010005 
0.87823 0.009998 
0.87856 0.009991 
0.87890 0.009984 
0.87924 0.009977 
0.87957 0.009970 
0.87991 0.009963 
0.88024 0.009956 
0.88058 0.009949 
0.88091 0.009942 
0.88125 0.009935 
0.88158 0.009928 
0.88192 0.009922 
0.88225 0.009915 
0.88259 0.009908 
0.88293 0.009901 
0.88326 0.009894 
0.88360 0.009887 
0.88393 0.009880 
0.88427 0.009873 
0.88460 0.009866 
0.88494 0.009860 
0.88527 0.009853 
0.88561 0.009846 
0.88594 0.009840 
0.88628 0.009833 
0.88662 0.009826 
0.88695 0.009820 
0.88729 0.009814 
0.88762 0.009807 
0.88796 0.009800 
0.88829 0.009794 
0.88863 0.009787 
0.88896 0.009780 
0.88930 0.009773 
0.88963 0.009767 
0.88997 0.009761 
0.89031 0.009754 
0.89064 0.009747 
0.89098 0.009741 
0.89131 0.009734 
0.89165 0.009727 
0.89198 0.009720 
0.89232 0.009714 
0.89265 0.009707 
0.89299 0.009701 
0.89332 0.009694 
0.89366 0.009688 
0.89400 0.009681 
0.89433 0.009674 
0.89467 0.009668 
0.89500 0.009661 
0.89534 0.009655 
0.89567 0.009648 
0.89601 0.009641 
0.89634 0.009635 
0.89668 0.009628 
0.89701 0.009622 
0.89735 0.009615 
0.89769 0.009609 
0.89802 0.009602 
0.89836 0.009595 
0.89869 0.009589 
0.89903 0.009582 
0.89936 0.009576 
0.89970 0.009569 
0.90003 0.009563 
0.90037 0.009556 
0.90070 0.009550 
0.90104 0.009543 
0.90138 0.009537 
0.90171 0.009530 
0.90205 0.009523 
0.90238 0.009517 
0.90272 0.009510 
0.90305 0.009504 
0.90339 0.009497 
0.90372 0.009491 
0.90406 0.009484 
0.90439 0.009478 
0.90473 0.009471 
0.90507 0.009465 
0.90540 0.009459 
0.90574 0.009452 
0.90607 0.009446 
0.90641 0.009439 
0.90674 0.009433 
0.90708 0.009427 
0.90741 0.009420 
0.90775 0.009414 
0.90808 0.009407 
0.90842 0.009401 
0.90876 0.009395 
0.90909 0.009388 
0.90943 0.009381 
0.90976 0.009375 
0.91010 0.009369 
0.91043 0.009362 
0.91077 0.009356 
0.91110 0.009350 
0.91144 0.009344 
0.91177 0.009337 
0.91211 0.009331 
0.91245 0.009325 
0.91278 0.009318 
0.91312 0.009312 
0.91345 0.009306 
0.91379 0.009299 
0.91412 0.009293 
0.91446 0.009287 
0.91479 0.009281 
0.91513 0.009274 
0.91546 0.009268 
0.91580 0.009262 
0.91614 0.009256 
0.91647 0.009249 
0.91681 0.009243 
0.91714 0.009237 
0.91748 0.009231 
0.91781 0.009225 
0.91815 0.009218 
0.91848 0.009212 
0.91882 0.009206 
0.91915 0.009200 
0.91949 0.009194 
0.91983 0.009188 
0.92016 0.009181 
0.92050 0.009175 
0.92083 0.009169 
0.92117 0.009163 
0.92150 0.009157 
0.92184 0.009151 
0.92217 0.009145 
0.92251 0.009139 
0.92284 0.009133 
0.92318 0.009127 
0.92352 0.009121 
0.92385 0.009115 
0.92419 0.009108 
0.92452 0.009102 
0.92486 0.009096 
0.92519 0.009090 
0.92553 0.009084 
0.92586 0.009078 
0.92620 0.009072 
0.92653 0.009066 
0.92687 0.009060 
0.92721 0.009053 
0.92754 0.009047 
0.92788 0.009042 
0.92821 0.009036 
0.92855 0.009029 
0.92888 0.009023 
0.92922 0.009017 
0.92955 0.009011 
0.92989 0.009005 
0.93022 0.008999 
0.93056 0.008993 
0.93090 0.008987 
0.93123 0.008981 
0.93157 0.008975 
0.93190 0.008969 
0.93224 0.008963 
0.93257 0.008957 
0.93291 0.008951 
0.93324 0.008945 
0.93358 0.008939 
0.93391 0.008933 
0.93425 0.008926 
0.93459 0.008920 
0.93492 0.008915 
0.93526 0.008908 
0.93559 0.008902 
0.93593 0.008896 
0.93626 0.008890 
0.93660 0.008884 
0.93693 0.008878 
0.93727 0.008872 
0.93760 0.008866 
0.93794 0.008860 
0.93828 0.008853 
0.93861 0.008847 
0.93895 0.008842 
0.93928 0.008836 
0.93962 0.008829 
0.93995 0.008823 
0.94029 0.008817 
0.94062 0.008811 
0.94096 0.008805 
0.94129 0.008799 
0.94163 0.008793 
0.94197 0.008787 
0.94230 0.008781 
0.94264 0.008775 
0.94297 0.008770 
0.94331 0.008764 
0.94364 0.008758 
0.94398 0.008752 
0.94431 0.008746 
0.94465 0.008740 
0.94498 0.008734 
0.94532 0.008728 
0.94566 0.008722 
0.94599 0.008716 
0.94633 0.008710 
0.94666 0.008704 
0.94700 0.008698 
0.94733 0.008693 
0.94767 0.008687 
0.94800 0.008681 
0.94834 0.008675 
0.94867 0.008669 
0.94901 0.008664 
0.94935 0.008658 
0.94968 0.008652 
0.95002 0.008646 
0.95035 0.008641 
0.95069 0.008635 
0.95102 0.008629 
0.95136 0.008623 
0.95169 0.008617 
0.95203 0.008612 
0.95236 0.008606 
0.95270 0.008600 
0.95304 0.008594 
0.95337 0.008589 
0.95371 0.008583 
0.95404 0.008578 
0.95438 0.008572 
0.95471 0.008566 
0.95505 0.008560 
0.95538 0.008554 
0.95572 0.008549 
0.95606 0.008543 
0.95639 0.008537 
0.95673 0.008531 
0.95706 0.008526 
0.95740 0.008520 
0.95773 0.008514 
0.95807 0.008509 
0.95840 0.008503 
0.95874 0.008497 
0.95907 0.008492 
0.95941 0.008486 
0.95975 0.008481 
0.96008 0.008475 
0.96042 0.008469 
0.96075 0.008464 
0.96109 0.008458 
0.96142 0.008452 
0.96176 0.008447 
0.96209 0.008441 
0.96243 0.008435 
0.96276 0.008430 
0.96310 0.008424 
0.96344 0.008419 
0.96377 0.008413 
0.96411 0.008407 
0.96444 0.008402 
0.96478 0.008397 
0.96511 0.008391 
0.96545 0.008386 
0.96578 0.008380 
0.96612 0.008375 
0.96645 0.008369 
0.96679 0.008364 
0.96713 0.008358 
0.96746 0.008353 
0.96780 0.008347 
0.96813 0.008342 
0.96847 0.008336 
0.96880 0.008331 
0.96914 0.008325 
0.96947 0.008320 
0.96981 0.008314 
0.97014 0.008309 
0.97048 0.008303 
0.97082 0.008298 
0.97115 0.008293 
0.97149 0.008287 
0.97182 0.008282 
0.97216 0.008276 
0.97249 0.008271 
0.97283 0.008265 
0.97316 0.008260 
0.97350 0.008254 
0.97383 0.008249 
0.97417 0.008244 
0.97451 0.008238 
0.97484 0.008233 
0.97518 0.008228 
0.97551 0.008222 
0.97585 0.008217 
0.97618 0.008211 
0.97652 0.008206 
0.97685 0.008200 
0.97719 0.008195 
0.97752 0.008190 
0.97786 0.008184 
0.97820 0.008179 
0.97853 0.008174 
0.97887 0.008168 
0.97920 0.008163 
0.97954 0.008157 
0.97987 0.008152 
0.98021 0.008147 
0.98054 0.008141 
0.98088 0.008136 
0.98121 0.008131 
0.98155 0.008125 
0.98189 0.008120 
0.98222 0.008115 
0.98256 0.008110 
0.98289 0.008104 
0.98323 0.008099 
0.98356 0.008094 
0.98390 0.008088 
0.98423 0.008083 
0.98457 0.008078 
0.98490 0.008072 
0.98524 0.008067 
0.98558 0.008062 
0.98591 0.008057 
0.98625 0.008051 
0.98658 0.008046 
0.98692 0.008041 
0.98725 0.008036 
0.98759 0.008031 
0.98792 0.008025 
0.98826 0.008020 
0.98859 0.008015 
0.98893 0.008010 
0.98927 0.008004 
0.98960 0.007999 
0.98994 0.007994 
0.99027 0.007989 
0.99061 0.007984 
0.99094 0.007979 
0.99128 0.007973 
0.99161 0.007968 
0.99195 0.007963 
0.99228 0.007958 
0.99262 0.007953 
0.99296 0.007948 
0.99329 0.007942 
0.99363 0.007937 
0.99396 0.007932 
0.99430 0.007927 
0.99463 0.007922 
0.99497 0.007917 
0.99530 0.007912 
0.99564 0.007907 
0.99597 0.007902 
0.99631 0.007896 
0.99665 0.007891 
0.99698 0.007886 
0.99732 0.007881 
0.99765 0.007876 
0.99799 0.007871 
0.99832 0.007866 
0.99866 0.007861 
0.99899 0.007856 
0.99933 0.007851 
0.99966 0.007846 
1.00000 0.007841 
