1 1
0.00067 1.000000 
0.00101 1.000000 
0.00134 1.000000 
0.00168 1.000000 
0.00201 1.000000 
0.00235 1.000000 
0.00268 1.000000 
0.00302 1.000000 
0.00335 1.000000 
0.00369 1.000000 
0.00403 1.000000 
0.00436 1.000000 
0.00470 1.000000 
0.00503 1.000000 
0.00537 1.000000 
0.00570 1.000000 
0.00604 1.000000 
0.00637 1.000000 
0.00671 1.000000 
0.00704 1.000000 
0.00738 1.000000 
0.00772 1.000000 
0.00805 1.000000 
0.00839 1.000000 
0.00872 1.000000 
0.00906 1.000000 
0.00939 1.000000 
0.00973 1.000000 
0.01006 1.000000 
0.01040 1.000000 
0.01073 1.000000 
0.01107 1.000000 
0.01141 1.000000 
0.01174 0.998319 
0.01208 0.998413 
0.01241 0.998498 
0.01275 0.998578 
0.01308 0.998650 
0.01342 0.998718 
0.01375 0.998780 
0.01409 0.998839 
0.01442 0.997785 
0.01476 0.996829 
0.01510 0.996970 
0.01543 0.996135 
0.01577 0.996300 
0.01610 0.995567 
0.01644 0.995748 
0.01677 0.995918 
0.01711 0.994510 
0.01744 0.994721 
0.01778 0.993469 
0.01811 0.992313 
0.01845 0.992593 
0.01879 0.991558 
0.01912 0.988722 
0.01946 0.987296 
0.01979 0.987142 
0.02013 0.985311 
0.02046 0.982514 
0.02080 0.982020 
0.02113 0.979519 
0.02147 0.976687 
0.02180 0.975000 
0.02214 0.972028 
0.02248 0.967888 
0.02281 0.966637 
0.02315 0.964194 
0.02348 0.963147 
0.02382 0.960966 
0.02415 0.959311 
0.02449 0.957763 
0.02482 0.954091 
0.02516 0.950631 
0.02549 0.948772 
0.02583 0.947368 
0.02617 0.945388 
0.02650 0.943849 
0.02684 0.939873 
0.02717 0.937654 
0.02751 0.937067 
0.02784 0.933882 
0.02818 0.931727 
0.02851 0.928852 
0.02885 0.927223 
0.02918 0.924352 
0.02952 0.919018 
0.02986 0.913943 
0.03019 0.913109 
0.03053 0.911600 
0.03086 0.910893 
0.03120 0.908602 
0.03153 0.907344 
0.03187 0.905935 
0.03220 0.903070 
0.03254 0.900988 
0.03287 0.896907 
0.03321 0.893630 
0.03355 0.888485 
0.03388 0.886139 
0.03422 0.885653 
0.03455 0.881020 
0.03489 0.880134 
0.03522 0.876557 
0.03556 0.874573 
0.03589 0.867219 
0.03623 0.864486 
0.03656 0.858818 
0.03690 0.853711 
0.03724 0.852416 
0.03757 0.850225 
0.03791 0.847029 
0.03824 0.845521 
0.03858 0.842410 
0.03891 0.837181 
0.03925 0.834954 
0.03958 0.830943 
0.03992 0.827517 
0.04025 0.822269 
0.04059 0.814876 
0.04093 0.810053 
0.04126 0.806344 
0.04160 0.802124 
0.04193 0.798968 
0.04227 0.794540 
0.04260 0.791776 
0.04294 0.788878 
0.04327 0.784157 
0.04361 0.781276 
0.04394 0.774281 
0.04428 0.769604 
0.04462 0.765778 
0.04495 0.762541 
0.04529 0.759204 
0.04562 0.756972 
0.04596 0.751610 
0.04629 0.750026 
0.04663 0.747680 
0.04696 0.744707 
0.04730 0.742655 
0.04764 0.736490 
0.04797 0.734561 
0.04831 0.731935 
0.04864 0.729693 
0.04898 0.727539 
0.04931 0.722393 
0.04965 0.720445 
0.04998 0.716035 
0.05032 0.711767 
0.05065 0.709139 
0.05099 0.707476 
0.05133 0.705280 
0.05166 0.701299 
0.05200 0.698618 
0.05233 0.695451 
0.05267 0.693696 
0.05300 0.692091 
0.05334 0.686808 
0.05367 0.684355 
0.05401 0.679581 
0.05434 0.676559 
0.05468 0.672877 
0.05502 0.670283 
0.05535 0.668367 
0.05569 0.665498 
0.05602 0.662578 
0.05636 0.659894 
0.05669 0.657861 
0.05703 0.654786 
0.05736 0.652976 
0.05770 0.648987 
0.05803 0.645584 
0.05837 0.643346 
0.05871 0.641445 
0.05904 0.638052 
0.05938 0.636107 
0.05971 0.633149 
0.06005 0.629213 
0.06038 0.625512 
0.06072 0.623450 
0.06105 0.620181 
0.06139 0.617787 
0.06172 0.616120 
0.06206 0.612808 
0.06240 0.608777 
0.06273 0.604968 
0.06307 0.602571 
0.06340 0.599572 
0.06374 0.596881 
0.06407 0.593938 
0.06441 0.591732 
0.06474 0.589486 
0.06508 0.586507 
0.06541 0.583082 
0.06575 0.581214 
0.06609 0.578680 
0.06642 0.576578 
0.06676 0.573676 
0.06709 0.571005 
0.06743 0.568209 
0.06776 0.566228 
0.06810 0.564405 
0.06843 0.560997 
0.06877 0.558489 
0.06910 0.555577 
0.06944 0.553070 
0.06978 0.549238 
0.07011 0.547571 
0.07045 0.544680 
0.07078 0.541954 
0.07112 0.539971 
0.07145 0.537027 
0.07179 0.534465 
0.07212 0.532058 
0.07246 0.529027 
0.07279 0.526242 
0.07313 0.523485 
0.07347 0.521218 
0.07380 0.518888 
0.07414 0.517195 
0.07447 0.514777 
0.07481 0.512221 
0.07514 0.508688 
0.07548 0.506389 
0.07581 0.503677 
0.07615 0.500565 
0.07648 0.498106 
0.07682 0.495633 
0.07716 0.493298 
0.07749 0.490796 
0.07783 0.488431 
0.07816 0.486569 
0.07850 0.484245 
0.07883 0.481942 
0.07917 0.479517 
0.07950 0.477079 
0.07984 0.474701 
0.08017 0.472311 
0.08051 0.469874 
0.08085 0.467600 
0.08118 0.466239 
0.08152 0.463660 
0.08185 0.461411 
0.08219 0.460087 
0.08252 0.457972 
0.08286 0.456832 
0.08319 0.455139 
0.08353 0.452746 
0.08386 0.450731 
0.08420 0.447904 
0.08454 0.445962 
0.08487 0.444193 
0.08521 0.442034 
0.08554 0.439864 
0.08588 0.438205 
0.08621 0.436527 
0.08655 0.434953 
0.08688 0.433390 
0.08722 0.430918 
0.08755 0.429266 
0.08789 0.427861 
0.08823 0.425739 
0.08856 0.424156 
0.08890 0.422070 
0.08923 0.420315 
0.08957 0.418349 
0.08990 0.416178 
0.09024 0.414387 
0.09057 0.412447 
0.09091 0.410359 
0.09124 0.408509 
0.09158 0.407024 
0.09192 0.405283 
0.09225 0.403663 
0.09259 0.401950 
0.09292 0.400042 
0.09326 0.398021 
0.09359 0.396483 
0.09393 0.395110 
0.09426 0.392933 
0.09460 0.391207 
0.09493 0.389520 
0.09527 0.387847 
0.09561 0.386583 
0.09594 0.384517 
0.09628 0.382520 
0.09661 0.381001 
0.09695 0.379782 
0.09728 0.377998 
0.09762 0.376253 
0.09795 0.374688 
0.09829 0.373019 
0.09862 0.371364 
0.09896 0.369768 
0.09930 0.368369 
0.09963 0.366571 
0.09997 0.364744 
0.10030 0.363292 
0.10064 0.361583 
0.10097 0.360177 
0.10131 0.358980 
0.10164 0.357266 
0.10198 0.355697 
0.10231 0.354185 
0.10265 0.352555 
0.10299 0.351557 
0.10332 0.350226 
0.10366 0.348884 
0.10399 0.347573 
0.10433 0.345524 
0.10466 0.343619 
0.10500 0.342693 
0.10533 0.341161 
0.10567 0.339703 
0.10600 0.338176 
0.10634 0.336901 
0.10668 0.335178 
0.10701 0.334043 
0.10735 0.332524 
0.10768 0.331133 
0.10802 0.329696 
0.10835 0.328154 
0.10869 0.326874 
0.10902 0.325831 
0.10936 0.324285 
0.10969 0.322921 
0.11003 0.321567 
0.11037 0.320409 
0.11070 0.319167 
0.11104 0.317806 
0.11137 0.316675 
0.11171 0.315478 
0.11204 0.314254 
0.11238 0.312897 
0.11271 0.311620 
0.11305 0.310213 
0.11338 0.309044 
0.11372 0.307518 
0.11406 0.306403 
0.11439 0.305330 
0.11473 0.304317 
0.11506 0.303360 
0.11540 0.301919 
0.11573 0.300725 
0.11607 0.299774 
0.11640 0.298779 
0.11674 0.297807 
0.11707 0.296479 
0.11741 0.295194 
0.11775 0.294164 
0.11808 0.292994 
0.11842 0.291881 
0.11875 0.290760 
0.11909 0.289616 
0.11942 0.288448 
0.11976 0.287225 
0.12009 0.286418 
0.12043 0.285414 
0.12076 0.284231 
0.12110 0.283195 
0.12144 0.282043 
0.12177 0.280840 
0.12211 0.279978 
0.12244 0.278970 
0.12278 0.278180 
0.12311 0.276917 
0.12345 0.275945 
0.12378 0.274803 
0.12412 0.273859 
0.12445 0.272907 
0.12479 0.272078 
0.12513 0.270965 
0.12546 0.270018 
0.12580 0.269119 
0.12613 0.268440 
0.12647 0.267566 
0.12680 0.266613 
0.12714 0.265597 
0.12747 0.264644 
0.12781 0.263614 
0.12814 0.262536 
0.12848 0.261561 
0.12882 0.260498 
0.12915 0.259605 
0.12949 0.258583 
0.12982 0.257581 
0.13016 0.256586 
0.13049 0.255771 
0.13083 0.254881 
0.13116 0.253879 
0.13150 0.252962 
0.13183 0.252129 
0.13217 0.251211 
0.13251 0.250363 
0.13284 0.249521 
0.13318 0.248543 
0.13351 0.247801 
0.13385 0.246974 
0.13418 0.246241 
0.13452 0.245486 
0.13485 0.244674 
0.13519 0.243732 
0.13552 0.242918 
0.13586 0.242244 
0.13620 0.241550 
0.13653 0.240593 
0.13687 0.239666 
0.13720 0.238674 
0.13754 0.237939 
0.13787 0.237137 
0.13821 0.236234 
0.13854 0.235255 
0.13888 0.234574 
0.13922 0.233898 
0.13955 0.233202 
0.13989 0.232464 
0.14022 0.231696 
0.14056 0.231013 
0.14089 0.230174 
0.14123 0.229657 
0.14156 0.228940 
0.14190 0.227992 
0.14223 0.227307 
0.14257 0.226704 
0.14291 0.225893 
0.14324 0.225198 
0.14358 0.224398 
0.14391 0.223504 
0.14425 0.222790 
0.14458 0.222112 
0.14492 0.221449 
0.14525 0.220779 
0.14559 0.220208 
0.14592 0.219503 
0.14626 0.218749 
0.14660 0.217927 
0.14693 0.217193 
0.14727 0.216463 
0.14760 0.215821 
0.14794 0.215152 
0.14827 0.214424 
0.14861 0.213752 
0.14894 0.212922 
0.14928 0.212076 
0.14961 0.211317 
0.14995 0.210562 
0.15029 0.209881 
0.15062 0.209255 
0.15096 0.208434 
0.15129 0.207834 
0.15163 0.207091 
0.15196 0.206441 
0.15230 0.205813 
0.15263 0.205093 
0.15297 0.204405 
0.15330 0.203789 
0.15364 0.203195 
0.15398 0.202586 
0.15431 0.201857 
0.15465 0.201254 
0.15498 0.200533 
0.15532 0.199882 
0.15565 0.199337 
0.15599 0.198674 
0.15632 0.198117 
0.15666 0.197517 
0.15699 0.196847 
0.15733 0.196189 
0.15767 0.195536 
0.15800 0.194904 
0.15834 0.194304 
0.15867 0.193697 
0.15901 0.192987 
0.15934 0.192378 
0.15968 0.191809 
0.16001 0.191269 
0.16035 0.190732 
0.16068 0.190171 
0.16102 0.189579 
0.16136 0.189016 
0.16169 0.188499 
0.16203 0.187804 
0.16236 0.187225 
0.16270 0.186581 
0.16303 0.186068 
0.16337 0.185498 
0.16370 0.185015 
0.16404 0.184460 
0.16437 0.183874 
0.16471 0.183341 
0.16505 0.182712 
0.16538 0.182053 
0.16572 0.181488 
0.16605 0.180861 
0.16639 0.180213 
0.16672 0.179610 
0.16706 0.179091 
0.16739 0.178574 
0.16773 0.178060 
0.16806 0.177541 
0.16840 0.176969 
0.16874 0.176511 
0.16907 0.175984 
0.16941 0.175436 
0.16974 0.174891 
0.17008 0.174303 
0.17041 0.173857 
0.17075 0.173313 
0.17108 0.172772 
0.17142 0.172311 
0.17175 0.171821 
0.17209 0.171266 
0.17243 0.170751 
0.17276 0.170269 
0.17310 0.169828 
0.17343 0.169298 
0.17377 0.168801 
0.17410 0.168344 
0.17444 0.167838 
0.17477 0.167304 
0.17511 0.166781 
0.17544 0.166245 
0.17578 0.165757 
0.17612 0.165227 
0.17645 0.164715 
0.17679 0.164220 
0.17712 0.163734 
0.17746 0.163316 
0.17779 0.162842 
0.17813 0.162378 
0.17846 0.161888 
0.17880 0.161421 
0.17913 0.160929 
0.17947 0.160440 
0.17981 0.159904 
0.18014 0.159412 
0.18048 0.158938 
0.18081 0.158493 
0.18115 0.158002 
0.18148 0.157582 
0.18182 0.157062 
0.18215 0.156619 
0.18249 0.156179 
0.18282 0.155707 
0.18316 0.155278 
0.18350 0.154817 
0.18383 0.154332 
0.18417 0.153936 
0.18450 0.153456 
0.18484 0.153064 
0.18517 0.152674 
0.18551 0.152292 
0.18584 0.151860 
0.18618 0.151416 
0.18651 0.151027 
0.18685 0.150640 
0.18719 0.150242 
0.18752 0.149787 
0.18786 0.149380 
0.18819 0.148975 
0.18853 0.148559 
0.18886 0.148208 
0.18920 0.147758 
0.18953 0.147361 
0.18987 0.146965 
0.19020 0.146540 
0.19054 0.146142 
0.19088 0.145715 
0.19121 0.145296 
0.19155 0.144898 
0.19188 0.144526 
0.19222 0.144083 
0.19255 0.143708 
0.19289 0.143275 
0.19322 0.142874 
0.19356 0.142500 
0.19389 0.142054 
0.19423 0.141612 
0.19457 0.141207 
0.19490 0.140798 
0.19524 0.140379 
0.19557 0.140009 
0.19591 0.139606 
0.19624 0.139275 
0.19658 0.138887 
0.19691 0.138501 
0.19725 0.138117 
0.19758 0.137712 
0.19792 0.137337 
0.19826 0.136993 
0.19859 0.136593 
0.19893 0.136269 
0.19926 0.135878 
0.19960 0.135540 
0.19993 0.135170 
0.20027 0.134818 
0.20060 0.134435 
0.20094 0.134098 
0.20127 0.133762 
0.20161 0.133383 
0.20195 0.133001 
0.20228 0.132664 
0.20262 0.132280 
0.20295 0.131963 
0.20329 0.131626 
0.20362 0.131285 
0.20396 0.130950 
0.20429 0.130563 
0.20463 0.130248 
0.20496 0.129924 
0.20530 0.129580 
0.20564 0.129232 
0.20597 0.128896 
0.20631 0.128535 
0.20664 0.128223 
0.20698 0.127918 
0.20731 0.127583 
0.20765 0.127238 
0.20798 0.126880 
0.20832 0.126528 
0.20865 0.126194 
0.20899 0.125861 
0.20933 0.125550 
0.20966 0.125256 
0.21000 0.124974 
0.21033 0.124631 
0.21067 0.124331 
0.21100 0.124027 
0.21134 0.123714 
0.21167 0.123402 
0.21201 0.123082 
0.21234 0.122738 
0.21268 0.122430 
0.21302 0.122114 
0.21335 0.121810 
0.21369 0.121506 
0.21402 0.121169 
0.21436 0.120844 
0.21469 0.120530 
0.21503 0.120213 
0.21536 0.119926 
0.21570 0.119625 
0.21603 0.119350 
0.21637 0.119077 
0.21671 0.118765 
0.21704 0.118441 
0.21738 0.118176 
0.21771 0.117902 
0.21805 0.117592 
0.21838 0.117287 
0.21872 0.117003 
0.21905 0.116719 
0.21939 0.116414 
0.21972 0.116115 
0.22006 0.115844 
0.22040 0.115538 
0.22073 0.115252 
0.22107 0.114966 
0.22140 0.114664 
0.22174 0.114391 
0.22207 0.114118 
0.22241 0.113847 
0.22274 0.113572 
0.22308 0.113298 
0.22341 0.113039 
0.22375 0.112736 
0.22409 0.112435 
0.22442 0.112179 
0.22476 0.111893 
0.22509 0.111609 
0.22543 0.111339 
0.22576 0.111048 
0.22610 0.110793 
0.22643 0.110540 
0.22677 0.110300 
0.22710 0.110014 
0.22744 0.109755 
0.22778 0.109483 
0.22811 0.109174 
0.22845 0.108927 
0.22878 0.108672 
0.22912 0.108401 
0.22945 0.108161 
0.22979 0.107901 
0.23012 0.107633 
0.23046 0.107367 
0.23080 0.107135 
0.23113 0.106896 
0.23147 0.106636 
0.23180 0.106416 
0.23214 0.106154 
0.23247 0.105885 
0.23281 0.105634 
0.23314 0.105401 
0.23348 0.105152 
0.23381 0.104908 
0.23415 0.104689 
0.23449 0.104468 
0.23482 0.104231 
0.23516 0.103962 
0.23549 0.103710 
0.23583 0.103456 
0.23616 0.103206 
0.23650 0.102958 
0.23683 0.102722 
0.23717 0.102476 
0.23750 0.102258 
0.23784 0.102026 
0.23818 0.101798 
0.23851 0.101575 
0.23885 0.101357 
0.23918 0.101124 
0.23952 0.100860 
0.23985 0.100652 
0.24019 0.100414 
0.24052 0.100169 
0.24086 0.099929 
0.24119 0.099690 
0.24153 0.099451 
0.24187 0.099226 
0.24220 0.098993 
0.24254 0.098780 
0.24287 0.098546 
0.24321 0.098320 
0.24354 0.098091 
0.24388 0.097874 
0.24421 0.097639 
0.24455 0.097409 
0.24488 0.097198 
0.24522 0.096955 
0.24556 0.096727 
0.24589 0.096534 
0.24623 0.096319 
0.24656 0.096102 
0.24690 0.095892 
0.24723 0.095684 
0.24757 0.095476 
0.24790 0.095236 
0.24824 0.095022 
0.24857 0.094813 
0.24891 0.094583 
0.24925 0.094361 
0.24958 0.094162 
0.24992 0.093942 
0.25025 0.093715 
0.25059 0.093511 
0.25092 0.093304 
0.25126 0.093087 
0.25159 0.092892 
0.25193 0.092691 
0.25226 0.092504 
0.25260 0.092301 
0.25294 0.092088 
0.25327 0.091886 
0.25361 0.091689 
0.25394 0.091460 
0.25428 0.091271 
0.25461 0.091072 
0.25495 0.090881 
0.25528 0.090677 
0.25562 0.090480 
0.25595 0.090264 
0.25629 0.090059 
0.25663 0.089874 
0.25696 0.089670 
0.25730 0.089495 
0.25763 0.089316 
0.25797 0.089131 
0.25830 0.088916 
0.25864 0.088740 
0.25897 0.088550 
0.25931 0.088358 
0.25964 0.088173 
0.25998 0.087975 
0.26032 0.087772 
0.26065 0.087592 
0.26099 0.087394 
0.26132 0.087212 
0.26166 0.087015 
0.26199 0.086835 
0.26233 0.086662 
0.26266 0.086493 
0.26300 0.086298 
0.26333 0.086111 
0.26367 0.085914 
0.26401 0.085754 
0.26434 0.085566 
0.26468 0.085384 
0.26501 0.085216 
0.26535 0.085039 
0.26568 0.084866 
0.26602 0.084680 
0.26635 0.084518 
0.26669 0.084340 
0.26702 0.084166 
0.26736 0.083986 
0.26770 0.083804 
0.26803 0.083629 
0.26837 0.083454 
0.26870 0.083290 
0.26904 0.083116 
0.26937 0.082950 
0.26971 0.082768 
0.27004 0.082603 
0.27038 0.082428 
0.27071 0.082255 
0.27105 0.082070 
0.27139 0.081900 
0.27172 0.081747 
0.27206 0.081579 
0.27239 0.081408 
0.27273 0.081232 
0.27306 0.081057 
0.27340 0.080894 
0.27373 0.080717 
0.27407 0.080561 
0.27440 0.080394 
0.27474 0.080219 
0.27508 0.080044 
0.27541 0.079867 
0.27575 0.079684 
0.27608 0.079529 
0.27642 0.079369 
0.27675 0.079206 
0.27709 0.079031 
0.27742 0.078864 
0.27776 0.078694 
0.27809 0.078550 
0.27843 0.078384 
0.27877 0.078236 
0.27910 0.078095 
0.27944 0.077948 
0.27977 0.077789 
0.28011 0.077646 
0.28044 0.077478 
0.28078 0.077327 
0.28111 0.077176 
0.28145 0.077024 
0.28178 0.076869 
0.28212 0.076709 
0.28246 0.076563 
0.28279 0.076410 
0.28313 0.076254 
0.28346 0.076118 
0.28380 0.075969 
0.28413 0.075818 
0.28447 0.075683 
0.28480 0.075524 
0.28514 0.075394 
0.28547 0.075231 
0.28581 0.075093 
0.28615 0.074944 
0.28648 0.074812 
0.28682 0.074673 
0.28715 0.074526 
0.28749 0.074371 
0.28782 0.074222 
0.28816 0.074076 
0.28849 0.073910 
0.28883 0.073757 
0.28916 0.073613 
0.28950 0.073472 
0.28984 0.073323 
0.29017 0.073194 
0.29051 0.073041 
0.29084 0.072896 
0.29118 0.072749 
0.29151 0.072608 
0.29185 0.072471 
0.29218 0.072344 
0.29252 0.072199 
0.29285 0.072068 
0.29319 0.071926 
0.29353 0.071788 
0.29386 0.071656 
0.29420 0.071508 
0.29453 0.071376 
0.29487 0.071234 
0.29520 0.071096 
0.29554 0.070968 
0.29587 0.070828 
0.29621 0.070698 
0.29654 0.070571 
0.29688 0.070440 
0.29722 0.070301 
0.29755 0.070171 
0.29789 0.070038 
0.29822 0.069901 
0.29856 0.069764 
0.29889 0.069628 
0.29923 0.069492 
0.29956 0.069359 
0.29990 0.069233 
0.30023 0.069099 
0.30057 0.068964 
0.30091 0.068833 
0.30124 0.068697 
0.30158 0.068567 
0.30191 0.068441 
0.30225 0.068322 
0.30258 0.068182 
0.30292 0.068063 
0.30325 0.067935 
0.30359 0.067809 
0.30392 0.067694 
0.30426 0.067578 
0.30460 0.067444 
0.30493 0.067318 
0.30527 0.067199 
0.30560 0.067070 
0.30594 0.066955 
0.30627 0.066827 
0.30661 0.066693 
0.30694 0.066561 
0.30728 0.066428 
0.30761 0.066295 
0.30795 0.066186 
0.30829 0.066066 
0.30862 0.065941 
0.30896 0.065819 
0.30929 0.065700 
0.30963 0.065581 
0.30996 0.065460 
0.31030 0.065347 
0.31063 0.065236 
0.31097 0.065123 
0.31130 0.064999 
0.31164 0.064878 
0.31198 0.064764 
0.31231 0.064652 
0.31265 0.064530 
0.31298 0.064414 
0.31332 0.064297 
0.31365 0.064169 
0.31399 0.064057 
0.31432 0.063943 
0.31466 0.063820 
0.31499 0.063700 
0.31533 0.063581 
0.31567 0.063466 
0.31600 0.063358 
0.31634 0.063242 
0.31667 0.063114 
0.31701 0.063006 
0.31734 0.062897 
0.31768 0.062793 
0.31801 0.062679 
0.31835 0.062558 
0.31869 0.062444 
0.31902 0.062339 
0.31936 0.062223 
0.31969 0.062115 
0.32003 0.061998 
0.32036 0.061881 
0.32070 0.061774 
0.32103 0.061660 
0.32137 0.061548 
0.32170 0.061429 
0.32204 0.061327 
0.32238 0.061214 
0.32271 0.061102 
0.32305 0.060993 
0.32338 0.060886 
0.32372 0.060783 
0.32405 0.060676 
0.32439 0.060566 
0.32472 0.060452 
0.32506 0.060350 
0.32539 0.060247 
0.32573 0.060134 
0.32607 0.060029 
0.32640 0.059931 
0.32674 0.059829 
0.32707 0.059721 
0.32741 0.059611 
0.32774 0.059508 
0.32808 0.059395 
0.32841 0.059296 
0.32875 0.059186 
0.32908 0.059080 
0.32942 0.058974 
0.32976 0.058879 
0.33009 0.058771 
0.33043 0.058667 
0.33076 0.058558 
0.33110 0.058460 
0.33143 0.058364 
0.33177 0.058262 
0.33210 0.058163 
0.33244 0.058070 
0.33277 0.057977 
0.33311 0.057873 
0.33345 0.057773 
0.33378 0.057669 
0.33412 0.057569 
0.33445 0.057468 
0.33479 0.057360 
0.33512 0.057262 
0.33546 0.057171 
0.33579 0.057073 
0.33613 0.056975 
0.33646 0.056877 
0.33680 0.056786 
0.33714 0.056693 
0.33747 0.056586 
0.33781 0.056487 
0.33814 0.056395 
0.33848 0.056299 
0.33881 0.056197 
0.33915 0.056096 
0.33948 0.055997 
0.33982 0.055902 
0.34015 0.055801 
0.34049 0.055707 
0.34083 0.055615 
0.34116 0.055517 
0.34150 0.055421 
0.34183 0.055328 
0.34217 0.055239 
0.34250 0.055146 
0.34284 0.055049 
0.34317 0.054967 
0.34351 0.054869 
0.34384 0.054775 
0.34418 0.054685 
0.34452 0.054600 
0.34485 0.054518 
0.34519 0.054429 
0.34552 0.054344 
0.34586 0.054252 
0.34619 0.054164 
0.34653 0.054072 
0.34686 0.053983 
0.34720 0.053901 
0.34753 0.053815 
0.34787 0.053723 
0.34821 0.053641 
0.34854 0.053557 
0.34888 0.053465 
0.34921 0.053368 
0.34955 0.053278 
0.34988 0.053189 
0.35022 0.053098 
0.35055 0.053006 
0.35089 0.052915 
0.35122 0.052823 
0.35156 0.052739 
0.35190 0.052644 
0.35223 0.052562 
0.35257 0.052474 
0.35290 0.052394 
0.35324 0.052315 
0.35357 0.052234 
0.35391 0.052154 
0.35424 0.052068 
0.35458 0.051980 
0.35491 0.051895 
0.35525 0.051807 
0.35559 0.051718 
0.35592 0.051633 
0.35626 0.051550 
0.35659 0.051469 
0.35693 0.051387 
0.35726 0.051310 
0.35760 0.051227 
0.35793 0.051144 
0.35827 0.051058 
0.35860 0.050980 
0.35894 0.050899 
0.35928 0.050816 
0.35961 0.050727 
0.35995 0.050650 
0.36028 0.050560 
0.36062 0.050475 
0.36095 0.050399 
0.36129 0.050324 
0.36162 0.050248 
0.36196 0.050162 
0.36229 0.050081 
0.36263 0.049998 
0.36297 0.049921 
0.36330 0.049839 
0.36364 0.049758 
0.36397 0.049676 
0.36431 0.049593 
0.36464 0.049517 
0.36498 0.049434 
0.36531 0.049357 
0.36565 0.049278 
0.36598 0.049200 
0.36632 0.049125 
0.36666 0.049047 
0.36699 0.048965 
0.36733 0.048889 
0.36766 0.048807 
0.36800 0.048729 
0.36833 0.048661 
0.36867 0.048585 
0.36900 0.048510 
0.36934 0.048435 
0.36967 0.048359 
0.37001 0.048289 
0.37035 0.048215 
0.37068 0.048143 
0.37102 0.048067 
0.37135 0.047995 
0.37169 0.047916 
0.37202 0.047843 
0.37236 0.047770 
0.37269 0.047698 
0.37303 0.047619 
0.37336 0.047545 
0.37370 0.047466 
0.37404 0.047390 
0.37437 0.047318 
0.37471 0.047245 
0.37504 0.047176 
0.37538 0.047103 
0.37571 0.047033 
0.37605 0.046959 
0.37638 0.046882 
0.37672 0.046811 
0.37705 0.046739 
0.37739 0.046664 
0.37773 0.046589 
0.37806 0.046520 
0.37840 0.046447 
0.37873 0.046380 
0.37907 0.046311 
0.37940 0.046240 
0.37974 0.046169 
0.38007 0.046105 
0.38041 0.046031 
0.38074 0.045959 
0.38108 0.045891 
0.38142 0.045824 
0.38175 0.045748 
0.38209 0.045676 
0.38242 0.045606 
0.38276 0.045542 
0.38309 0.045473 
0.38343 0.045405 
0.38376 0.045337 
0.38410 0.045267 
0.38443 0.045198 
0.38477 0.045133 
0.38511 0.045067 
0.38544 0.044999 
0.38578 0.044931 
0.38611 0.044870 
0.38645 0.044806 
0.38678 0.044735 
0.38712 0.044671 
0.38745 0.044600 
0.38779 0.044541 
0.38812 0.044477 
0.38846 0.044414 
0.38880 0.044351 
0.38913 0.044291 
0.38947 0.044225 
0.38980 0.044153 
0.39014 0.044089 
0.39047 0.044019 
0.39081 0.043958 
0.39114 0.043896 
0.39148 0.043836 
0.39181 0.043771 
0.39215 0.043708 
0.39249 0.043643 
0.39282 0.043585 
0.39316 0.043519 
0.39349 0.043455 
0.39383 0.043394 
0.39416 0.043333 
0.39450 0.043273 
0.39483 0.043213 
0.39517 0.043152 
0.39550 0.043087 
0.39584 0.043027 
0.39618 0.042964 
0.39651 0.042904 
0.39685 0.042840 
0.39718 0.042781 
0.39752 0.042717 
0.39785 0.042658 
0.39819 0.042595 
0.39852 0.042533 
0.39886 0.042466 
0.39919 0.042406 
0.39953 0.042343 
0.39987 0.042280 
0.40020 0.042221 
0.40054 0.042161 
0.40087 0.042103 
0.40121 0.042041 
0.40154 0.041975 
0.40188 0.041916 
0.40221 0.041857 
0.40255 0.041793 
0.40288 0.041736 
0.40322 0.041672 
0.40356 0.041611 
0.40389 0.041552 
0.40423 0.041491 
0.40456 0.041426 
0.40490 0.041365 
0.40523 0.041302 
0.40557 0.041246 
0.40590 0.041191 
0.40624 0.041131 
0.40657 0.041067 
0.40691 0.041008 
0.40725 0.040948 
0.40758 0.040889 
0.40792 0.040830 
0.40825 0.040776 
0.40859 0.040715 
0.40892 0.040656 
0.40926 0.040599 
0.40959 0.040541 
0.40993 0.040484 
0.41027 0.040427 
0.41060 0.040370 
0.41094 0.040313 
0.41127 0.040254 
0.41161 0.040199 
0.41194 0.040142 
0.41228 0.040084 
0.41261 0.040029 
0.41295 0.039974 
0.41328 0.039916 
0.41362 0.039866 
0.41396 0.039806 
0.41429 0.039754 
0.41463 0.039696 
0.41496 0.039639 
0.41530 0.039588 
0.41563 0.039532 
0.41597 0.039476 
0.41630 0.039422 
0.41664 0.039370 
0.41697 0.039309 
0.41731 0.039256 
0.41765 0.039204 
0.41798 0.039151 
0.41832 0.039101 
0.41865 0.039046 
0.41899 0.038993 
0.41932 0.038942 
0.41966 0.038887 
0.41999 0.038832 
0.42033 0.038782 
0.42066 0.038731 
0.42100 0.038675 
0.42134 0.038626 
0.42167 0.038574 
0.42201 0.038515 
0.42234 0.038463 
0.42268 0.038409 
0.42301 0.038357 
0.42335 0.038310 
0.42368 0.038256 
0.42402 0.038200 
0.42435 0.038152 
0.42469 0.038101 
0.42503 0.038052 
0.42536 0.038001 
0.42570 0.037949 
0.42603 0.037900 
0.42637 0.037847 
0.42670 0.037793 
0.42704 0.037744 
0.42737 0.037689 
0.42771 0.037640 
0.42804 0.037592 
0.42838 0.037539 
0.42872 0.037489 
0.42905 0.037435 
0.42939 0.037385 
0.42972 0.037335 
0.43006 0.037284 
0.43039 0.037235 
0.43073 0.037184 
0.43106 0.037137 
0.43140 0.037088 
0.43173 0.037039 
0.43207 0.036987 
0.43241 0.036936 
0.43274 0.036886 
0.43308 0.036837 
0.43341 0.036785 
0.43375 0.036734 
0.43408 0.036682 
0.43442 0.036636 
0.43475 0.036588 
0.43509 0.036541 
0.43542 0.036494 
0.43576 0.036443 
0.43610 0.036395 
0.43643 0.036346 
0.43677 0.036297 
0.43710 0.036251 
0.43744 0.036205 
0.43777 0.036160 
0.43811 0.036112 
0.43844 0.036066 
0.43878 0.036018 
0.43911 0.035970 
0.43945 0.035923 
0.43979 0.035878 
0.44012 0.035833 
0.44046 0.035789 
0.44079 0.035738 
0.44113 0.035689 
0.44146 0.035644 
0.44180 0.035599 
0.44213 0.035555 
0.44247 0.035511 
0.44280 0.035465 
0.44314 0.035416 
0.44348 0.035368 
0.44381 0.035323 
0.44415 0.035280 
0.44448 0.035233 
0.44482 0.035188 
0.44515 0.035142 
0.44549 0.035097 
0.44582 0.035052 
0.44616 0.035007 
0.44649 0.034963 
0.44683 0.034916 
0.44717 0.034871 
0.44750 0.034829 
0.44784 0.034785 
0.44817 0.034741 
0.44851 0.034698 
0.44884 0.034651 
0.44918 0.034610 
0.44951 0.034565 
0.44985 0.034524 
0.45018 0.034483 
0.45052 0.034438 
0.45086 0.034396 
0.45119 0.034353 
0.45153 0.034309 
0.45186 0.034265 
0.45220 0.034222 
0.45253 0.034177 
0.45287 0.034131 
0.45320 0.034088 
0.45354 0.034048 
0.45387 0.034003 
0.45421 0.033957 
0.45455 0.033915 
0.45488 0.033872 
0.45522 0.033831 
0.45555 0.033788 
0.45589 0.033744 
0.45622 0.033701 
0.45656 0.033660 
0.45689 0.033615 
0.45723 0.033569 
0.45756 0.033524 
0.45790 0.033480 
0.45824 0.033440 
0.45857 0.033398 
0.45891 0.033357 
0.45924 0.033313 
0.45958 0.033270 
0.45991 0.033230 
0.46025 0.033185 
0.46058 0.033144 
0.46092 0.033104 
0.46125 0.033061 
0.46159 0.033021 
0.46193 0.032981 
0.46226 0.032940 
0.46260 0.032900 
0.46293 0.032860 
0.46327 0.032818 
0.46360 0.032778 
0.46394 0.032736 
0.46427 0.032694 
0.46461 0.032655 
0.46494 0.032615 
0.46528 0.032573 
0.46562 0.032533 
0.46595 0.032491 
0.46629 0.032451 
0.46662 0.032412 
0.46696 0.032371 
0.46729 0.032330 
0.46763 0.032290 
0.46796 0.032252 
0.46830 0.032213 
0.46863 0.032174 
0.46897 0.032134 
0.46931 0.032091 
0.46964 0.032049 
0.46998 0.032010 
0.47031 0.031969 
0.47065 0.031930 
0.47098 0.031892 
0.47132 0.031854 
0.47165 0.031815 
0.47199 0.031775 
0.47232 0.031735 
0.47266 0.031698 
0.47300 0.031657 
0.47333 0.031621 
0.47367 0.031585 
0.47400 0.031549 
0.47434 0.031512 
0.47467 0.031475 
0.47501 0.031437 
0.47534 0.031399 
0.47568 0.031360 
0.47601 0.031322 
0.47635 0.031286 
0.47669 0.031249 
0.47702 0.031210 
0.47736 0.031174 
0.47769 0.031135 
0.47803 0.031098 
0.47836 0.031062 
0.47870 0.031024 
0.47903 0.030987 
0.47937 0.030948 
0.47970 0.030911 
0.48004 0.030875 
0.48038 0.030838 
0.48071 0.030803 
0.48105 0.030764 
0.48138 0.030726 
0.48172 0.030689 
0.48205 0.030652 
0.48239 0.030614 
0.48272 0.030578 
0.48306 0.030540 
0.48339 0.030504 
0.48373 0.030465 
0.48407 0.030431 
0.48440 0.030394 
0.48474 0.030358 
0.48507 0.030323 
0.48541 0.030287 
0.48574 0.030252 
0.48608 0.030218 
0.48641 0.030183 
0.48675 0.030147 
0.48708 0.030111 
0.48742 0.030073 
0.48776 0.030036 
0.48809 0.030003 
0.48843 0.029968 
0.48876 0.029932 
0.48910 0.029896 
0.48943 0.029861 
0.48977 0.029825 
0.49010 0.029790 
0.49044 0.029755 
0.49077 0.029721 
0.49111 0.029687 
0.49145 0.029652 
0.49178 0.029619 
0.49212 0.029585 
0.49245 0.029552 
0.49279 0.029518 
0.49312 0.029485 
0.49346 0.029449 
0.49379 0.029416 
0.49413 0.029381 
0.49446 0.029345 
0.49480 0.029309 
0.49514 0.029276 
0.49547 0.029242 
0.49581 0.029207 
0.49614 0.029173 
0.49648 0.029139 
0.49681 0.029104 
0.49715 0.029067 
0.49748 0.029035 
0.49782 0.029002 
0.49815 0.028967 
0.49849 0.028933 
0.49883 0.028896 
0.49916 0.028864 
0.49950 0.028828 
0.49983 0.028795 
0.50017 0.028762 
0.50050 0.028729 
0.50084 0.028697 
0.50117 0.028664 
0.50151 0.028632 
0.50185 0.028601 
0.50218 0.028571 
0.50252 0.028538 
0.50285 0.028506 
0.50319 0.028472 
0.50352 0.028441 
0.50386 0.028411 
0.50419 0.028377 
0.50453 0.028345 
0.50486 0.028313 
0.50520 0.028278 
0.50554 0.028249 
0.50587 0.028218 
0.50621 0.028189 
0.50654 0.028160 
0.50688 0.028128 
0.50721 0.028096 
0.50755 0.028066 
0.50788 0.028035 
0.50822 0.028005 
0.50855 0.027974 
0.50889 0.027940 
0.50923 0.027911 
0.50956 0.027880 
0.50990 0.027848 
0.51023 0.027818 
0.51057 0.027787 
0.51090 0.027757 
0.51124 0.027728 
0.51157 0.027699 
0.51191 0.027667 
0.51224 0.027638 
0.51258 0.027608 
0.51292 0.027578 
0.51325 0.027546 
0.51359 0.027515 
0.51392 0.027483 
0.51426 0.027453 
0.51459 0.027424 
0.51493 0.027392 
0.51526 0.027363 
0.51560 0.027330 
0.51593 0.027301 
0.51627 0.027270 
0.51661 0.027238 
0.51694 0.027208 
0.51728 0.027178 
0.51761 0.027148 
0.51795 0.027116 
0.51828 0.027087 
0.51862 0.027057 
0.51895 0.027026 
0.51929 0.026996 
0.51962 0.026965 
0.51996 0.026936 
0.52030 0.026905 
0.52063 0.026877 
0.52097 0.026849 
0.52130 0.026818 
0.52164 0.026789 
0.52197 0.026761 
0.52231 0.026731 
0.52264 0.026701 
0.52298 0.026673 
0.52331 0.026643 
0.52365 0.026612 
0.52399 0.026581 
0.52432 0.026552 
0.52466 0.026525 
0.52499 0.026497 
0.52533 0.026469 
0.52566 0.026440 
0.52600 0.026409 
0.52633 0.026379 
0.52667 0.026348 
0.52700 0.026320 
0.52734 0.026291 
0.52768 0.026259 
0.52801 0.026233 
0.52835 0.026204 
0.52868 0.026176 
0.52902 0.026148 
0.52935 0.026121 
0.52969 0.026093 
0.53002 0.026063 
0.53036 0.026034 
0.53069 0.026007 
0.53103 0.025978 
0.53137 0.025950 
0.53170 0.025921 
0.53204 0.025895 
0.53237 0.025865 
0.53271 0.025838 
0.53304 0.025811 
0.53338 0.025783 
0.53371 0.025755 
0.53405 0.025728 
0.53438 0.025698 
0.53472 0.025671 
0.53506 0.025642 
0.53539 0.025614 
0.53573 0.025587 
0.53606 0.025560 
0.53640 0.025535 
0.53673 0.025507 
0.53707 0.025479 
0.53740 0.025450 
0.53774 0.025421 
0.53807 0.025395 
0.53841 0.025367 
0.53875 0.025340 
0.53908 0.025312 
0.53942 0.025285 
0.53975 0.025258 
0.54009 0.025230 
0.54042 0.025203 
0.54076 0.025175 
0.54109 0.025147 
0.54143 0.025120 
0.54176 0.025092 
0.54210 0.025065 
0.54244 0.025039 
0.54277 0.025014 
0.54311 0.024988 
0.54344 0.024963 
0.54378 0.024934 
0.54411 0.024907 
0.54445 0.024880 
0.54478 0.024852 
0.54512 0.024826 
0.54545 0.024802 
0.54579 0.024774 
0.54613 0.024747 
0.54646 0.024722 
0.54680 0.024696 
0.54713 0.024669 
0.54747 0.024642 
0.54780 0.024617 
0.54814 0.024591 
0.54847 0.024567 
0.54881 0.024542 
0.54914 0.024516 
0.54948 0.024492 
0.54982 0.024465 
0.55015 0.024439 
0.55049 0.024411 
0.55082 0.024387 
0.55116 0.024361 
0.55149 0.024334 
0.55183 0.024307 
0.55216 0.024281 
0.55250 0.024255 
0.55283 0.024228 
0.55317 0.024203 
0.55351 0.024178 
0.55384 0.024153 
0.55418 0.024127 
0.55451 0.024102 
0.55485 0.024078 
0.55518 0.024052 
0.55552 0.024026 
0.55585 0.024002 
0.55619 0.023978 
0.55652 0.023953 
0.55686 0.023927 
0.55720 0.023901 
0.55753 0.023877 
0.55787 0.023851 
0.55820 0.023827 
0.55854 0.023802 
0.55887 0.023778 
0.55921 0.023752 
0.55954 0.023728 
0.55988 0.023704 
0.56021 0.023681 
0.56055 0.023658 
0.56089 0.023634 
0.56122 0.023610 
0.56156 0.023585 
0.56189 0.023560 
0.56223 0.023535 
0.56256 0.023511 
0.56290 0.023485 
0.56323 0.023462 
0.56357 0.023437 
0.56390 0.023413 
0.56424 0.023390 
0.56458 0.023366 
0.56491 0.023342 
0.56525 0.023319 
0.56558 0.023295 
0.56592 0.023272 
0.56625 0.023248 
0.56659 0.023222 
0.56692 0.023199 
0.56726 0.023175 
0.56759 0.023150 
0.56793 0.023126 
0.56827 0.023102 
0.56860 0.023078 
0.56894 0.023055 
0.56927 0.023032 
0.56961 0.023009 
0.56994 0.022987 
0.57028 0.022964 
0.57061 0.022941 
0.57095 0.022919 
0.57128 0.022896 
0.57162 0.022873 
0.57196 0.022849 
0.57229 0.022826 
0.57263 0.022803 
0.57296 0.022779 
0.57330 0.022755 
0.57363 0.022731 
0.57397 0.022709 
0.57430 0.022688 
0.57464 0.022666 
0.57497 0.022644 
0.57531 0.022619 
0.57565 0.022597 
0.57598 0.022576 
0.57632 0.022553 
0.57665 0.022530 
0.57699 0.022506 
0.57732 0.022485 
0.57766 0.022464 
0.57799 0.022442 
0.57833 0.022419 
0.57866 0.022398 
0.57900 0.022376 
0.57934 0.022354 
0.57967 0.022333 
0.58001 0.022311 
0.58034 0.022288 
0.58068 0.022266 
0.58101 0.022241 
0.58135 0.022218 
0.58168 0.022196 
0.58202 0.022173 
0.58235 0.022153 
0.58269 0.022131 
0.58303 0.022111 
0.58336 0.022090 
0.58370 0.022068 
0.58403 0.022048 
0.58437 0.022026 
0.58470 0.022005 
0.58504 0.021982 
0.58537 0.021961 
0.58571 0.021940 
0.58604 0.021918 
0.58638 0.021897 
0.58672 0.021877 
0.58705 0.021857 
0.58739 0.021834 
0.58772 0.021811 
0.58806 0.021790 
0.58839 0.021769 
0.58873 0.021747 
0.58906 0.021725 
0.58940 0.021704 
0.58973 0.021683 
0.59007 0.021662 
0.59041 0.021638 
0.59074 0.021617 
0.59108 0.021594 
0.59141 0.021574 
0.59175 0.021553 
0.59208 0.021531 
0.59242 0.021511 
0.59275 0.021491 
0.59309 0.021469 
0.59343 0.021448 
0.59376 0.021427 
0.59410 0.021406 
0.59443 0.021385 
0.59477 0.021366 
0.59510 0.021345 
0.59544 0.021325 
0.59577 0.021305 
0.59611 0.021285 
0.59644 0.021265 
0.59678 0.021243 
0.59712 0.021223 
0.59745 0.021203 
0.59779 0.021183 
0.59812 0.021163 
0.59846 0.021142 
0.59879 0.021121 
0.59913 0.021100 
0.59946 0.021080 
0.59980 0.021059 
0.60013 0.021038 
0.60047 0.021018 
0.60081 0.020996 
0.60114 0.020976 
0.60148 0.020956 
0.60181 0.020935 
0.60215 0.020916 
0.60248 0.020896 
0.60282 0.020877 
0.60315 0.020857 
0.60349 0.020837 
0.60382 0.020818 
0.60416 0.020798 
0.60450 0.020778 
0.60483 0.020757 
0.60517 0.020737 
0.60550 0.020717 
0.60584 0.020699 
0.60617 0.020680 
0.60651 0.020660 
0.60684 0.020642 
0.60718 0.020622 
0.60751 0.020602 
0.60785 0.020582 
0.60819 0.020563 
0.60852 0.020545 
0.60886 0.020526 
0.60919 0.020506 
0.60953 0.020485 
0.60986 0.020466 
0.61020 0.020447 
0.61053 0.020428 
0.61087 0.020408 
0.61120 0.020390 
0.61154 0.020371 
0.61188 0.020353 
0.61221 0.020333 
0.61255 0.020314 
0.61288 0.020293 
0.61322 0.020273 
0.61355 0.020254 
0.61389 0.020236 
0.61422 0.020218 
0.61456 0.020199 
0.61489 0.020181 
0.61523 0.020162 
0.61557 0.020143 
0.61590 0.020125 
0.61624 0.020106 
0.61657 0.020088 
0.61691 0.020069 
0.61724 0.020051 
0.61758 0.020033 
0.61791 0.020014 
0.61825 0.019996 
0.61858 0.019978 
0.61892 0.019957 
0.61926 0.019939 
0.61959 0.019921 
0.61993 0.019902 
0.62026 0.019884 
0.62060 0.019865 
0.62093 0.019846 
0.62127 0.019826 
0.62160 0.019807 
0.62194 0.019788 
0.62227 0.019770 
0.62261 0.019751 
0.62295 0.019732 
0.62328 0.019714 
0.62362 0.019695 
0.62395 0.019677 
0.62429 0.019659 
0.62462 0.019641 
0.62496 0.019622 
0.62529 0.019604 
0.62563 0.019586 
0.62596 0.019567 
0.62630 0.019547 
0.62664 0.019529 
0.62697 0.019512 
0.62731 0.019494 
0.62764 0.019475 
0.62798 0.019457 
0.62831 0.019440 
0.62865 0.019421 
0.62898 0.019403 
0.62932 0.019384 
0.62965 0.019365 
0.62999 0.019347 
0.63033 0.019329 
0.63066 0.019313 
0.63100 0.019295 
0.63133 0.019275 
0.63167 0.019257 
0.63200 0.019240 
0.63234 0.019221 
0.63267 0.019203 
0.63301 0.019185 
0.63334 0.019168 
0.63368 0.019151 
0.63402 0.019134 
0.63435 0.019115 
0.63469 0.019097 
0.63502 0.019079 
0.63536 0.019062 
0.63569 0.019045 
0.63603 0.019027 
0.63636 0.019009 
0.63670 0.018992 
0.63703 0.018973 
0.63737 0.018956 
0.63771 0.018939 
0.63804 0.018921 
0.63838 0.018904 
0.63871 0.018887 
0.63905 0.018870 
0.63938 0.018854 
0.63972 0.018837 
0.64005 0.018820 
0.64039 0.018803 
0.64072 0.018785 
0.64106 0.018768 
0.64140 0.018751 
0.64173 0.018734 
0.64207 0.018718 
0.64240 0.018701 
0.64274 0.018684 
0.64307 0.018666 
0.64341 0.018650 
0.64374 0.018634 
0.64408 0.018617 
0.64441 0.018601 
0.64475 0.018583 
0.64509 0.018567 
0.64542 0.018550 
0.64576 0.018532 
0.64609 0.018515 
0.64643 0.018498 
0.64676 0.018481 
0.64710 0.018464 
0.64743 0.018448 
0.64777 0.018431 
0.64810 0.018415 
0.64844 0.018398 
0.64878 0.018382 
0.64911 0.018366 
0.64945 0.018349 
0.64978 0.018332 
0.65012 0.018316 
0.65045 0.018300 
0.65079 0.018284 
0.65112 0.018267 
0.65146 0.018251 
0.65179 0.018235 
0.65213 0.018219 
0.65247 0.018203 
0.65280 0.018187 
0.65314 0.018171 
0.65347 0.018154 
0.65381 0.018139 
0.65414 0.018124 
0.65448 0.018107 
0.65481 0.018091 
0.65515 0.018076 
0.65548 0.018061 
0.65582 0.018044 
0.65616 0.018028 
0.65649 0.018012 
0.65683 0.017996 
0.65716 0.017980 
0.65750 0.017965 
0.65783 0.017950 
0.65817 0.017934 
0.65850 0.017919 
0.65884 0.017903 
0.65917 0.017888 
0.65951 0.017872 
0.65985 0.017857 
0.66018 0.017842 
0.66052 0.017827 
0.66085 0.017811 
0.66119 0.017795 
0.66152 0.017780 
0.66186 0.017764 
0.66219 0.017749 
0.66253 0.017734 
0.66286 0.017718 
0.66320 0.017702 
0.66354 0.017686 
0.66387 0.017671 
0.66421 0.017656 
0.66454 0.017641 
0.66488 0.017626 
0.66521 0.017611 
0.66555 0.017595 
0.66588 0.017579 
0.66622 0.017564 
0.66655 0.017549 
0.66689 0.017533 
0.66723 0.017518 
0.66756 0.017503 
0.66790 0.017487 
0.66823 0.017472 
0.66857 0.017456 
0.66890 0.017439 
0.66924 0.017423 
0.66957 0.017408 
0.66991 0.017391 
0.67024 0.017375 
0.67058 0.017360 
0.67092 0.017345 
0.67125 0.017330 
0.67159 0.017315 
0.67192 0.017300 
0.67226 0.017285 
0.67259 0.017270 
0.67293 0.017254 
0.67326 0.017239 
0.67360 0.017224 
0.67393 0.017209 
0.67427 0.017194 
0.67461 0.017179 
0.67494 0.017165 
0.67528 0.017150 
0.67561 0.017135 
0.67595 0.017121 
0.67628 0.017107 
0.67662 0.017092 
0.67695 0.017077 
0.67729 0.017063 
0.67762 0.017049 
0.67796 0.017034 
0.67830 0.017019 
0.67863 0.017005 
0.67897 0.016990 
0.67930 0.016975 
0.67964 0.016961 
0.67997 0.016946 
0.68031 0.016931 
0.68064 0.016915 
0.68098 0.016901 
0.68131 0.016886 
0.68165 0.016872 
0.68199 0.016857 
0.68232 0.016843 
0.68266 0.016828 
0.68299 0.016813 
0.68333 0.016799 
0.68366 0.016783 
0.68400 0.016769 
0.68433 0.016755 
0.68467 0.016741 
0.68501 0.016727 
0.68534 0.016713 
0.68568 0.016699 
0.68601 0.016684 
0.68635 0.016669 
0.68668 0.016655 
0.68702 0.016642 
0.68735 0.016628 
0.68769 0.016614 
0.68802 0.016599 
0.68836 0.016585 
0.68870 0.016572 
0.68903 0.016558 
0.68937 0.016544 
0.68970 0.016529 
0.69004 0.016515 
0.69037 0.016501 
0.69071 0.016486 
0.69104 0.016472 
0.69138 0.016458 
0.69171 0.016444 
0.69205 0.016431 
0.69239 0.016417 
0.69272 0.016403 
0.69306 0.016389 
0.69339 0.016375 
0.69373 0.016362 
0.69406 0.016349 
0.69440 0.016336 
0.69473 0.016322 
0.69507 0.016309 
0.69540 0.016296 
0.69574 0.016282 
0.69608 0.016268 
0.69641 0.016255 
0.69675 0.016241 
0.69708 0.016228 
0.69742 0.016213 
0.69775 0.016199 
0.69809 0.016186 
0.69842 0.016173 
0.69876 0.016159 
0.69909 0.016146 
0.69943 0.016132 
0.69977 0.016118 
0.70010 0.016106 
0.70044 0.016093 
0.70077 0.016078 
0.70111 0.016064 
0.70144 0.016050 
0.70178 0.016037 
0.70211 0.016023 
0.70245 0.016011 
0.70278 0.015997 
0.70312 0.015983 
0.70346 0.015970 
0.70379 0.015957 
0.70413 0.015943 
0.70446 0.015930 
0.70480 0.015917 
0.70513 0.015903 
0.70547 0.015891 
0.70580 0.015878 
0.70614 0.015864 
0.70647 0.015850 
0.70681 0.015837 
0.70715 0.015824 
0.70748 0.015811 
0.70782 0.015797 
0.70815 0.015784 
0.70849 0.015771 
0.70882 0.015759 
0.70916 0.015746 
0.70949 0.015733 
0.70983 0.015721 
0.71016 0.015708 
0.71050 0.015695 
0.71084 0.015683 
0.71117 0.015670 
0.71151 0.015657 
0.71184 0.015644 
0.71218 0.015631 
0.71251 0.015619 
0.71285 0.015606 
0.71318 0.015593 
0.71352 0.015580 
0.71385 0.015568 
0.71419 0.015555 
0.71453 0.015542 
0.71486 0.015529 
0.71520 0.015516 
0.71553 0.015503 
0.71587 0.015491 
0.71620 0.015478 
0.71654 0.015465 
0.71687 0.015452 
0.71721 0.015440 
0.71754 0.015428 
0.71788 0.015415 
0.71822 0.015402 
0.71855 0.015390 
0.71889 0.015378 
0.71922 0.015365 
0.71956 0.015352 
0.71989 0.015338 
0.72023 0.015325 
0.72056 0.015313 
0.72090 0.015300 
0.72123 0.015287 
0.72157 0.015275 
0.72191 0.015262 
0.72224 0.015249 
0.72258 0.015237 
0.72291 0.015224 
0.72325 0.015212 
0.72358 0.015199 
0.72392 0.015186 
0.72425 0.015174 
0.72459 0.015161 
0.72492 0.015149 
0.72526 0.015137 
0.72560 0.015124 
0.72593 0.015113 
0.72627 0.015100 
0.72660 0.015088 
0.72694 0.015076 
0.72727 0.015065 
0.72761 0.015052 
0.72794 0.015040 
0.72828 0.015028 
0.72861 0.015016 
0.72895 0.015005 
0.72929 0.014993 
0.72962 0.014980 
0.72996 0.014968 
0.73029 0.014957 
0.73063 0.014945 
0.73096 0.014933 
0.73130 0.014921 
0.73163 0.014909 
0.73197 0.014897 
0.73230 0.014886 
0.73264 0.014874 
0.73298 0.014862 
0.73331 0.014850 
0.73365 0.014838 
0.73398 0.014827 
0.73432 0.014815 
0.73465 0.014803 
0.73499 0.014792 
0.73532 0.014780 
0.73566 0.014768 
0.73599 0.014756 
0.73633 0.014744 
0.73667 0.014732 
0.73700 0.014721 
0.73734 0.014707 
0.73767 0.014696 
0.73801 0.014684 
0.73834 0.014672 
0.73868 0.014660 
0.73901 0.014648 
0.73935 0.014636 
0.73968 0.014625 
0.74002 0.014613 
0.74036 0.014602 
0.74069 0.014591 
0.74103 0.014579 
0.74136 0.014568 
0.74170 0.014556 
0.74203 0.014545 
0.74237 0.014533 
0.74270 0.014522 
0.74304 0.014510 
0.74337 0.014499 
0.74371 0.014488 
0.74405 0.014477 
0.74438 0.014466 
0.74472 0.014454 
0.74505 0.014442 
0.74539 0.014431 
0.74572 0.014419 
0.74606 0.014407 
0.74639 0.014396 
0.74673 0.014384 
0.74706 0.014372 
0.74740 0.014361 
0.74774 0.014350 
0.74807 0.014339 
0.74841 0.014327 
0.74874 0.014316 
0.74908 0.014304 
0.74941 0.014293 
0.74975 0.014282 
0.75008 0.014272 
0.75042 0.014260 
0.75075 0.014249 
0.75109 0.014237 
0.75143 0.014226 
0.75176 0.014215 
0.75210 0.014204 
0.75243 0.014193 
0.75277 0.014182 
0.75310 0.014171 
0.75344 0.014160 
0.75377 0.014149 
0.75411 0.014138 
0.75444 0.014127 
0.75478 0.014116 
0.75512 0.014105 
0.75545 0.014094 
0.75579 0.014082 
0.75612 0.014072 
0.75646 0.014061 
0.75679 0.014050 
0.75713 0.014039 
0.75746 0.014027 
0.75780 0.014017 
0.75813 0.014006 
0.75847 0.013995 
0.75881 0.013984 
0.75914 0.013973 
0.75948 0.013962 
0.75981 0.013951 
0.76015 0.013940 
0.76048 0.013929 
0.76082 0.013919 
0.76115 0.013908 
0.76149 0.013897 
0.76182 0.013887 
0.76216 0.013876 
0.76250 0.013866 
0.76283 0.013855 
0.76317 0.013845 
0.76350 0.013835 
0.76384 0.013824 
0.76417 0.013813 
0.76451 0.013802 
0.76484 0.013791 
0.76518 0.013781 
0.76551 0.013770 
0.76585 0.013760 
0.76619 0.013749 
0.76652 0.013739 
0.76686 0.013728 
0.76719 0.013717 
0.76753 0.013707 
0.76786 0.013697 
0.76820 0.013685 
0.76853 0.013675 
0.76887 0.013665 
0.76920 0.013655 
0.76954 0.013644 
0.76988 0.013634 
0.77021 0.013623 
0.77055 0.013613 
0.77088 0.013603 
0.77122 0.013592 
0.77155 0.013581 
0.77189 0.013571 
0.77222 0.013560 
0.77256 0.013550 
0.77290 0.013539 
0.77323 0.013529 
0.77357 0.013519 
0.77390 0.013508 
0.77424 0.013498 
0.77457 0.013488 
0.77491 0.013478 
0.77524 0.013468 
0.77558 0.013458 
0.77591 0.013448 
0.77625 0.013438 
0.77659 0.013429 
0.77692 0.013419 
0.77726 0.013408 
0.77759 0.013398 
0.77793 0.013388 
0.77826 0.013377 
0.77860 0.013367 
0.77893 0.013357 
0.77927 0.013347 
0.77960 0.013337 
0.77994 0.013327 
0.78028 0.013317 
0.78061 0.013307 
0.78095 0.013297 
0.78128 0.013287 
0.78162 0.013277 
0.78195 0.013267 
0.78229 0.013257 
0.78262 0.013247 
0.78296 0.013237 
0.78329 0.013226 
0.78363 0.013216 
0.78397 0.013206 
0.78430 0.013196 
0.78464 0.013186 
0.78497 0.013176 
0.78531 0.013166 
0.78564 0.013156 
0.78598 0.013146 
0.78631 0.013136 
0.78665 0.013126 
0.78698 0.013116 
0.78732 0.013106 
0.78766 0.013096 
0.78799 0.013087 
0.78833 0.013077 
0.78866 0.013067 
0.78900 0.013056 
0.78933 0.013046 
0.78967 0.013036 
0.79000 0.013026 
0.79034 0.013016 
0.79067 0.013007 
0.79101 0.012996 
0.79135 0.012987 
0.79168 0.012978 
0.79202 0.012968 
0.79235 0.012958 
0.79269 0.012948 
0.79302 0.012938 
0.79336 0.012928 
0.79369 0.012919 
0.79403 0.012909 
0.79436 0.012899 
0.79470 0.012890 
0.79504 0.012879 
0.79537 0.012870 
0.79571 0.012860 
0.79604 0.012851 
0.79638 0.012841 
0.79671 0.012832 
0.79705 0.012822 
0.79738 0.012812 
0.79772 0.012803 
0.79805 0.012793 
0.79839 0.012784 
0.79873 0.012774 
0.79906 0.012765 
0.79940 0.012756 
0.79973 0.012747 
0.80007 0.012737 
0.80040 0.012728 
0.80074 0.012718 
0.80107 0.012708 
0.80141 0.012698 
0.80174 0.012689 
0.80208 0.012680 
0.80242 0.012670 
0.80275 0.012661 
0.80309 0.012652 
0.80342 0.012642 
0.80376 0.012633 
0.80409 0.012623 
0.80443 0.012614 
0.80476 0.012604 
0.80510 0.012595 
0.80543 0.012586 
0.80577 0.012576 
0.80611 0.012567 
0.80644 0.012557 
0.80678 0.012548 
0.80711 0.012538 
0.80745 0.012528 
0.80778 0.012519 
0.80812 0.012510 
0.80845 0.012500 
0.80879 0.012491 
0.80912 0.012482 
0.80946 0.012473 
0.80980 0.012464 
0.81013 0.012455 
0.81047 0.012446 
0.81080 0.012437 
0.81114 0.012427 
0.81147 0.012419 
0.81181 0.012410 
0.81214 0.012401 
0.81248 0.012392 
0.81281 0.012383 
0.81315 0.012374 
0.81349 0.012365 
0.81382 0.012356 
0.81416 0.012347 
0.81449 0.012338 
0.81483 0.012329 
0.81516 0.012320 
0.81550 0.012311 
0.81583 0.012302 
0.81617 0.012293 
0.81650 0.012284 
0.81684 0.012275 
0.81718 0.012266 
0.81751 0.012257 
0.81785 0.012248 
0.81818 0.012240 
0.81852 0.012231 
0.81885 0.012221 
0.81919 0.012212 
0.81952 0.012204 
0.81986 0.012195 
0.82019 0.012186 
0.82053 0.012177 
0.82087 0.012168 
0.82120 0.012159 
0.82154 0.012151 
0.82187 0.012142 
0.82221 0.012133 
0.82254 0.012124 
0.82288 0.012116 
0.82321 0.012107 
0.82355 0.012098 
0.82388 0.012089 
0.82422 0.012079 
0.82456 0.012070 
0.82489 0.012061 
0.82523 0.012053 
0.82556 0.012044 
0.82590 0.012035 
0.82623 0.012027 
0.82657 0.012017 
0.82690 0.012008 
0.82724 0.012000 
0.82757 0.011991 
0.82791 0.011982 
0.82825 0.011973 
0.82858 0.011965 
0.82892 0.011956 
0.82925 0.011947 
0.82959 0.011939 
0.82992 0.011930 
0.83026 0.011921 
0.83059 0.011913 
0.83093 0.011904 
0.83126 0.011896 
0.83160 0.011887 
0.83194 0.011878 
0.83227 0.011870 
0.83261 0.011862 
0.83294 0.011853 
0.83328 0.011844 
0.83361 0.011836 
0.83395 0.011827 
0.83428 0.011818 
0.83462 0.011810 
0.83495 0.011801 
0.83529 0.011793 
0.83563 0.011784 
0.83596 0.011776 
0.83630 0.011767 
0.83663 0.011759 
0.83697 0.011751 
0.83730 0.011742 
0.83764 0.011734 
0.83797 0.011726 
0.83831 0.011717 
0.83864 0.011708 
0.83898 0.011700 
0.83932 0.011691 
0.83965 0.011683 
0.83999 0.011674 
0.84032 0.011666 
0.84066 0.011657 
0.84099 0.011649 
0.84133 0.011641 
0.84166 0.011632 
0.84200 0.011624 
0.84233 0.011616 
0.84267 0.011608 
0.84301 0.011600 
0.84334 0.011591 
0.84368 0.011583 
0.84401 0.011575 
0.84435 0.011566 
0.84468 0.011558 
0.84502 0.011550 
0.84535 0.011542 
0.84569 0.011534 
0.84602 0.011526 
0.84636 0.011518 
0.84670 0.011509 
0.84703 0.011501 
0.84737 0.011493 
0.84770 0.011485 
0.84804 0.011477 
0.84837 0.011469 
0.84871 0.011460 
0.84904 0.011452 
0.84938 0.011444 
0.84971 0.011436 
0.85005 0.011428 
0.85039 0.011420 
0.85072 0.011412 
0.85106 0.011403 
0.85139 0.011395 
0.85173 0.011387 
0.85206 0.011380 
0.85240 0.011372 
0.85273 0.011364 
0.85307 0.011356 
0.85340 0.011348 
0.85374 0.011340 
0.85408 0.011332 
0.85441 0.011323 
0.85475 0.011315 
0.85508 0.011307 
0.85542 0.011299 
0.85575 0.011291 
0.85609 0.011283 
0.85642 0.011275 
0.85676 0.011267 
0.85709 0.011260 
0.85743 0.011252 
0.85777 0.011244 
0.85810 0.011236 
0.85844 0.011228 
0.85877 0.011220 
0.85911 0.011212 
0.85944 0.011204 
0.85978 0.011196 
0.86011 0.011188 
0.86045 0.011180 
0.86078 0.011173 
0.86112 0.011165 
0.86146 0.011157 
0.86179 0.011149 
0.86213 0.011141 
0.86246 0.011133 
0.86280 0.011125 
0.86313 0.011117 
0.86347 0.011109 
0.86380 0.011101 
0.86414 0.011093 
0.86448 0.011085 
0.86481 0.011077 
0.86515 0.011069 
0.86548 0.011061 
0.86582 0.011053 
0.86615 0.011045 
0.86649 0.011038 
0.86682 0.011030 
0.86716 0.011022 
0.86749 0.011015 
0.86783 0.011007 
0.86817 0.010999 
0.86850 0.010991 
0.86884 0.010984 
0.86917 0.010976 
0.86951 0.010968 
0.86984 0.010960 
0.87018 0.010953 
0.87051 0.010945 
0.87085 0.010937 
0.87118 0.010929 
0.87152 0.010922 
0.87186 0.010914 
0.87219 0.010906 
0.87253 0.010898 
0.87286 0.010891 
0.87320 0.010883 
0.87353 0.010875 
0.87387 0.010868 
0.87420 0.010860 
0.87454 0.010852 
0.87487 0.010845 
0.87521 0.010837 
0.87555 0.010830 
0.87588 0.010822 
0.87622 0.010814 
0.87655 0.010807 
0.87689 0.010799 
0.87722 0.010792 
0.87756 0.010784 
0.87789 0.010776 
0.87823 0.010769 
0.87856 0.010761 
0.87890 0.010753 
0.87924 0.010746 
0.87957 0.010738 
0.87991 0.010731 
0.88024 0.010723 
0.88058 0.010715 
0.88091 0.010708 
0.88125 0.010701 
0.88158 0.010693 
0.88192 0.010686 
0.88225 0.010678 
0.88259 0.010671 
0.88293 0.010664 
0.88326 0.010656 
0.88360 0.010649 
0.88393 0.010641 
0.88427 0.010634 
0.88460 0.010626 
0.88494 0.010619 
0.88527 0.010612 
0.88561 0.010604 
0.88594 0.010597 
0.88628 0.010589 
0.88662 0.010582 
0.88695 0.010575 
0.88729 0.010567 
0.88762 0.010560 
0.88796 0.010553 
0.88829 0.010545 
0.88863 0.010538 
0.88896 0.010530 
0.88930 0.010523 
0.88963 0.010516 
0.88997 0.010508 
0.89031 0.010501 
0.89064 0.010494 
0.89098 0.010487 
0.89131 0.010479 
0.89165 0.010472 
0.89198 0.010465 
0.89232 0.010458 
0.89265 0.010450 
0.89299 0.010443 
0.89332 0.010436 
0.89366 0.010428 
0.89400 0.010421 
0.89433 0.010414 
0.89467 0.010407 
0.89500 0.010399 
0.89534 0.010393 
0.89567 0.010385 
0.89601 0.010378 
0.89634 0.010371 
0.89668 0.010365 
0.89701 0.010357 
0.89735 0.010350 
0.89769 0.010343 
0.89802 0.010336 
0.89836 0.010329 
0.89869 0.010321 
0.89903 0.010314 
0.89936 0.010307 
0.89970 0.010300 
0.90003 0.010293 
0.90037 0.010286 
0.90070 0.010279 
0.90104 0.010272 
0.90138 0.010265 
0.90171 0.010258 
0.90205 0.010251 
0.90238 0.010244 
0.90272 0.010237 
0.90305 0.010230 
0.90339 0.010223 
0.90372 0.010216 
0.90406 0.010209 
0.90439 0.010202 
0.90473 0.010195 
0.90507 0.010188 
0.90540 0.010181 
0.90574 0.010174 
0.90607 0.010167 
0.90641 0.010160 
0.90674 0.010153 
0.90708 0.010146 
0.90741 0.010139 
0.90775 0.010132 
0.90808 0.010125 
0.90842 0.010118 
0.90876 0.010111 
0.90909 0.010104 
0.90943 0.010098 
0.90976 0.010091 
0.91010 0.010084 
0.91043 0.010077 
0.91077 0.010070 
0.91110 0.010064 
0.91144 0.010057 
0.91177 0.010050 
0.91211 0.010044 
0.91245 0.010037 
0.91278 0.010030 
0.91312 0.010023 
0.91345 0.010016 
0.91379 0.010009 
0.91412 0.010002 
0.91446 0.009995 
0.91479 0.009989 
0.91513 0.009982 
0.91546 0.009975 
0.91580 0.009969 
0.91614 0.009962 
0.91647 0.009955 
0.91681 0.009948 
0.91714 0.009942 
0.91748 0.009935 
0.91781 0.009928 
0.91815 0.009921 
0.91848 0.009915 
0.91882 0.009908 
0.91915 0.009901 
0.91949 0.009895 
0.91983 0.009888 
0.92016 0.009881 
0.92050 0.009875 
0.92083 0.009868 
0.92117 0.009861 
0.92150 0.009855 
0.92184 0.009848 
0.92217 0.009842 
0.92251 0.009835 
0.92284 0.009829 
0.92318 0.009822 
0.92352 0.009815 
0.92385 0.009809 
0.92419 0.009802 
0.92452 0.009796 
0.92486 0.009789 
0.92519 0.009782 
0.92553 0.009776 
0.92586 0.009770 
0.92620 0.009763 
0.92653 0.009757 
0.92687 0.009750 
0.92721 0.009743 
0.92754 0.009737 
0.92788 0.009730 
0.92821 0.009724 
0.92855 0.009717 
0.92888 0.009711 
0.92922 0.009704 
0.92955 0.009697 
0.92989 0.009691 
0.93022 0.009684 
0.93056 0.009678 
0.93090 0.009671 
0.93123 0.009665 
0.93157 0.009658 
0.93190 0.009652 
0.93224 0.009645 
0.93257 0.009639 
0.93291 0.009633 
0.93324 0.009626 
0.93358 0.009620 
0.93391 0.009613 
0.93425 0.009607 
0.93459 0.009600 
0.93492 0.009594 
0.93526 0.009587 
0.93559 0.009580 
0.93593 0.009574 
0.93626 0.009567 
0.93660 0.009561 
0.93693 0.009554 
0.93727 0.009547 
0.93760 0.009541 
0.93794 0.009534 
0.93828 0.009528 
0.93861 0.009521 
0.93895 0.009515 
0.93928 0.009508 
0.93962 0.009501 
0.93995 0.009495 
0.94029 0.009489 
0.94062 0.009482 
0.94096 0.009476 
0.94129 0.009469 
0.94163 0.009463 
0.94197 0.009456 
0.94230 0.009450 
0.94264 0.009443 
0.94297 0.009437 
0.94331 0.009431 
0.94364 0.009424 
0.94398 0.009418 
0.94431 0.009411 
0.94465 0.009405 
0.94498 0.009399 
0.94532 0.009392 
0.94566 0.009386 
0.94599 0.009379 
0.94633 0.009373 
0.94666 0.009367 
0.94700 0.009361 
0.94733 0.009355 
0.94767 0.009348 
0.94800 0.009342 
0.94834 0.009335 
0.94867 0.009329 
0.94901 0.009323 
0.94935 0.009317 
0.94968 0.009311 
0.95002 0.009304 
0.95035 0.009298 
0.95069 0.009292 
0.95102 0.009286 
0.95136 0.009279 
0.95169 0.009273 
0.95203 0.009267 
0.95236 0.009260 
0.95270 0.009254 
0.95304 0.009248 
0.95337 0.009242 
0.95371 0.009235 
0.95404 0.009229 
0.95438 0.009223 
0.95471 0.009217 
0.95505 0.009211 
0.95538 0.009204 
0.95572 0.009198 
0.95606 0.009192 
0.95639 0.009186 
0.95673 0.009180 
0.95706 0.009174 
0.95740 0.009168 
0.95773 0.009162 
0.95807 0.009156 
0.95840 0.009149 
0.95874 0.009143 
0.95907 0.009137 
0.95941 0.009131 
0.95975 0.009125 
0.96008 0.009119 
0.96042 0.009113 
0.96075 0.009107 
0.96109 0.009100 
0.96142 0.009094 
0.96176 0.009088 
0.96209 0.009082 
0.96243 0.009076 
0.96276 0.009070 
0.96310 0.009064 
0.96344 0.009058 
0.96377 0.009052 
0.96411 0.009046 
0.96444 0.009040 
0.96478 0.009035 
0.96511 0.009028 
0.96545 0.009022 
0.96578 0.009016 
0.96612 0.009010 
0.96645 0.009004 
0.96679 0.008999 
0.96713 0.008993 
0.96746 0.008987 
0.96780 0.008981 
0.96813 0.008975 
0.96847 0.008969 
0.96880 0.008963 
0.96914 0.008957 
0.96947 0.008951 
0.96981 0.008945 
0.97014 0.008939 
0.97048 0.008933 
0.97082 0.008927 
0.97115 0.008922 
0.97149 0.008916 
0.97182 0.008910 
0.97216 0.008904 
0.97249 0.008898 
0.97283 0.008892 
0.97316 0.008887 
0.97350 0.008881 
0.97383 0.008875 
0.97417 0.008869 
0.97451 0.008863 
0.97484 0.008857 
0.97518 0.008851 
0.97551 0.008846 
0.97585 0.008840 
0.97618 0.008834 
0.97652 0.008828 
0.97685 0.008822 
0.97719 0.008816 
0.97752 0.008811 
0.97786 0.008805 
0.97820 0.008799 
0.97853 0.008793 
0.97887 0.008787 
0.97920 0.008782 
0.97954 0.008776 
0.97987 0.008770 
0.98021 0.008764 
0.98054 0.008758 
0.98088 0.008753 
0.98121 0.008747 
0.98155 0.008741 
0.98189 0.008735 
0.98222 0.008730 
0.98256 0.008724 
0.98289 0.008718 
0.98323 0.008713 
0.98356 0.008707 
0.98390 0.008701 
0.98423 0.008695 
0.98457 0.008690 
0.98490 0.008684 
0.98524 0.008678 
0.98558 0.008673 
0.98591 0.008667 
0.98625 0.008661 
0.98658 0.008656 
0.98692 0.008650 
0.98725 0.008644 
0.98759 0.008639 
0.98792 0.008633 
0.98826 0.008628 
0.98859 0.008622 
0.98893 0.008616 
0.98927 0.008611 
0.98960 0.008605 
0.98994 0.008599 
0.99027 0.008594 
0.99061 0.008588 
0.99094 0.008583 
0.99128 0.008577 
0.99161 0.008572 
0.99195 0.008566 
0.99228 0.008560 
0.99262 0.008555 
0.99296 0.008549 
0.99329 0.008544 
0.99363 0.008538 
0.99396 0.008532 
0.99430 0.008527 
0.99463 0.008521 
0.99497 0.008516 
0.99530 0.008510 
0.99564 0.008505 
0.99597 0.008499 
0.99631 0.008494 
0.99665 0.008488 
0.99698 0.008483 
0.99732 0.008477 
0.99765 0.008472 
0.99799 0.008466 
0.99832 0.008461 
0.99866 0.008456 
0.99899 0.008450 
0.99933 0.008445 
0.99966 0.008439 
1.00000 0.008434 
