1 1
0.00067 1.000000 
0.00101 1.000000 
0.00134 1.000000 
0.00168 1.000000 
0.00202 1.000000 
0.00235 1.000000 
0.00269 1.000000 
0.00302 1.000000 
0.00336 1.000000 
0.00370 1.000000 
0.00403 1.000000 
0.00437 1.000000 
0.00470 1.000000 
0.00504 1.000000 
0.00538 1.000000 
0.00571 1.000000 
0.00605 1.000000 
0.00638 1.000000 
0.00672 1.000000 
0.00706 1.000000 
0.00739 1.000000 
0.00773 1.000000 
0.00806 1.000000 
0.00840 1.000000 
0.00874 1.000000 
0.00907 1.000000 
0.00941 1.000000 
0.00974 1.000000 
0.01008 1.000000 
0.01042 1.000000 
0.01075 1.000000 
0.01109 1.000000 
0.01142 1.000000 
0.01176 1.000000 
0.01210 1.000000 
0.01243 1.000000 
0.01277 1.000000 
0.01310 1.000000 
0.01344 1.000000 
0.01378 0.998780 
0.01411 0.998839 
0.01445 0.998893 
0.01478 0.998943 
0.01512 0.998990 
0.01546 0.999034 
0.01579 0.999075 
0.01613 0.999113 
0.01647 0.999150 
0.01680 0.996735 
0.01714 0.996863 
0.01747 0.996983 
0.01781 0.996372 
0.01815 0.995108 
0.01848 0.992593 
0.01882 0.992208 
0.01915 0.991855 
0.01949 0.991531 
0.01983 0.991818 
0.02016 0.990960 
0.02050 0.987978 
0.02083 0.984664 
0.02117 0.981055 
0.02151 0.981151 
0.02184 0.980288 
0.02218 0.978089 
0.02251 0.977386 
0.02285 0.975417 
0.02319 0.973146 
0.02352 0.972671 
0.02386 0.969819 
0.02419 0.968310 
0.02453 0.965373 
0.02487 0.959274 
0.02520 0.954955 
0.02554 0.953333 
0.02587 0.952153 
0.02621 0.948052 
0.02655 0.944499 
0.02688 0.943987 
0.02722 0.942284 
0.02755 0.939175 
0.02789 0.936527 
0.02823 0.933735 
0.02856 0.930812 
0.02890 0.925308 
0.02923 0.923817 
0.02957 0.923459 
0.02991 0.922625 
0.03024 0.919101 
0.03058 0.916239 
0.03091 0.914477 
0.03125 0.909771 
0.03159 0.904370 
0.03192 0.902128 
0.03226 0.897807 
0.03259 0.892397 
0.03293 0.889754 
0.03327 0.887034 
0.03360 0.885455 
0.03394 0.883762 
0.03427 0.882935 
0.03461 0.879878 
0.03495 0.874347 
0.03528 0.873260 
0.03562 0.868284 
0.03595 0.865456 
0.03629 0.861890 
0.03663 0.858478 
0.03696 0.854712 
0.03730 0.849140 
0.03763 0.845560 
0.03797 0.839918 
0.03831 0.834653 
0.03864 0.826240 
0.03898 0.823238 
0.03931 0.818744 
0.03965 0.816312 
0.03999 0.810568 
0.04032 0.806443 
0.04066 0.803994 
0.04099 0.798808 
0.04133 0.795415 
0.04167 0.792290 
0.04200 0.789548 
0.04234 0.785016 
0.04267 0.780652 
0.04301 0.775098 
0.04335 0.772287 
0.04368 0.768992 
0.04402 0.763359 
0.04435 0.757113 
0.04469 0.753702 
0.04503 0.748289 
0.04536 0.744942 
0.04570 0.739651 
0.04603 0.736904 
0.04637 0.732995 
0.04671 0.728808 
0.04704 0.725385 
0.04738 0.722594 
0.04772 0.719109 
0.04805 0.716438 
0.04839 0.713578 
0.04872 0.710920 
0.04906 0.705999 
0.04940 0.704594 
0.04973 0.701600 
0.05007 0.698803 
0.05040 0.695570 
0.05074 0.693510 
0.05108 0.688742 
0.05141 0.686619 
0.05175 0.682964 
0.05208 0.679011 
0.05242 0.676179 
0.05276 0.671485 
0.05309 0.669112 
0.05343 0.666746 
0.05376 0.664230 
0.05410 0.661180 
0.05444 0.657695 
0.05477 0.655154 
0.05511 0.652476 
0.05544 0.649963 
0.05578 0.647317 
0.05612 0.643965 
0.05645 0.642144 
0.05679 0.638138 
0.05712 0.634598 
0.05746 0.631235 
0.05780 0.628791 
0.05813 0.624815 
0.05847 0.621753 
0.05880 0.618456 
0.05914 0.616558 
0.05948 0.612930 
0.05981 0.610614 
0.06015 0.607369 
0.06048 0.604718 
0.06082 0.602026 
0.06116 0.598142 
0.06149 0.594427 
0.06183 0.590936 
0.06216 0.588190 
0.06250 0.584074 
0.06284 0.581910 
0.06317 0.578735 
0.06351 0.576044 
0.06384 0.573211 
0.06418 0.570185 
0.06452 0.566318 
0.06485 0.562986 
0.06519 0.560547 
0.06552 0.557547 
0.06586 0.554788 
0.06620 0.552989 
0.06653 0.550018 
0.06687 0.546774 
0.06720 0.544322 
0.06754 0.541642 
0.06788 0.538496 
0.06821 0.535922 
0.06855 0.532744 
0.06888 0.530081 
0.06922 0.527871 
0.06956 0.525913 
0.06989 0.523690 
0.07023 0.520013 
0.07056 0.517476 
0.07090 0.515685 
0.07124 0.513905 
0.07157 0.510763 
0.07191 0.509061 
0.07224 0.506629 
0.07258 0.504350 
0.07292 0.502774 
0.07325 0.500909 
0.07359 0.498261 
0.07392 0.495766 
0.07426 0.493336 
0.07460 0.491134 
0.07493 0.488466 
0.07527 0.485906 
0.07560 0.483730 
0.07594 0.481259 
0.07628 0.479007 
0.07661 0.476505 
0.07695 0.474067 
0.07728 0.472223 
0.07762 0.470619 
0.07796 0.468204 
0.07829 0.466257 
0.07863 0.464143 
0.07897 0.461975 
0.07930 0.460476 
0.07964 0.458092 
0.07997 0.455873 
0.08031 0.453395 
0.08065 0.451011 
0.08098 0.448997 
0.08132 0.447035 
0.08165 0.444921 
0.08199 0.442690 
0.08233 0.440582 
0.08266 0.438228 
0.08300 0.435799 
0.08333 0.433982 
0.08367 0.432116 
0.08401 0.429526 
0.08434 0.427920 
0.08468 0.426168 
0.08501 0.424650 
0.08535 0.422707 
0.08569 0.420102 
0.08602 0.418045 
0.08636 0.416373 
0.08669 0.414291 
0.08703 0.412649 
0.08737 0.410573 
0.08770 0.408783 
0.08804 0.406978 
0.08837 0.405132 
0.08871 0.403474 
0.08905 0.401601 
0.08938 0.399206 
0.08972 0.397370 
0.09005 0.395299 
0.09039 0.393525 
0.09073 0.391822 
0.09106 0.390242 
0.09140 0.388268 
0.09173 0.386582 
0.09207 0.384803 
0.09241 0.383145 
0.09274 0.381344 
0.09308 0.379166 
0.09341 0.377139 
0.09375 0.375545 
0.09409 0.373682 
0.09442 0.371835 
0.09476 0.370006 
0.09509 0.368243 
0.09543 0.366521 
0.09577 0.364888 
0.09610 0.363268 
0.09644 0.361785 
0.09677 0.360046 
0.09711 0.358564 
0.09745 0.356807 
0.09778 0.355018 
0.09812 0.353316 
0.09845 0.351723 
0.09879 0.350445 
0.09913 0.348761 
0.09946 0.347526 
0.09980 0.346142 
0.10013 0.344067 
0.10047 0.342417 
0.10081 0.341204 
0.10114 0.339734 
0.10148 0.338342 
0.10181 0.337027 
0.10215 0.335526 
0.10249 0.334426 
0.10282 0.332905 
0.10316 0.331375 
0.10349 0.330027 
0.10383 0.328605 
0.10417 0.327111 
0.10450 0.325879 
0.10484 0.324408 
0.10517 0.323175 
0.10551 0.322216 
0.10585 0.320878 
0.10618 0.319228 
0.10652 0.318073 
0.10685 0.316926 
0.10719 0.315707 
0.10753 0.314361 
0.10786 0.313006 
0.10820 0.311352 
0.10853 0.310117 
0.10887 0.309005 
0.10921 0.307958 
0.10954 0.306824 
0.10988 0.305454 
0.11022 0.304300 
0.11055 0.303154 
0.11089 0.301686 
0.11122 0.300302 
0.11156 0.299094 
0.11190 0.297985 
0.11223 0.296704 
0.11257 0.295648 
0.11290 0.294350 
0.11324 0.293168 
0.11358 0.291907 
0.11391 0.290831 
0.11425 0.289623 
0.11458 0.288667 
0.11492 0.287527 
0.11526 0.286277 
0.11559 0.285257 
0.11593 0.284159 
0.11626 0.283069 
0.11660 0.282054 
0.11694 0.280798 
0.11727 0.279748 
0.11761 0.278837 
0.11794 0.277786 
0.11828 0.276887 
0.11862 0.275753 
0.11895 0.274643 
0.11929 0.273637 
0.11962 0.272749 
0.11996 0.271677 
0.12030 0.270723 
0.12063 0.269759 
0.12097 0.268709 
0.12130 0.267744 
0.12164 0.266754 
0.12198 0.265848 
0.12231 0.264871 
0.12265 0.263977 
0.12298 0.263059 
0.12332 0.262012 
0.12366 0.261107 
0.12399 0.260369 
0.12433 0.259313 
0.12466 0.258265 
0.12500 0.257195 
0.12534 0.256133 
0.12567 0.255179 
0.12601 0.254246 
0.12634 0.253447 
0.12668 0.252399 
0.12702 0.251512 
0.12735 0.250729 
0.12769 0.249951 
0.12802 0.249123 
0.12836 0.248231 
0.12870 0.247153 
0.12903 0.246220 
0.12937 0.245184 
0.12970 0.244196 
0.13004 0.243229 
0.13038 0.242401 
0.13071 0.241566 
0.13105 0.240670 
0.13138 0.239727 
0.13172 0.238765 
0.13206 0.237875 
0.13239 0.237132 
0.13273 0.236278 
0.13306 0.235469 
0.13340 0.234575 
0.13374 0.233700 
0.13407 0.232655 
0.13441 0.231729 
0.13474 0.230885 
0.13508 0.230072 
0.13542 0.229201 
0.13575 0.228423 
0.13609 0.227442 
0.13642 0.226552 
0.13676 0.225778 
0.13710 0.224972 
0.13743 0.224112 
0.13777 0.223376 
0.13810 0.222610 
0.13844 0.222061 
0.13878 0.221338 
0.13911 0.220456 
0.13945 0.219766 
0.13978 0.219057 
0.14012 0.218248 
0.14046 0.217319 
0.14079 0.216613 
0.14113 0.215820 
0.14147 0.214942 
0.14180 0.214306 
0.14214 0.213673 
0.14247 0.213056 
0.14281 0.212198 
0.14315 0.211500 
0.14348 0.210751 
0.14382 0.210029 
0.14415 0.209180 
0.14449 0.208489 
0.14483 0.207738 
0.14516 0.207130 
0.14550 0.206516 
0.14583 0.205915 
0.14617 0.205138 
0.14651 0.204513 
0.14684 0.203766 
0.14718 0.203055 
0.14751 0.202317 
0.14785 0.201636 
0.14819 0.201031 
0.14852 0.200429 
0.14886 0.199749 
0.14919 0.199052 
0.14953 0.198421 
0.14987 0.197713 
0.15020 0.196928 
0.15054 0.196219 
0.15087 0.195494 
0.15121 0.194833 
0.15155 0.194294 
0.15188 0.193631 
0.15222 0.193040 
0.15255 0.192316 
0.15289 0.191567 
0.15323 0.190977 
0.15356 0.190439 
0.15390 0.189866 
0.15423 0.189362 
0.15457 0.188699 
0.15491 0.187975 
0.15524 0.187434 
0.15558 0.186774 
0.15591 0.186164 
0.15625 0.185521 
0.15659 0.185011 
0.15692 0.184366 
0.15726 0.183779 
0.15759 0.183150 
0.15793 0.182616 
0.15827 0.182057 
0.15860 0.181421 
0.15894 0.180734 
0.15927 0.180150 
0.15961 0.179569 
0.15995 0.179009 
0.16028 0.178479 
0.16062 0.177969 
0.16095 0.177409 
0.16129 0.176888 
0.16163 0.176256 
0.16196 0.175620 
0.16230 0.174961 
0.16263 0.174384 
0.16297 0.173818 
0.16331 0.173289 
0.16364 0.172730 
0.16398 0.172190 
0.16431 0.171620 
0.16465 0.171120 
0.16499 0.170589 
0.16532 0.170028 
0.16566 0.169553 
0.16599 0.169071 
0.16633 0.168527 
0.16667 0.168027 
0.16700 0.167513 
0.16734 0.167018 
0.16767 0.166486 
0.16801 0.165948 
0.16835 0.165493 
0.16868 0.164977 
0.16902 0.164448 
0.16935 0.163882 
0.16969 0.163398 
0.17003 0.162846 
0.17036 0.162352 
0.17070 0.161868 
0.17103 0.161363 
0.17137 0.160846 
0.17171 0.160332 
0.17204 0.159828 
0.17238 0.159349 
0.17272 0.158813 
0.17305 0.158286 
0.17339 0.157816 
0.17372 0.157310 
0.17406 0.156793 
0.17440 0.156315 
0.17473 0.155899 
0.17507 0.155411 
0.17540 0.154992 
0.17574 0.154539 
0.17608 0.154051 
0.17641 0.153581 
0.17675 0.153149 
0.17708 0.152741 
0.17742 0.152306 
0.17776 0.151816 
0.17809 0.151379 
0.17843 0.150943 
0.17876 0.150503 
0.17910 0.150087 
0.17944 0.149651 
0.17977 0.149253 
0.18011 0.148766 
0.18044 0.148281 
0.18078 0.147820 
0.18112 0.147382 
0.18145 0.146953 
0.18179 0.146498 
0.18212 0.146115 
0.18246 0.145678 
0.18280 0.145312 
0.18313 0.144900 
0.18347 0.144511 
0.18380 0.144103 
0.18414 0.143630 
0.18448 0.143280 
0.18481 0.142838 
0.18515 0.142458 
0.18548 0.142047 
0.18582 0.141671 
0.18616 0.141284 
0.18649 0.140840 
0.18683 0.140443 
0.18716 0.140023 
0.18750 0.139656 
0.18784 0.139246 
0.18817 0.138838 
0.18851 0.138464 
0.18884 0.138092 
0.18918 0.137753 
0.18952 0.137366 
0.18985 0.136999 
0.19019 0.136583 
0.19052 0.136183 
0.19086 0.135790 
0.19120 0.135430 
0.19153 0.135066 
0.19187 0.134734 
0.19220 0.134380 
0.19254 0.133972 
0.19288 0.133626 
0.19321 0.133204 
0.19355 0.132856 
0.19388 0.132486 
0.19422 0.132154 
0.19456 0.131829 
0.19489 0.131439 
0.19523 0.131064 
0.19556 0.130685 
0.19590 0.130354 
0.19624 0.130037 
0.19657 0.129686 
0.19691 0.129337 
0.19724 0.129030 
0.19758 0.128690 
0.19792 0.128345 
0.19825 0.127985 
0.19859 0.127626 
0.19892 0.127264 
0.19926 0.126971 
0.19960 0.126600 
0.19993 0.126237 
0.20027 0.125904 
0.20060 0.125594 
0.20094 0.125275 
0.20128 0.124930 
0.20161 0.124591 
0.20195 0.124265 
0.20228 0.123924 
0.20262 0.123596 
0.20296 0.123236 
0.20329 0.122943 
0.20363 0.122663 
0.20397 0.122335 
0.20430 0.121987 
0.20464 0.121662 
0.20497 0.121306 
0.20531 0.121027 
0.20565 0.120733 
0.20598 0.120441 
0.20632 0.120117 
0.20665 0.119817 
0.20699 0.119481 
0.20733 0.119167 
0.20766 0.118860 
0.20800 0.118528 
0.20833 0.118214 
0.20867 0.117890 
0.20901 0.117583 
0.20934 0.117294 
0.20968 0.116979 
0.21001 0.116662 
0.21035 0.116391 
0.21069 0.116066 
0.21102 0.115787 
0.21136 0.115505 
0.21169 0.115209 
0.21203 0.114884 
0.21237 0.114611 
0.21270 0.114319 
0.21304 0.114023 
0.21337 0.113753 
0.21371 0.113475 
0.21405 0.113208 
0.21438 0.112946 
0.21472 0.112642 
0.21505 0.112363 
0.21539 0.112086 
0.21573 0.111795 
0.21606 0.111500 
0.21640 0.111241 
0.21673 0.110939 
0.21707 0.110649 
0.21741 0.110388 
0.21774 0.110095 
0.21808 0.109803 
0.21841 0.109551 
0.21875 0.109285 
0.21909 0.108973 
0.21942 0.108710 
0.21976 0.108457 
0.22009 0.108173 
0.22043 0.107904 
0.22077 0.107663 
0.22110 0.107392 
0.22144 0.107130 
0.22177 0.106879 
0.22211 0.106629 
0.22245 0.106362 
0.22278 0.106128 
0.22312 0.105876 
0.22345 0.105639 
0.22379 0.105399 
0.22413 0.105123 
0.22446 0.104876 
0.22480 0.104629 
0.22513 0.104348 
0.22547 0.104086 
0.22581 0.103847 
0.22614 0.103583 
0.22648 0.103302 
0.22681 0.103044 
0.22715 0.102792 
0.22749 0.102515 
0.22782 0.102260 
0.22816 0.102020 
0.22849 0.101785 
0.22883 0.101542 
0.22917 0.101309 
0.22950 0.101051 
0.22984 0.100785 
0.23017 0.100534 
0.23051 0.100300 
0.23085 0.100063 
0.23118 0.099840 
0.23152 0.099580 
0.23185 0.099346 
0.23219 0.099100 
0.23253 0.098868 
0.23286 0.098629 
0.23320 0.098411 
0.23353 0.098165 
0.23387 0.097924 
0.23421 0.097701 
0.23454 0.097479 
0.23488 0.097224 
0.23522 0.097028 
0.23555 0.096825 
0.23589 0.096606 
0.23622 0.096380 
0.23656 0.096154 
0.23690 0.095918 
0.23723 0.095707 
0.23757 0.095472 
0.23790 0.095250 
0.23824 0.095017 
0.23858 0.094773 
0.23891 0.094535 
0.23925 0.094328 
0.23958 0.094099 
0.23992 0.093879 
0.24026 0.093644 
0.24059 0.093445 
0.24093 0.093227 
0.24126 0.093006 
0.24160 0.092790 
0.24194 0.092563 
0.24227 0.092337 
0.24261 0.092127 
0.24294 0.091907 
0.24328 0.091699 
0.24362 0.091484 
0.24395 0.091285 
0.24429 0.091091 
0.24462 0.090879 
0.24496 0.090682 
0.24530 0.090479 
0.24563 0.090250 
0.24597 0.090052 
0.24630 0.089855 
0.24664 0.089669 
0.24698 0.089462 
0.24731 0.089275 
0.24765 0.089066 
0.24798 0.088872 
0.24832 0.088686 
0.24866 0.088498 
0.24899 0.088285 
0.24933 0.088069 
0.24966 0.087882 
0.25000 0.087686 
0.25034 0.087472 
0.25067 0.087277 
0.25101 0.087083 
0.25134 0.086889 
0.25168 0.086700 
0.25202 0.086512 
0.25235 0.086338 
0.25269 0.086155 
0.25302 0.085958 
0.25336 0.085765 
0.25370 0.085573 
0.25403 0.085371 
0.25437 0.085166 
0.25470 0.084990 
0.25504 0.084798 
0.25538 0.084613 
0.25571 0.084411 
0.25605 0.084227 
0.25638 0.084024 
0.25672 0.083859 
0.25706 0.083664 
0.25739 0.083472 
0.25773 0.083279 
0.25806 0.083099 
0.25840 0.082913 
0.25874 0.082722 
0.25907 0.082534 
0.25941 0.082344 
0.25974 0.082161 
0.26008 0.081999 
0.26042 0.081834 
0.26075 0.081653 
0.26109 0.081496 
0.26142 0.081326 
0.26176 0.081144 
0.26210 0.080962 
0.26243 0.080791 
0.26277 0.080627 
0.26310 0.080457 
0.26344 0.080277 
0.26378 0.080109 
0.26411 0.079937 
0.26445 0.079760 
0.26478 0.079612 
0.26512 0.079433 
0.26546 0.079261 
0.26579 0.079092 
0.26613 0.078925 
0.26647 0.078776 
0.26680 0.078613 
0.26714 0.078447 
0.26747 0.078297 
0.26781 0.078138 
0.26815 0.077962 
0.26848 0.077785 
0.26882 0.077613 
0.26915 0.077453 
0.26949 0.077282 
0.26983 0.077120 
0.27016 0.076963 
0.27050 0.076821 
0.27083 0.076649 
0.27117 0.076486 
0.27151 0.076328 
0.27184 0.076170 
0.27218 0.076012 
0.27251 0.075849 
0.27285 0.075690 
0.27319 0.075537 
0.27352 0.075384 
0.27386 0.075220 
0.27419 0.075069 
0.27453 0.074915 
0.27487 0.074765 
0.27520 0.074600 
0.27554 0.074445 
0.27587 0.074288 
0.27621 0.074140 
0.27655 0.073992 
0.27688 0.073851 
0.27722 0.073707 
0.27755 0.073546 
0.27789 0.073395 
0.27823 0.073249 
0.27856 0.073084 
0.27890 0.072937 
0.27923 0.072782 
0.27957 0.072622 
0.27991 0.072473 
0.28024 0.072317 
0.28058 0.072172 
0.28091 0.072028 
0.28125 0.071885 
0.28159 0.071730 
0.28192 0.071602 
0.28226 0.071460 
0.28259 0.071324 
0.28293 0.071180 
0.28327 0.071031 
0.28360 0.070888 
0.28394 0.070734 
0.28427 0.070589 
0.28461 0.070445 
0.28495 0.070306 
0.28528 0.070166 
0.28562 0.070026 
0.28595 0.069900 
0.28629 0.069752 
0.28663 0.069635 
0.28696 0.069492 
0.28730 0.069351 
0.28763 0.069216 
0.28797 0.069077 
0.28831 0.068932 
0.28864 0.068807 
0.28898 0.068676 
0.28931 0.068533 
0.28965 0.068388 
0.28999 0.068245 
0.29032 0.068122 
0.29066 0.067975 
0.29099 0.067850 
0.29133 0.067707 
0.29167 0.067572 
0.29200 0.067435 
0.29234 0.067315 
0.29267 0.067184 
0.29301 0.067067 
0.29335 0.066937 
0.29368 0.066815 
0.29402 0.066675 
0.29435 0.066554 
0.29469 0.066421 
0.29503 0.066290 
0.29536 0.066163 
0.29570 0.066031 
0.29603 0.065896 
0.29637 0.065762 
0.29671 0.065644 
0.29704 0.065513 
0.29738 0.065383 
0.29772 0.065266 
0.29805 0.065137 
0.29839 0.065016 
0.29872 0.064892 
0.29906 0.064777 
0.29940 0.064654 
0.29973 0.064532 
0.30007 0.064415 
0.30040 0.064293 
0.30074 0.064170 
0.30108 0.064039 
0.30141 0.063918 
0.30175 0.063798 
0.30208 0.063676 
0.30242 0.063555 
0.30276 0.063438 
0.30309 0.063329 
0.30343 0.063211 
0.30376 0.063091 
0.30410 0.062966 
0.30444 0.062837 
0.30477 0.062720 
0.30511 0.062609 
0.30544 0.062488 
0.30578 0.062368 
0.30612 0.062257 
0.30645 0.062130 
0.30679 0.062016 
0.30712 0.061899 
0.30746 0.061781 
0.30780 0.061668 
0.30813 0.061559 
0.30847 0.061444 
0.30880 0.061325 
0.30914 0.061210 
0.30948 0.061094 
0.30981 0.060985 
0.31015 0.060869 
0.31048 0.060751 
0.31082 0.060648 
0.31116 0.060538 
0.31149 0.060433 
0.31183 0.060331 
0.31216 0.060217 
0.31250 0.060106 
0.31284 0.059989 
0.31317 0.059876 
0.31351 0.059759 
0.31384 0.059650 
0.31418 0.059543 
0.31452 0.059436 
0.31485 0.059323 
0.31519 0.059215 
0.31552 0.059116 
0.31586 0.059015 
0.31620 0.058919 
0.31653 0.058812 
0.31687 0.058698 
0.31720 0.058601 
0.31754 0.058504 
0.31788 0.058400 
0.31821 0.058301 
0.31855 0.058198 
0.31888 0.058085 
0.31922 0.057976 
0.31956 0.057880 
0.31989 0.057776 
0.32023 0.057668 
0.32056 0.057565 
0.32090 0.057460 
0.32124 0.057362 
0.32157 0.057266 
0.32191 0.057166 
0.32224 0.057062 
0.32258 0.056958 
0.32292 0.056853 
0.32325 0.056756 
0.32359 0.056656 
0.32392 0.056555 
0.32426 0.056451 
0.32460 0.056355 
0.32493 0.056250 
0.32527 0.056153 
0.32560 0.056062 
0.32594 0.055970 
0.32628 0.055876 
0.32661 0.055776 
0.32695 0.055670 
0.32728 0.055579 
0.32762 0.055477 
0.32796 0.055378 
0.32829 0.055280 
0.32863 0.055190 
0.32897 0.055098 
0.32930 0.055004 
0.32964 0.054915 
0.32997 0.054815 
0.33031 0.054723 
0.33065 0.054626 
0.33098 0.054521 
0.33132 0.054429 
0.33165 0.054341 
0.33199 0.054248 
0.33233 0.054154 
0.33266 0.054059 
0.33300 0.053962 
0.33333 0.053868 
0.33367 0.053770 
0.33401 0.053669 
0.33434 0.053574 
0.33468 0.053480 
0.33501 0.053393 
0.33535 0.053306 
0.33569 0.053218 
0.33602 0.053123 
0.33636 0.053035 
0.33669 0.052939 
0.33703 0.052851 
0.33737 0.052756 
0.33770 0.052661 
0.33804 0.052576 
0.33837 0.052484 
0.33871 0.052387 
0.33905 0.052297 
0.33938 0.052215 
0.33972 0.052126 
0.34005 0.052038 
0.34039 0.051945 
0.34073 0.051864 
0.34106 0.051774 
0.34140 0.051685 
0.34173 0.051593 
0.34207 0.051504 
0.34241 0.051414 
0.34274 0.051333 
0.34308 0.051249 
0.34341 0.051160 
0.34375 0.051072 
0.34409 0.050982 
0.34442 0.050896 
0.34476 0.050810 
0.34509 0.050715 
0.34543 0.050625 
0.34577 0.050544 
0.34610 0.050459 
0.34644 0.050372 
0.34677 0.050292 
0.34711 0.050215 
0.34745 0.050133 
0.34778 0.050055 
0.34812 0.049965 
0.34845 0.049882 
0.34879 0.049803 
0.34913 0.049720 
0.34946 0.049637 
0.34980 0.049553 
0.35013 0.049471 
0.35047 0.049394 
0.35081 0.049314 
0.35114 0.049233 
0.35148 0.049157 
0.35181 0.049076 
0.35215 0.049000 
0.35249 0.048929 
0.35282 0.048852 
0.35316 0.048772 
0.35349 0.048688 
0.35383 0.048612 
0.35417 0.048538 
0.35450 0.048456 
0.35484 0.048375 
0.35517 0.048289 
0.35551 0.048210 
0.35585 0.048130 
0.35618 0.048054 
0.35652 0.047981 
0.35685 0.047897 
0.35719 0.047825 
0.35753 0.047746 
0.35786 0.047667 
0.35820 0.047597 
0.35853 0.047523 
0.35887 0.047447 
0.35921 0.047370 
0.35954 0.047294 
0.35988 0.047216 
0.36022 0.047145 
0.36055 0.047070 
0.36089 0.046989 
0.36122 0.046914 
0.36156 0.046840 
0.36190 0.046765 
0.36223 0.046699 
0.36257 0.046625 
0.36290 0.046547 
0.36324 0.046466 
0.36358 0.046389 
0.36391 0.046318 
0.36425 0.046252 
0.36458 0.046185 
0.36492 0.046110 
0.36526 0.046041 
0.36559 0.045968 
0.36593 0.045895 
0.36626 0.045823 
0.36660 0.045749 
0.36694 0.045675 
0.36727 0.045603 
0.36761 0.045532 
0.36794 0.045458 
0.36828 0.045392 
0.36862 0.045318 
0.36895 0.045247 
0.36929 0.045176 
0.36962 0.045107 
0.36996 0.045035 
0.37030 0.044967 
0.37063 0.044898 
0.37097 0.044835 
0.37130 0.044765 
0.37164 0.044697 
0.37198 0.044630 
0.37231 0.044564 
0.37265 0.044500 
0.37298 0.044428 
0.37332 0.044364 
0.37366 0.044294 
0.37399 0.044224 
0.37433 0.044154 
0.37466 0.044089 
0.37500 0.044020 
0.37534 0.043957 
0.37567 0.043892 
0.37601 0.043821 
0.37634 0.043754 
0.37668 0.043689 
0.37702 0.043625 
0.37735 0.043559 
0.37769 0.043491 
0.37802 0.043421 
0.37836 0.043352 
0.37870 0.043280 
0.37903 0.043217 
0.37937 0.043150 
0.37970 0.043081 
0.38004 0.043013 
0.38038 0.042946 
0.38071 0.042883 
0.38105 0.042817 
0.38138 0.042754 
0.38172 0.042689 
0.38206 0.042620 
0.38239 0.042552 
0.38273 0.042485 
0.38306 0.042418 
0.38340 0.042356 
0.38374 0.042292 
0.38407 0.042234 
0.38441 0.042168 
0.38474 0.042105 
0.38508 0.042042 
0.38542 0.041978 
0.38575 0.041914 
0.38609 0.041856 
0.38642 0.041798 
0.38676 0.041735 
0.38710 0.041671 
0.38743 0.041614 
0.38777 0.041551 
0.38810 0.041491 
0.38844 0.041430 
0.38878 0.041368 
0.38911 0.041309 
0.38945 0.041245 
0.38978 0.041184 
0.39012 0.041124 
0.39046 0.041061 
0.39079 0.040999 
0.39113 0.040936 
0.39147 0.040879 
0.39180 0.040820 
0.39214 0.040761 
0.39247 0.040698 
0.39281 0.040643 
0.39315 0.040585 
0.39348 0.040528 
0.39382 0.040467 
0.39415 0.040403 
0.39449 0.040338 
0.39483 0.040286 
0.39516 0.040229 
0.39550 0.040170 
0.39583 0.040112 
0.39617 0.040053 
0.39651 0.039995 
0.39684 0.039939 
0.39718 0.039881 
0.39751 0.039822 
0.39785 0.039767 
0.39819 0.039707 
0.39852 0.039647 
0.39886 0.039591 
0.39919 0.039532 
0.39953 0.039475 
0.39987 0.039417 
0.40020 0.039361 
0.40054 0.039308 
0.40087 0.039247 
0.40121 0.039191 
0.40155 0.039134 
0.40188 0.039081 
0.40222 0.039023 
0.40255 0.038968 
0.40289 0.038913 
0.40323 0.038860 
0.40356 0.038804 
0.40390 0.038746 
0.40423 0.038689 
0.40457 0.038635 
0.40491 0.038577 
0.40524 0.038517 
0.40558 0.038463 
0.40591 0.038410 
0.40625 0.038356 
0.40659 0.038302 
0.40692 0.038250 
0.40726 0.038198 
0.40759 0.038147 
0.40793 0.038094 
0.40827 0.038039 
0.40860 0.037982 
0.40894 0.037928 
0.40927 0.037872 
0.40961 0.037822 
0.40995 0.037768 
0.41028 0.037716 
0.41062 0.037665 
0.41095 0.037615 
0.41129 0.037560 
0.41163 0.037504 
0.41196 0.037454 
0.41230 0.037405 
0.41263 0.037352 
0.41297 0.037296 
0.41331 0.037241 
0.41364 0.037191 
0.41398 0.037140 
0.41431 0.037089 
0.41465 0.037038 
0.41499 0.036987 
0.41532 0.036939 
0.41566 0.036890 
0.41599 0.036839 
0.41633 0.036789 
0.41667 0.036737 
0.41700 0.036682 
0.41734 0.036630 
0.41767 0.036580 
0.41801 0.036530 
0.41835 0.036483 
0.41868 0.036433 
0.41902 0.036384 
0.41935 0.036336 
0.41969 0.036285 
0.42003 0.036234 
0.42036 0.036184 
0.42070 0.036136 
0.42103 0.036090 
0.42137 0.036045 
0.42171 0.035995 
0.42204 0.035944 
0.42238 0.035897 
0.42272 0.035848 
0.42305 0.035803 
0.42339 0.035750 
0.42372 0.035697 
0.42406 0.035646 
0.42440 0.035599 
0.42473 0.035549 
0.42507 0.035499 
0.42540 0.035448 
0.42574 0.035399 
0.42608 0.035348 
0.42641 0.035298 
0.42675 0.035251 
0.42708 0.035202 
0.42742 0.035155 
0.42776 0.035111 
0.42809 0.035067 
0.42843 0.035023 
0.42876 0.034977 
0.42910 0.034931 
0.42944 0.034886 
0.42977 0.034837 
0.43011 0.034789 
0.43044 0.034745 
0.43078 0.034700 
0.43112 0.034655 
0.43145 0.034613 
0.43179 0.034565 
0.43212 0.034516 
0.43246 0.034470 
0.43280 0.034422 
0.43313 0.034374 
0.43347 0.034331 
0.43380 0.034283 
0.43414 0.034236 
0.43448 0.034191 
0.43481 0.034143 
0.43515 0.034100 
0.43548 0.034058 
0.43582 0.034014 
0.43616 0.033966 
0.43649 0.033921 
0.43683 0.033878 
0.43716 0.033832 
0.43750 0.033791 
0.43784 0.033748 
0.43817 0.033703 
0.43851 0.033659 
0.43884 0.033614 
0.43918 0.033568 
0.43952 0.033524 
0.43985 0.033481 
0.44019 0.033434 
0.44052 0.033391 
0.44086 0.033351 
0.44120 0.033308 
0.44153 0.033264 
0.44187 0.033222 
0.44220 0.033179 
0.44254 0.033137 
0.44288 0.033095 
0.44321 0.033051 
0.44355 0.033009 
0.44388 0.032966 
0.44422 0.032920 
0.44456 0.032876 
0.44489 0.032833 
0.44523 0.032793 
0.44556 0.032750 
0.44590 0.032707 
0.44624 0.032665 
0.44657 0.032624 
0.44691 0.032580 
0.44724 0.032536 
0.44758 0.032495 
0.44792 0.032454 
0.44825 0.032413 
0.44859 0.032371 
0.44892 0.032329 
0.44926 0.032288 
0.44960 0.032247 
0.44993 0.032204 
0.45027 0.032161 
0.45060 0.032120 
0.45094 0.032079 
0.45128 0.032039 
0.45161 0.031998 
0.45195 0.031959 
0.45228 0.031918 
0.45262 0.031878 
0.45296 0.031840 
0.45329 0.031803 
0.45363 0.031766 
0.45397 0.031726 
0.45430 0.031687 
0.45464 0.031647 
0.45497 0.031605 
0.45531 0.031564 
0.45565 0.031526 
0.45598 0.031489 
0.45632 0.031450 
0.45665 0.031408 
0.45699 0.031369 
0.45733 0.031331 
0.45766 0.031290 
0.45800 0.031251 
0.45833 0.031210 
0.45867 0.031173 
0.45901 0.031136 
0.45934 0.031097 
0.45968 0.031059 
0.46001 0.031023 
0.46035 0.030986 
0.46069 0.030950 
0.46102 0.030916 
0.46136 0.030876 
0.46169 0.030834 
0.46203 0.030794 
0.46237 0.030755 
0.46270 0.030717 
0.46304 0.030677 
0.46337 0.030639 
0.46371 0.030601 
0.46405 0.030561 
0.46438 0.030522 
0.46472 0.030485 
0.46505 0.030446 
0.46539 0.030410 
0.46573 0.030372 
0.46606 0.030335 
0.46640 0.030298 
0.46673 0.030260 
0.46707 0.030222 
0.46741 0.030185 
0.46774 0.030147 
0.46808 0.030111 
0.46841 0.030071 
0.46875 0.030035 
0.46909 0.029998 
0.46942 0.029960 
0.46976 0.029924 
0.47009 0.029884 
0.47043 0.029848 
0.47077 0.029809 
0.47110 0.029775 
0.47144 0.029740 
0.47177 0.029703 
0.47211 0.029667 
0.47245 0.029631 
0.47278 0.029597 
0.47312 0.029562 
0.47345 0.029523 
0.47379 0.029486 
0.47413 0.029452 
0.47446 0.029414 
0.47480 0.029379 
0.47513 0.029346 
0.47547 0.029312 
0.47581 0.029278 
0.47614 0.029241 
0.47648 0.029207 
0.47681 0.029171 
0.47715 0.029133 
0.47749 0.029097 
0.47782 0.029059 
0.47816 0.029024 
0.47849 0.028989 
0.47883 0.028953 
0.47917 0.028921 
0.47950 0.028887 
0.47984 0.028851 
0.48017 0.028817 
0.48051 0.028783 
0.48085 0.028747 
0.48118 0.028714 
0.48152 0.028681 
0.48185 0.028646 
0.48219 0.028612 
0.48253 0.028578 
0.48286 0.028544 
0.48320 0.028509 
0.48353 0.028476 
0.48387 0.028442 
0.48421 0.028410 
0.48454 0.028377 
0.48488 0.028345 
0.48522 0.028312 
0.48555 0.028279 
0.48589 0.028247 
0.48622 0.028209 
0.48656 0.028177 
0.48690 0.028145 
0.48723 0.028114 
0.48757 0.028081 
0.48790 0.028048 
0.48824 0.028017 
0.48858 0.027985 
0.48891 0.027953 
0.48925 0.027919 
0.48958 0.027886 
0.48992 0.027856 
0.49026 0.027824 
0.49059 0.027793 
0.49093 0.027760 
0.49126 0.027730 
0.49160 0.027698 
0.49194 0.027667 
0.49227 0.027636 
0.49261 0.027604 
0.49294 0.027569 
0.49328 0.027537 
0.49362 0.027505 
0.49395 0.027471 
0.49429 0.027440 
0.49462 0.027410 
0.49496 0.027379 
0.49530 0.027348 
0.49563 0.027317 
0.49597 0.027284 
0.49630 0.027249 
0.49664 0.027217 
0.49698 0.027186 
0.49731 0.027153 
0.49765 0.027120 
0.49798 0.027088 
0.49832 0.027056 
0.49866 0.027023 
0.49899 0.026992 
0.49933 0.026960 
0.49966 0.026930 
0.50000 0.026899 
0.50034 0.026867 
0.50067 0.026837 
0.50101 0.026805 
0.50134 0.026775 
0.50168 0.026745 
0.50202 0.026714 
0.50235 0.026682 
0.50269 0.026652 
0.50302 0.026623 
0.50336 0.026592 
0.50370 0.026562 
0.50403 0.026531 
0.50437 0.026501 
0.50470 0.026471 
0.50504 0.026441 
0.50538 0.026411 
0.50571 0.026380 
0.50605 0.026350 
0.50638 0.026320 
0.50672 0.026292 
0.50706 0.026261 
0.50739 0.026229 
0.50773 0.026198 
0.50806 0.026170 
0.50840 0.026139 
0.50874 0.026110 
0.50907 0.026082 
0.50941 0.026051 
0.50974 0.026022 
0.51008 0.025993 
0.51042 0.025963 
0.51075 0.025933 
0.51109 0.025903 
0.51142 0.025874 
0.51176 0.025845 
0.51210 0.025818 
0.51243 0.025787 
0.51277 0.025758 
0.51310 0.025730 
0.51344 0.025701 
0.51378 0.025675 
0.51411 0.025645 
0.51445 0.025620 
0.51478 0.025590 
0.51512 0.025561 
0.51546 0.025533 
0.51579 0.025504 
0.51613 0.025474 
0.51647 0.025448 
0.51680 0.025419 
0.51714 0.025388 
0.51747 0.025361 
0.51781 0.025334 
0.51815 0.025308 
0.51848 0.025278 
0.51882 0.025250 
0.51915 0.025222 
0.51949 0.025195 
0.51983 0.025168 
0.52016 0.025138 
0.52050 0.025112 
0.52083 0.025084 
0.52117 0.025057 
0.52151 0.025029 
0.52184 0.025002 
0.52218 0.024976 
0.52251 0.024948 
0.52285 0.024920 
0.52319 0.024891 
0.52352 0.024863 
0.52386 0.024835 
0.52419 0.024808 
0.52453 0.024782 
0.52487 0.024754 
0.52520 0.024728 
0.52554 0.024701 
0.52587 0.024673 
0.52621 0.024648 
0.52655 0.024621 
0.52688 0.024593 
0.52722 0.024565 
0.52755 0.024538 
0.52789 0.024511 
0.52823 0.024483 
0.52856 0.024458 
0.52890 0.024431 
0.52923 0.024404 
0.52957 0.024378 
0.52991 0.024351 
0.53024 0.024326 
0.53058 0.024300 
0.53091 0.024274 
0.53125 0.024248 
0.53159 0.024222 
0.53192 0.024196 
0.53226 0.024171 
0.53259 0.024146 
0.53293 0.024120 
0.53327 0.024093 
0.53360 0.024066 
0.53394 0.024040 
0.53427 0.024013 
0.53461 0.023988 
0.53495 0.023961 
0.53528 0.023935 
0.53562 0.023909 
0.53595 0.023882 
0.53629 0.023857 
0.53663 0.023832 
0.53696 0.023806 
0.53730 0.023778 
0.53763 0.023753 
0.53797 0.023727 
0.53831 0.023702 
0.53864 0.023678 
0.53898 0.023653 
0.53931 0.023629 
0.53965 0.023604 
0.53999 0.023578 
0.54032 0.023554 
0.54066 0.023530 
0.54099 0.023505 
0.54133 0.023481 
0.54167 0.023455 
0.54200 0.023429 
0.54234 0.023403 
0.54267 0.023378 
0.54301 0.023352 
0.54335 0.023328 
0.54368 0.023302 
0.54402 0.023277 
0.54435 0.023252 
0.54469 0.023226 
0.54503 0.023200 
0.54536 0.023175 
0.54570 0.023152 
0.54603 0.023125 
0.54637 0.023102 
0.54671 0.023076 
0.54704 0.023052 
0.54738 0.023029 
0.54772 0.023006 
0.54805 0.022982 
0.54839 0.022960 
0.54872 0.022937 
0.54906 0.022911 
0.54940 0.022887 
0.54973 0.022863 
0.55007 0.022837 
0.55040 0.022813 
0.55074 0.022789 
0.55108 0.022766 
0.55141 0.022742 
0.55175 0.022717 
0.55208 0.022693 
0.55242 0.022670 
0.55276 0.022647 
0.55309 0.022625 
0.55343 0.022602 
0.55376 0.022580 
0.55410 0.022557 
0.55444 0.022533 
0.55477 0.022508 
0.55511 0.022485 
0.55544 0.022462 
0.55578 0.022439 
0.55612 0.022416 
0.55645 0.022393 
0.55679 0.022369 
0.55712 0.022346 
0.55746 0.022323 
0.55780 0.022299 
0.55813 0.022276 
0.55847 0.022253 
0.55880 0.022232 
0.55914 0.022210 
0.55948 0.022186 
0.55981 0.022163 
0.56015 0.022141 
0.56048 0.022118 
0.56082 0.022094 
0.56116 0.022070 
0.56149 0.022047 
0.56183 0.022025 
0.56216 0.022002 
0.56250 0.021981 
0.56284 0.021958 
0.56317 0.021936 
0.56351 0.021914 
0.56384 0.021893 
0.56418 0.021870 
0.56452 0.021848 
0.56485 0.021827 
0.56519 0.021806 
0.56552 0.021784 
0.56586 0.021762 
0.56620 0.021739 
0.56653 0.021718 
0.56687 0.021696 
0.56720 0.021674 
0.56754 0.021650 
0.56788 0.021628 
0.56821 0.021607 
0.56855 0.021586 
0.56888 0.021562 
0.56922 0.021540 
0.56956 0.021519 
0.56989 0.021496 
0.57023 0.021472 
0.57056 0.021451 
0.57090 0.021428 
0.57124 0.021408 
0.57157 0.021385 
0.57191 0.021364 
0.57224 0.021343 
0.57258 0.021322 
0.57292 0.021302 
0.57325 0.021280 
0.57359 0.021257 
0.57392 0.021235 
0.57426 0.021214 
0.57460 0.021194 
0.57493 0.021173 
0.57527 0.021152 
0.57560 0.021131 
0.57594 0.021110 
0.57628 0.021088 
0.57661 0.021067 
0.57695 0.021046 
0.57728 0.021024 
0.57762 0.021002 
0.57796 0.020981 
0.57829 0.020960 
0.57863 0.020941 
0.57897 0.020921 
0.57930 0.020899 
0.57964 0.020880 
0.57997 0.020859 
0.58031 0.020838 
0.58065 0.020817 
0.58098 0.020797 
0.58132 0.020776 
0.58165 0.020754 
0.58199 0.020733 
0.58233 0.020713 
0.58266 0.020692 
0.58300 0.020671 
0.58333 0.020652 
0.58367 0.020633 
0.58401 0.020612 
0.58434 0.020592 
0.58468 0.020571 
0.58501 0.020552 
0.58535 0.020531 
0.58569 0.020509 
0.58602 0.020490 
0.58636 0.020469 
0.58669 0.020450 
0.58703 0.020430 
0.58737 0.020411 
0.58770 0.020392 
0.58804 0.020370 
0.58837 0.020350 
0.58871 0.020330 
0.58905 0.020309 
0.58938 0.020288 
0.58972 0.020269 
0.59005 0.020250 
0.59039 0.020231 
0.59073 0.020210 
0.59106 0.020191 
0.59140 0.020174 
0.59173 0.020153 
0.59207 0.020133 
0.59241 0.020114 
0.59274 0.020095 
0.59308 0.020076 
0.59341 0.020057 
0.59375 0.020037 
0.59409 0.020019 
0.59442 0.020001 
0.59476 0.019981 
0.59509 0.019962 
0.59543 0.019943 
0.59577 0.019925 
0.59610 0.019906 
0.59644 0.019887 
0.59677 0.019869 
0.59711 0.019849 
0.59745 0.019832 
0.59778 0.019811 
0.59812 0.019792 
0.59845 0.019774 
0.59879 0.019755 
0.59913 0.019736 
0.59946 0.019718 
0.59980 0.019699 
0.60013 0.019681 
0.60047 0.019663 
0.60081 0.019645 
0.60114 0.019627 
0.60148 0.019608 
0.60181 0.019590 
0.60215 0.019571 
0.60249 0.019553 
0.60282 0.019533 
0.60316 0.019515 
0.60349 0.019496 
0.60383 0.019478 
0.60417 0.019459 
0.60450 0.019440 
0.60484 0.019423 
0.60517 0.019403 
0.60551 0.019386 
0.60585 0.019367 
0.60618 0.019348 
0.60652 0.019330 
0.60685 0.019311 
0.60719 0.019294 
0.60753 0.019276 
0.60786 0.019258 
0.60820 0.019238 
0.60853 0.019220 
0.60887 0.019203 
0.60921 0.019186 
0.60954 0.019167 
0.60988 0.019149 
0.61022 0.019131 
0.61055 0.019113 
0.61089 0.019097 
0.61122 0.019079 
0.61156 0.019062 
0.61190 0.019043 
0.61223 0.019026 
0.61257 0.019009 
0.61290 0.018990 
0.61324 0.018973 
0.61358 0.018956 
0.61391 0.018940 
0.61425 0.018922 
0.61458 0.018905 
0.61492 0.018886 
0.61526 0.018869 
0.61559 0.018851 
0.61593 0.018834 
0.61626 0.018816 
0.61660 0.018798 
0.61694 0.018780 
0.61727 0.018762 
0.61761 0.018744 
0.61794 0.018727 
0.61828 0.018709 
0.61862 0.018692 
0.61895 0.018675 
0.61929 0.018657 
0.61962 0.018640 
0.61996 0.018623 
0.62030 0.018607 
0.62063 0.018589 
0.62097 0.018571 
0.62130 0.018553 
0.62164 0.018537 
0.62198 0.018520 
0.62231 0.018503 
0.62265 0.018487 
0.62298 0.018470 
0.62332 0.018453 
0.62366 0.018436 
0.62399 0.018418 
0.62433 0.018401 
0.62466 0.018384 
0.62500 0.018369 
0.62534 0.018352 
0.62567 0.018335 
0.62601 0.018318 
0.62634 0.018301 
0.62668 0.018285 
0.62702 0.018268 
0.62735 0.018252 
0.62769 0.018235 
0.62802 0.018218 
0.62836 0.018202 
0.62870 0.018185 
0.62903 0.018168 
0.62937 0.018152 
0.62970 0.018136 
0.63004 0.018120 
0.63038 0.018104 
0.63071 0.018086 
0.63105 0.018070 
0.63138 0.018053 
0.63172 0.018037 
0.63206 0.018021 
0.63239 0.018004 
0.63273 0.017989 
0.63306 0.017973 
0.63340 0.017957 
0.63374 0.017940 
0.63407 0.017924 
0.63441 0.017908 
0.63474 0.017890 
0.63508 0.017874 
0.63542 0.017856 
0.63575 0.017840 
0.63609 0.017822 
0.63642 0.017806 
0.63676 0.017791 
0.63710 0.017776 
0.63743 0.017760 
0.63777 0.017745 
0.63810 0.017728 
0.63844 0.017712 
0.63878 0.017696 
0.63911 0.017679 
0.63945 0.017663 
0.63978 0.017646 
0.64012 0.017631 
0.64046 0.017614 
0.64079 0.017598 
0.64113 0.017582 
0.64147 0.017567 
0.64180 0.017552 
0.64214 0.017535 
0.64247 0.017520 
0.64281 0.017504 
0.64315 0.017488 
0.64348 0.017472 
0.64382 0.017456 
0.64415 0.017439 
0.64449 0.017423 
0.64483 0.017409 
0.64516 0.017394 
0.64550 0.017378 
0.64583 0.017362 
0.64617 0.017346 
0.64651 0.017330 
0.64684 0.017315 
0.64718 0.017300 
0.64751 0.017284 
0.64785 0.017269 
0.64819 0.017254 
0.64852 0.017239 
0.64886 0.017222 
0.64919 0.017207 
0.64953 0.017191 
0.64987 0.017176 
0.65020 0.017160 
0.65054 0.017144 
0.65087 0.017129 
0.65121 0.017114 
0.65155 0.017100 
0.65188 0.017084 
0.65222 0.017070 
0.65255 0.017056 
0.65289 0.017041 
0.65323 0.017026 
0.65356 0.017012 
0.65390 0.016997 
0.65423 0.016980 
0.65457 0.016964 
0.65491 0.016948 
0.65524 0.016933 
0.65558 0.016918 
0.65591 0.016903 
0.65625 0.016888 
0.65659 0.016873 
0.65692 0.016859 
0.65726 0.016845 
0.65759 0.016829 
0.65793 0.016815 
0.65827 0.016800 
0.65860 0.016784 
0.65894 0.016768 
0.65927 0.016753 
0.65961 0.016738 
0.65995 0.016724 
0.66028 0.016709 
0.66062 0.016693 
0.66095 0.016678 
0.66129 0.016663 
0.66163 0.016648 
0.66196 0.016634 
0.66230 0.016620 
0.66263 0.016605 
0.66297 0.016591 
0.66331 0.016576 
0.66364 0.016562 
0.66398 0.016548 
0.66431 0.016534 
0.66465 0.016520 
0.66499 0.016505 
0.66532 0.016491 
0.66566 0.016476 
0.66599 0.016461 
0.66633 0.016447 
0.66667 0.016432 
0.66700 0.016418 
0.66734 0.016403 
0.66767 0.016388 
0.66801 0.016375 
0.66835 0.016360 
0.66868 0.016346 
0.66902 0.016331 
0.66935 0.016317 
0.66969 0.016304 
0.67003 0.016289 
0.67036 0.016275 
0.67070 0.016261 
0.67103 0.016247 
0.67137 0.016233 
0.67171 0.016218 
0.67204 0.016204 
0.67238 0.016189 
0.67272 0.016177 
0.67305 0.016163 
0.67339 0.016149 
0.67372 0.016135 
0.67406 0.016121 
0.67440 0.016108 
0.67473 0.016094 
0.67507 0.016079 
0.67540 0.016064 
0.67574 0.016051 
0.67608 0.016037 
0.67641 0.016023 
0.67675 0.016009 
0.67708 0.015995 
0.67742 0.015982 
0.67776 0.015968 
0.67809 0.015955 
0.67843 0.015941 
0.67876 0.015925 
0.67910 0.015912 
0.67944 0.015898 
0.67977 0.015885 
0.68011 0.015871 
0.68044 0.015858 
0.68078 0.015844 
0.68112 0.015833 
0.68145 0.015819 
0.68179 0.015806 
0.68212 0.015792 
0.68246 0.015779 
0.68280 0.015766 
0.68313 0.015753 
0.68347 0.015739 
0.68380 0.015726 
0.68414 0.015712 
0.68448 0.015699 
0.68481 0.015686 
0.68515 0.015673 
0.68548 0.015659 
0.68582 0.015645 
0.68616 0.015632 
0.68649 0.015619 
0.68683 0.015606 
0.68716 0.015593 
0.68750 0.015580 
0.68784 0.015567 
0.68817 0.015553 
0.68851 0.015540 
0.68884 0.015526 
0.68918 0.015514 
0.68952 0.015500 
0.68985 0.015487 
0.69019 0.015474 
0.69052 0.015461 
0.69086 0.015448 
0.69120 0.015435 
0.69153 0.015422 
0.69187 0.015409 
0.69220 0.015396 
0.69254 0.015383 
0.69288 0.015370 
0.69321 0.015357 
0.69355 0.015343 
0.69388 0.015331 
0.69422 0.015317 
0.69456 0.015304 
0.69489 0.015292 
0.69523 0.015280 
0.69556 0.015267 
0.69590 0.015254 
0.69624 0.015241 
0.69657 0.015227 
0.69691 0.015214 
0.69724 0.015202 
0.69758 0.015189 
0.69792 0.015176 
0.69825 0.015164 
0.69859 0.015151 
0.69892 0.015138 
0.69926 0.015126 
0.69960 0.015113 
0.69993 0.015101 
0.70027 0.015087 
0.70060 0.015074 
0.70094 0.015061 
0.70128 0.015048 
0.70161 0.015036 
0.70195 0.015023 
0.70228 0.015011 
0.70262 0.014998 
0.70296 0.014985 
0.70329 0.014973 
0.70363 0.014960 
0.70397 0.014948 
0.70430 0.014935 
0.70464 0.014922 
0.70497 0.014910 
0.70531 0.014898 
0.70565 0.014886 
0.70598 0.014873 
0.70632 0.014861 
0.70665 0.014848 
0.70699 0.014835 
0.70733 0.014823 
0.70766 0.014811 
0.70800 0.014798 
0.70833 0.014785 
0.70867 0.014772 
0.70901 0.014760 
0.70934 0.014748 
0.70968 0.014736 
0.71001 0.014724 
0.71035 0.014712 
0.71069 0.014700 
0.71102 0.014688 
0.71136 0.014675 
0.71169 0.014663 
0.71203 0.014650 
0.71237 0.014638 
0.71270 0.014626 
0.71304 0.014614 
0.71337 0.014602 
0.71371 0.014590 
0.71405 0.014578 
0.71438 0.014566 
0.71472 0.014554 
0.71505 0.014542 
0.71539 0.014531 
0.71573 0.014519 
0.71606 0.014508 
0.71640 0.014496 
0.71673 0.014483 
0.71707 0.014472 
0.71741 0.014460 
0.71774 0.014449 
0.71808 0.014437 
0.71841 0.014425 
0.71875 0.014414 
0.71909 0.014403 
0.71942 0.014391 
0.71976 0.014379 
0.72009 0.014367 
0.72043 0.014355 
0.72077 0.014344 
0.72110 0.014332 
0.72144 0.014321 
0.72177 0.014309 
0.72211 0.014298 
0.72245 0.014286 
0.72278 0.014275 
0.72312 0.014263 
0.72345 0.014252 
0.72379 0.014240 
0.72413 0.014229 
0.72446 0.014217 
0.72480 0.014206 
0.72513 0.014194 
0.72547 0.014183 
0.72581 0.014172 
0.72614 0.014160 
0.72648 0.014149 
0.72681 0.014138 
0.72715 0.014126 
0.72749 0.014114 
0.72782 0.014102 
0.72816 0.014091 
0.72849 0.014080 
0.72883 0.014069 
0.72917 0.014058 
0.72950 0.014046 
0.72984 0.014035 
0.73017 0.014024 
0.73051 0.014014 
0.73085 0.014002 
0.73118 0.013991 
0.73152 0.013980 
0.73185 0.013969 
0.73219 0.013958 
0.73253 0.013947 
0.73286 0.013935 
0.73320 0.013924 
0.73353 0.013913 
0.73387 0.013902 
0.73421 0.013890 
0.73454 0.013879 
0.73488 0.013868 
0.73522 0.013856 
0.73555 0.013846 
0.73589 0.013834 
0.73622 0.013823 
0.73656 0.013812 
0.73690 0.013801 
0.73723 0.013790 
0.73757 0.013779 
0.73790 0.013768 
0.73824 0.013757 
0.73858 0.013747 
0.73891 0.013735 
0.73925 0.013724 
0.73958 0.013713 
0.73992 0.013703 
0.74026 0.013692 
0.74059 0.013681 
0.74093 0.013670 
0.74126 0.013659 
0.74160 0.013649 
0.74194 0.013638 
0.74227 0.013626 
0.74261 0.013616 
0.74294 0.013605 
0.74328 0.013594 
0.74362 0.013584 
0.74395 0.013573 
0.74429 0.013562 
0.74462 0.013551 
0.74496 0.013540 
0.74530 0.013530 
0.74563 0.013519 
0.74597 0.013508 
0.74630 0.013497 
0.74664 0.013487 
0.74698 0.013477 
0.74731 0.013466 
0.74765 0.013456 
0.74798 0.013445 
0.74832 0.013434 
0.74866 0.013424 
0.74899 0.013413 
0.74933 0.013403 
0.74966 0.013393 
0.75000 0.013383 
0.75034 0.013373 
0.75067 0.013361 
0.75101 0.013351 
0.75134 0.013340 
0.75168 0.013330 
0.75202 0.013319 
0.75235 0.013309 
0.75269 0.013299 
0.75302 0.013288 
0.75336 0.013277 
0.75370 0.013267 
0.75403 0.013257 
0.75437 0.013247 
0.75470 0.013236 
0.75504 0.013226 
0.75538 0.013216 
0.75571 0.013206 
0.75605 0.013195 
0.75638 0.013186 
0.75672 0.013176 
0.75706 0.013165 
0.75739 0.013155 
0.75773 0.013145 
0.75806 0.013135 
0.75840 0.013124 
0.75874 0.013113 
0.75907 0.013103 
0.75941 0.013093 
0.75974 0.013083 
0.76008 0.013072 
0.76042 0.013062 
0.76075 0.013052 
0.76109 0.013042 
0.76142 0.013032 
0.76176 0.013022 
0.76210 0.013012 
0.76243 0.013002 
0.76277 0.012993 
0.76310 0.012983 
0.76344 0.012972 
0.76378 0.012962 
0.76411 0.012952 
0.76445 0.012942 
0.76478 0.012932 
0.76512 0.012922 
0.76546 0.012912 
0.76579 0.012902 
0.76613 0.012893 
0.76647 0.012883 
0.76680 0.012874 
0.76714 0.012864 
0.76747 0.012854 
0.76781 0.012845 
0.76815 0.012835 
0.76848 0.012825 
0.76882 0.012816 
0.76915 0.012806 
0.76949 0.012796 
0.76983 0.012786 
0.77016 0.012776 
0.77050 0.012766 
0.77083 0.012757 
0.77117 0.012747 
0.77151 0.012738 
0.77184 0.012728 
0.77218 0.012718 
0.77251 0.012709 
0.77285 0.012699 
0.77319 0.012689 
0.77352 0.012679 
0.77386 0.012670 
0.77419 0.012659 
0.77453 0.012650 
0.77487 0.012640 
0.77520 0.012631 
0.77554 0.012621 
0.77587 0.012612 
0.77621 0.012602 
0.77655 0.012593 
0.77688 0.012583 
0.77722 0.012573 
0.77755 0.012563 
0.77789 0.012554 
0.77823 0.012544 
0.77856 0.012534 
0.77890 0.012524 
0.77923 0.012515 
0.77957 0.012505 
0.77991 0.012495 
0.78024 0.012486 
0.78058 0.012476 
0.78091 0.012466 
0.78125 0.012456 
0.78159 0.012446 
0.78192 0.012437 
0.78226 0.012428 
0.78259 0.012419 
0.78293 0.012409 
0.78327 0.012400 
0.78360 0.012391 
0.78394 0.012381 
0.78427 0.012372 
0.78461 0.012362 
0.78495 0.012353 
0.78528 0.012343 
0.78562 0.012334 
0.78595 0.012325 
0.78629 0.012315 
0.78663 0.012306 
0.78696 0.012297 
0.78730 0.012288 
0.78763 0.012278 
0.78797 0.012268 
0.78831 0.012259 
0.78864 0.012249 
0.78898 0.012240 
0.78931 0.012231 
0.78965 0.012222 
0.78999 0.012213 
0.79032 0.012204 
0.79066 0.012195 
0.79099 0.012185 
0.79133 0.012176 
0.79167 0.012167 
0.79200 0.012158 
0.79234 0.012149 
0.79267 0.012140 
0.79301 0.012130 
0.79335 0.012121 
0.79368 0.012112 
0.79402 0.012103 
0.79435 0.012094 
0.79469 0.012085 
0.79503 0.012075 
0.79536 0.012066 
0.79570 0.012057 
0.79603 0.012048 
0.79637 0.012039 
0.79671 0.012030 
0.79704 0.012021 
0.79738 0.012012 
0.79772 0.012002 
0.79805 0.011994 
0.79839 0.011985 
0.79872 0.011976 
0.79906 0.011967 
0.79940 0.011958 
0.79973 0.011949 
0.80007 0.011940 
0.80040 0.011932 
0.80074 0.011923 
0.80108 0.011914 
0.80141 0.011906 
0.80175 0.011897 
0.80208 0.011888 
0.80242 0.011879 
0.80276 0.011871 
0.80309 0.011862 
0.80343 0.011853 
0.80376 0.011844 
0.80410 0.011835 
0.80444 0.011826 
0.80477 0.011817 
0.80511 0.011808 
0.80544 0.011800 
0.80578 0.011791 
0.80612 0.011783 
0.80645 0.011774 
0.80679 0.011765 
0.80712 0.011756 
0.80746 0.011747 
0.80780 0.011739 
0.80813 0.011730 
0.80847 0.011721 
0.80880 0.011712 
0.80914 0.011704 
0.80948 0.011695 
0.80981 0.011687 
0.81015 0.011678 
0.81048 0.011669 
0.81082 0.011662 
0.81116 0.011653 
0.81149 0.011644 
0.81183 0.011636 
0.81216 0.011627 
0.81250 0.011619 
0.81284 0.011610 
0.81317 0.011601 
0.81351 0.011593 
0.81384 0.011585 
0.81418 0.011577 
0.81452 0.011569 
0.81485 0.011560 
0.81519 0.011552 
0.81552 0.011543 
0.81586 0.011535 
0.81620 0.011527 
0.81653 0.011519 
0.81687 0.011510 
0.81720 0.011502 
0.81754 0.011493 
0.81788 0.011485 
0.81821 0.011476 
0.81855 0.011468 
0.81888 0.011460 
0.81922 0.011451 
0.81956 0.011443 
0.81989 0.011434 
0.82023 0.011426 
0.82056 0.011417 
0.82090 0.011409 
0.82124 0.011400 
0.82157 0.011392 
0.82191 0.011384 
0.82224 0.011376 
0.82258 0.011368 
0.82292 0.011360 
0.82325 0.011351 
0.82359 0.011343 
0.82392 0.011335 
0.82426 0.011326 
0.82460 0.011318 
0.82493 0.011309 
0.82527 0.011301 
0.82560 0.011293 
0.82594 0.011285 
0.82628 0.011277 
0.82661 0.011268 
0.82695 0.011260 
0.82728 0.011252 
0.82762 0.011244 
0.82796 0.011235 
0.82829 0.011227 
0.82863 0.011219 
0.82897 0.011211 
0.82930 0.011203 
0.82964 0.011195 
0.82997 0.011186 
0.83031 0.011178 
0.83065 0.011170 
0.83098 0.011162 
0.83132 0.011154 
0.83165 0.011146 
0.83199 0.011138 
0.83233 0.011130 
0.83266 0.011122 
0.83300 0.011114 
0.83333 0.011106 
0.83367 0.011098 
0.83401 0.011090 
0.83434 0.011082 
0.83468 0.011074 
0.83501 0.011066 
0.83535 0.011058 
0.83569 0.011050 
0.83602 0.011042 
0.83636 0.011034 
0.83669 0.011027 
0.83703 0.011019 
0.83737 0.011011 
0.83770 0.011003 
0.83804 0.010995 
0.83837 0.010987 
0.83871 0.010979 
0.83905 0.010971 
0.83938 0.010964 
0.83972 0.010956 
0.84005 0.010948 
0.84039 0.010941 
0.84073 0.010933 
0.84106 0.010925 
0.84140 0.010918 
0.84173 0.010909 
0.84207 0.010902 
0.84241 0.010894 
0.84274 0.010886 
0.84308 0.010878 
0.84341 0.010871 
0.84375 0.010862 
0.84409 0.010855 
0.84442 0.010847 
0.84476 0.010840 
0.84509 0.010832 
0.84543 0.010824 
0.84577 0.010817 
0.84610 0.010809 
0.84644 0.010802 
0.84677 0.010794 
0.84711 0.010787 
0.84745 0.010779 
0.84778 0.010772 
0.84812 0.010764 
0.84845 0.010756 
0.84879 0.010748 
0.84913 0.010740 
0.84946 0.010732 
0.84980 0.010725 
0.85013 0.010717 
0.85047 0.010709 
0.85081 0.010702 
0.85114 0.010694 
0.85148 0.010686 
0.85181 0.010679 
0.85215 0.010671 
0.85249 0.010663 
0.85282 0.010655 
0.85316 0.010647 
0.85349 0.010639 
0.85383 0.010632 
0.85417 0.010624 
0.85450 0.010616 
0.85484 0.010609 
0.85517 0.010601 
0.85551 0.010593 
0.85585 0.010586 
0.85618 0.010578 
0.85652 0.010570 
0.85685 0.010563 
0.85719 0.010555 
0.85753 0.010548 
0.85786 0.010540 
0.85820 0.010533 
0.85853 0.010525 
0.85887 0.010518 
0.85921 0.010510 
0.85954 0.010503 
0.85988 0.010495 
0.86022 0.010488 
0.86055 0.010480 
0.86089 0.010473 
0.86122 0.010465 
0.86156 0.010458 
0.86190 0.010450 
0.86223 0.010443 
0.86257 0.010436 
0.86290 0.010428 
0.86324 0.010421 
0.86358 0.010414 
0.86391 0.010406 
0.86425 0.010399 
0.86458 0.010392 
0.86492 0.010385 
0.86526 0.010377 
0.86559 0.010369 
0.86593 0.010362 
0.86626 0.010355 
0.86660 0.010348 
0.86694 0.010340 
0.86727 0.010333 
0.86761 0.010325 
0.86794 0.010318 
0.86828 0.010311 
0.86862 0.010304 
0.86895 0.010296 
0.86929 0.010289 
0.86962 0.010282 
0.86996 0.010275 
0.87030 0.010268 
0.87063 0.010261 
0.87097 0.010253 
0.87130 0.010246 
0.87164 0.010239 
0.87198 0.010231 
0.87231 0.010224 
0.87265 0.010217 
0.87298 0.010210 
0.87332 0.010203 
0.87366 0.010195 
0.87399 0.010188 
0.87433 0.010181 
0.87466 0.010174 
0.87500 0.010167 
0.87534 0.010160 
0.87567 0.010153 
0.87601 0.010145 
0.87634 0.010138 
0.87668 0.010131 
0.87702 0.010124 
0.87735 0.010117 
0.87769 0.010109 
0.87802 0.010102 
0.87836 0.010095 
0.87870 0.010088 
0.87903 0.010081 
0.87937 0.010074 
0.87970 0.010067 
0.88004 0.010060 
0.88038 0.010053 
0.88071 0.010046 
0.88105 0.010039 
0.88138 0.010032 
0.88172 0.010025 
0.88206 0.010018 
0.88239 0.010011 
0.88273 0.010004 
0.88306 0.009997 
0.88340 0.009990 
0.88374 0.009983 
0.88407 0.009976 
0.88441 0.009969 
0.88474 0.009962 
0.88508 0.009955 
0.88542 0.009948 
0.88575 0.009941 
0.88609 0.009934 
0.88642 0.009927 
0.88676 0.009920 
0.88710 0.009914 
0.88743 0.009906 
0.88777 0.009900 
0.88810 0.009893 
0.88844 0.009886 
0.88878 0.009879 
0.88911 0.009872 
0.88945 0.009865 
0.88978 0.009858 
0.89012 0.009851 
0.89046 0.009844 
0.89079 0.009838 
0.89113 0.009831 
0.89147 0.009824 
0.89180 0.009817 
0.89214 0.009810 
0.89247 0.009803 
0.89281 0.009797 
0.89315 0.009790 
0.89348 0.009783 
0.89382 0.009776 
0.89415 0.009769 
0.89449 0.009762 
0.89483 0.009755 
0.89516 0.009748 
0.89550 0.009742 
0.89583 0.009735 
0.89617 0.009728 
0.89651 0.009722 
0.89684 0.009715 
0.89718 0.009708 
0.89751 0.009702 
0.89785 0.009695 
0.89819 0.009688 
0.89852 0.009682 
0.89886 0.009675 
0.89919 0.009668 
0.89953 0.009662 
0.89987 0.009655 
0.90020 0.009648 
0.90054 0.009642 
0.90087 0.009635 
0.90121 0.009628 
0.90155 0.009621 
0.90188 0.009615 
0.90222 0.009608 
0.90255 0.009602 
0.90289 0.009595 
0.90323 0.009588 
0.90356 0.009582 
0.90390 0.009576 
0.90423 0.009569 
0.90457 0.009562 
0.90491 0.009556 
0.90524 0.009549 
0.90558 0.009543 
0.90591 0.009536 
0.90625 0.009530 
0.90659 0.009523 
0.90692 0.009517 
0.90726 0.009510 
0.90759 0.009504 
0.90793 0.009497 
0.90827 0.009491 
0.90860 0.009484 
0.90894 0.009478 
0.90927 0.009471 
0.90961 0.009465 
0.90995 0.009458 
0.91028 0.009452 
0.91062 0.009445 
0.91095 0.009439 
0.91129 0.009432 
0.91163 0.009426 
0.91196 0.009419 
0.91230 0.009413 
0.91263 0.009407 
0.91297 0.009401 
0.91331 0.009394 
0.91364 0.009388 
0.91398 0.009382 
0.91431 0.009375 
0.91465 0.009369 
0.91499 0.009363 
0.91532 0.009356 
0.91566 0.009350 
0.91599 0.009344 
0.91633 0.009337 
0.91667 0.009331 
0.91700 0.009325 
0.91734 0.009319 
0.91767 0.009312 
0.91801 0.009306 
0.91835 0.009300 
0.91868 0.009294 
0.91902 0.009287 
0.91935 0.009281 
0.91969 0.009275 
0.92003 0.009269 
0.92036 0.009263 
0.92070 0.009256 
0.92103 0.009250 
0.92137 0.009244 
0.92171 0.009238 
0.92204 0.009232 
0.92238 0.009226 
0.92272 0.009219 
0.92305 0.009213 
0.92339 0.009207 
0.92372 0.009201 
0.92406 0.009195 
0.92440 0.009189 
0.92473 0.009182 
0.92507 0.009176 
0.92540 0.009170 
0.92574 0.009164 
0.92608 0.009158 
0.92641 0.009152 
0.92675 0.009146 
0.92708 0.009140 
0.92742 0.009134 
0.92776 0.009127 
0.92809 0.009121 
0.92843 0.009115 
0.92876 0.009109 
0.92910 0.009102 
0.92944 0.009096 
0.92977 0.009090 
0.93011 0.009083 
0.93044 0.009077 
0.93078 0.009071 
0.93112 0.009064 
0.93145 0.009058 
0.93179 0.009052 
0.93212 0.009046 
0.93246 0.009040 
0.93280 0.009034 
0.93313 0.009028 
0.93347 0.009021 
0.93380 0.009015 
0.93414 0.009009 
0.93448 0.009003 
0.93481 0.008997 
0.93515 0.008991 
0.93548 0.008984 
0.93582 0.008978 
0.93616 0.008972 
0.93649 0.008966 
0.93683 0.008960 
0.93716 0.008954 
0.93750 0.008948 
0.93784 0.008941 
0.93817 0.008935 
0.93851 0.008929 
0.93884 0.008923 
0.93918 0.008917 
0.93952 0.008911 
0.93985 0.008905 
0.94019 0.008899 
0.94052 0.008893 
0.94086 0.008887 
0.94120 0.008881 
0.94153 0.008875 
0.94187 0.008869 
0.94220 0.008863 
0.94254 0.008857 
0.94288 0.008851 
0.94321 0.008845 
0.94355 0.008839 
0.94388 0.008833 
0.94422 0.008827 
0.94456 0.008821 
0.94489 0.008815 
0.94523 0.008809 
0.94556 0.008803 
0.94590 0.008797 
0.94624 0.008791 
0.94657 0.008785 
0.94691 0.008779 
0.94724 0.008773 
0.94758 0.008767 
0.94792 0.008761 
0.94825 0.008755 
0.94859 0.008749 
0.94892 0.008743 
0.94926 0.008737 
0.94960 0.008731 
0.94993 0.008725 
0.95027 0.008720 
0.95060 0.008714 
0.95094 0.008708 
0.95128 0.008702 
0.95161 0.008696 
0.95195 0.008691 
0.95228 0.008685 
0.95262 0.008679 
0.95296 0.008673 
0.95329 0.008667 
0.95363 0.008661 
0.95397 0.008655 
0.95430 0.008650 
0.95464 0.008644 
0.95497 0.008638 
0.95531 0.008632 
0.95565 0.008627 
0.95598 0.008621 
0.95632 0.008615 
0.95665 0.008609 
0.95699 0.008604 
0.95733 0.008598 
0.95766 0.008592 
0.95800 0.008586 
0.95833 0.008581 
0.95867 0.008575 
0.95901 0.008569 
0.95934 0.008563 
0.95968 0.008558 
0.96001 0.008552 
0.96035 0.008546 
0.96069 0.008541 
0.96102 0.008535 
0.96136 0.008529 
0.96169 0.008524 
0.96203 0.008518 
0.96237 0.008512 
0.96270 0.008507 
0.96304 0.008501 
0.96337 0.008495 
0.96371 0.008490 
0.96405 0.008484 
0.96438 0.008479 
0.96472 0.008474 
0.96505 0.008468 
0.96539 0.008462 
0.96573 0.008457 
0.96606 0.008451 
0.96640 0.008446 
0.96673 0.008440 
0.96707 0.008434 
0.96741 0.008429 
0.96774 0.008424 
0.96808 0.008418 
0.96841 0.008413 
0.96875 0.008407 
0.96909 0.008401 
0.96942 0.008396 
0.96976 0.008390 
0.97009 0.008385 
0.97043 0.008379 
0.97077 0.008374 
0.97110 0.008368 
0.97144 0.008363 
0.97177 0.008357 
0.97211 0.008352 
0.97245 0.008346 
0.97278 0.008341 
0.97312 0.008335 
0.97345 0.008330 
0.97379 0.008324 
0.97413 0.008319 
0.97446 0.008313 
0.97480 0.008308 
0.97513 0.008303 
0.97547 0.008298 
0.97581 0.008292 
0.97614 0.008287 
0.97648 0.008281 
0.97681 0.008276 
0.97715 0.008270 
0.97749 0.008265 
0.97782 0.008259 
0.97816 0.008254 
0.97849 0.008248 
0.97883 0.008243 
0.97917 0.008238 
0.97950 0.008232 
0.97984 0.008227 
0.98017 0.008221 
0.98051 0.008216 
0.98085 0.008210 
0.98118 0.008205 
0.98152 0.008200 
0.98185 0.008194 
0.98219 0.008189 
0.98253 0.008184 
0.98286 0.008178 
0.98320 0.008173 
0.98353 0.008168 
0.98387 0.008162 
0.98421 0.008157 
0.98454 0.008152 
0.98488 0.008146 
0.98522 0.008141 
0.98555 0.008135 
0.98589 0.008130 
0.98622 0.008125 
0.98656 0.008119 
0.98690 0.008114 
0.98723 0.008109 
0.98757 0.008104 
0.98790 0.008098 
0.98824 0.008093 
0.98858 0.008088 
0.98891 0.008082 
0.98925 0.008077 
0.98958 0.008072 
0.98992 0.008067 
0.99026 0.008061 
0.99059 0.008056 
0.99093 0.008051 
0.99126 0.008046 
0.99160 0.008040 
0.99194 0.008035 
0.99227 0.008030 
0.99261 0.008025 
0.99294 0.008020 
0.99328 0.008014 
0.99362 0.008009 
0.99395 0.008004 
0.99429 0.007999 
0.99462 0.007994 
0.99496 0.007989 
0.99530 0.007983 
0.99563 0.007978 
0.99597 0.007973 
0.99630 0.007968 
0.99664 0.007963 
0.99698 0.007958 
0.99731 0.007952 
0.99765 0.007947 
0.99798 0.007942 
0.99832 0.007937 
0.99866 0.007932 
0.99899 0.007927 
0.99933 0.007922 
0.99966 0.007917 
1.00000 0.007912 
