1 1
0.00065 1.000000 
0.00097 1.000000 
0.00129 1.000000 
0.00161 1.000000 
0.00194 1.000000 
0.00226 1.000000 
0.00258 1.000000 
0.00291 1.000000 
0.00323 1.000000 
0.00355 1.000000 
0.00387 1.000000 
0.00420 1.000000 
0.00452 1.000000 
0.00484 1.000000 
0.00517 1.000000 
0.00549 1.000000 
0.00581 1.000000 
0.00613 1.000000 
0.00646 1.000000 
0.00678 1.000000 
0.00710 1.000000 
0.00743 1.000000 
0.00775 1.000000 
0.00807 1.000000 
0.00840 1.000000 
0.00872 1.000000 
0.00904 1.000000 
0.00936 1.000000 
0.00969 1.000000 
0.01001 1.000000 
0.01033 1.000000 
0.01066 1.000000 
0.01098 1.000000 
0.01130 1.000000 
0.01162 1.000000 
0.01195 1.000000 
0.01227 1.000000 
0.01259 1.000000 
0.01292 1.000000 
0.01324 1.000000 
0.01356 1.000000 
0.01388 1.000000 
0.01421 1.000000 
0.01453 1.000000 
0.01485 1.000000 
0.01518 1.000000 
0.01550 1.000000 
0.01582 1.000000 
0.01614 1.000000 
0.01647 1.000000 
0.01679 1.000000 
0.01711 1.000000 
0.01744 1.000000 
0.01776 1.000000 
0.01808 1.000000 
0.01840 1.000000 
0.01873 1.000000 
0.01905 1.000000 
0.01937 1.000000 
0.01970 1.000000 
0.02002 1.000000 
0.02034 1.000000 
0.02067 1.000000 
0.02099 1.000000 
0.02131 1.000000 
0.02163 1.000000 
0.02196 1.000000 
0.02228 1.000000 
0.02260 1.000000 
0.02293 1.000000 
0.02325 1.000000 
0.02357 1.000000 
0.02389 1.000000 
0.02422 1.000000 
0.02454 1.000000 
0.02486 1.000000 
0.02519 0.999334 
0.02551 0.999351 
0.02583 0.999367 
0.02615 0.999383 
0.02648 0.999097 
0.02680 0.999118 
0.02712 0.998853 
0.02745 0.998319 
0.02777 0.998358 
0.02809 0.997327 
0.02841 0.997126 
0.02874 0.996936 
0.02906 0.996504 
0.02938 0.996337 
0.02971 0.996178 
0.03003 0.995792 
0.03035 0.994967 
0.03067 0.994849 
0.03100 0.994518 
0.03132 0.994201 
0.03164 0.994319 
0.03197 0.994022 
0.03229 0.988687 
0.03261 0.988515 
0.03294 0.988546 
0.03326 0.987816 
0.03358 0.987864 
0.03390 0.986996 
0.03423 0.987062 
0.03455 0.986598 
0.03487 0.986154 
0.03520 0.985219 
0.03552 0.984320 
0.03584 0.983620 
0.03616 0.983752 
0.03649 0.983723 
0.03681 0.983388 
0.03713 0.981693 
0.03746 0.981259 
0.03778 0.981285 
0.03810 0.980298 
0.03842 0.979205 
0.03875 0.978852 
0.03907 0.977686 
0.03939 0.975478 
0.03972 0.973211 
0.04004 0.970365 
0.04036 0.968258 
0.04068 0.966857 
0.04101 0.965754 
0.04133 0.962598 
0.04165 0.960150 
0.04198 0.957662 
0.04230 0.953611 
0.04262 0.952348 
0.04294 0.951697 
0.04327 0.951184 
0.04359 0.950249 
0.04391 0.948911 
0.04424 0.947939 
0.04456 0.945943 
0.04488 0.944219 
0.04521 0.941418 
0.04553 0.940324 
0.04585 0.938068 
0.04617 0.936866 
0.04650 0.934441 
0.04682 0.933238 
0.04714 0.932357 
0.04747 0.930482 
0.04779 0.927376 
0.04811 0.926628 
0.04843 0.925190 
0.04876 0.920706 
0.04908 0.918961 
0.04940 0.914517 
0.04973 0.912147 
0.05005 0.911102 
0.05037 0.907610 
0.05069 0.904704 
0.05102 0.902201 
0.05134 0.898814 
0.05166 0.895362 
0.05199 0.893478 
0.05231 0.891879 
0.05263 0.890555 
0.05295 0.889196 
0.05328 0.886548 
0.05360 0.885506 
0.05392 0.884424 
0.05425 0.883020 
0.05457 0.880459 
0.05489 0.878663 
0.05521 0.878294 
0.05554 0.876581 
0.05586 0.875050 
0.05618 0.872567 
0.05651 0.871264 
0.05683 0.869481 
0.05715 0.866590 
0.05747 0.863518 
0.05780 0.861842 
0.05812 0.860149 
0.05844 0.858870 
0.05877 0.856414 
0.05909 0.854801 
0.05941 0.852221 
0.05974 0.851469 
0.06006 0.849579 
0.06038 0.846645 
0.06070 0.846171 
0.06103 0.844703 
0.06135 0.841994 
0.06167 0.839901 
0.06200 0.836115 
0.06232 0.833117 
0.06264 0.831259 
0.06296 0.828179 
0.06329 0.824961 
0.06361 0.822853 
0.06393 0.820951 
0.06426 0.817827 
0.06458 0.814472 
0.06490 0.811692 
0.06522 0.809615 
0.06555 0.805736 
0.06587 0.803101 
0.06619 0.799522 
0.06652 0.795596 
0.06684 0.792833 
0.06716 0.789391 
0.06748 0.785793 
0.06781 0.782228 
0.06813 0.779282 
0.06845 0.777072 
0.06878 0.774648 
0.06910 0.772586 
0.06942 0.770311 
0.06974 0.768217 
0.07007 0.766598 
0.07039 0.764258 
0.07071 0.761845 
0.07104 0.760315 
0.07136 0.758206 
0.07168 0.755575 
0.07201 0.754454 
0.07233 0.751722 
0.07265 0.749722 
0.07297 0.748161 
0.07330 0.746910 
0.07362 0.744416 
0.07394 0.742320 
0.07427 0.739130 
0.07459 0.736495 
0.07491 0.734027 
0.07523 0.731797 
0.07556 0.729284 
0.07588 0.726423 
0.07620 0.722539 
0.07653 0.720768 
0.07685 0.719108 
0.07717 0.716431 
0.07749 0.715167 
0.07782 0.713105 
0.07814 0.711533 
0.07846 0.709179 
0.07879 0.706301 
0.07911 0.704182 
0.07943 0.701178 
0.07975 0.699121 
0.08008 0.697662 
0.08040 0.695783 
0.08072 0.693815 
0.08105 0.692239 
0.08137 0.689306 
0.08169 0.687276 
0.08201 0.685288 
0.08234 0.682662 
0.08266 0.679167 
0.08298 0.676344 
0.08331 0.674328 
0.08363 0.672234 
0.08395 0.670300 
0.08428 0.668641 
0.08460 0.666784 
0.08492 0.664499 
0.08524 0.662807 
0.08557 0.661035 
0.08589 0.658874 
0.08621 0.656923 
0.08654 0.654425 
0.08686 0.651972 
0.08718 0.649732 
0.08750 0.647642 
0.08783 0.645621 
0.08815 0.642722 
0.08847 0.640892 
0.08880 0.639071 
0.08912 0.637470 
0.08944 0.634751 
0.08976 0.632808 
0.09009 0.630747 
0.09041 0.628853 
0.09073 0.626360 
0.09106 0.623785 
0.09138 0.621432 
0.09170 0.619544 
0.09202 0.617074 
0.09235 0.615164 
0.09267 0.612412 
0.09299 0.610458 
0.09332 0.608636 
0.09364 0.605465 
0.09396 0.602939 
0.09428 0.600763 
0.09461 0.598555 
0.09493 0.595760 
0.09525 0.593474 
0.09558 0.591686 
0.09590 0.589567 
0.09622 0.587847 
0.09655 0.585778 
0.09687 0.584192 
0.09719 0.581971 
0.09751 0.579569 
0.09784 0.577623 
0.09816 0.575886 
0.09848 0.574008 
0.09881 0.572035 
0.09913 0.569905 
0.09945 0.568510 
0.09977 0.566364 
0.10010 0.564025 
0.10042 0.562099 
0.10074 0.560351 
0.10107 0.558757 
0.10139 0.557294 
0.10171 0.555252 
0.10203 0.554008 
0.10236 0.551731 
0.10268 0.550106 
0.10300 0.548668 
0.10333 0.546826 
0.10365 0.544801 
0.10397 0.542598 
0.10429 0.540661 
0.10462 0.539521 
0.10494 0.537987 
0.10526 0.536876 
0.10559 0.534849 
0.10591 0.532949 
0.10623 0.531915 
0.10655 0.530644 
0.10688 0.529159 
0.10720 0.526863 
0.10752 0.525435 
0.10785 0.523368 
0.10817 0.521512 
0.10849 0.519581 
0.10881 0.517522 
0.10914 0.515390 
0.10946 0.513903 
0.10978 0.512424 
0.11011 0.510643 
0.11043 0.509166 
0.11075 0.507408 
0.11108 0.506017 
0.11140 0.504584 
0.11172 0.502672 
0.11204 0.501041 
0.11237 0.499536 
0.11269 0.497711 
0.11301 0.495686 
0.11334 0.494001 
0.11366 0.492457 
0.11398 0.491260 
0.11430 0.489941 
0.11463 0.488995 
0.11495 0.487704 
0.11527 0.485979 
0.11560 0.484453 
0.11592 0.482859 
0.11624 0.481043 
0.11656 0.479794 
0.11689 0.477985 
0.11721 0.476356 
0.11753 0.474798 
0.11786 0.473160 
0.11818 0.471413 
0.11850 0.469737 
0.11882 0.468472 
0.11915 0.467126 
0.11947 0.465758 
0.11979 0.464268 
0.12012 0.462974 
0.12044 0.461184 
0.12076 0.459879 
0.12108 0.458282 
0.12141 0.456766 
0.12173 0.455175 
0.12205 0.453890 
0.12238 0.452318 
0.12270 0.451076 
0.12302 0.449786 
0.12335 0.448324 
0.12367 0.446926 
0.12399 0.445510 
0.12431 0.443872 
0.12464 0.442312 
0.12496 0.440830 
0.12528 0.439290 
0.12561 0.437972 
0.12593 0.437058 
0.12625 0.435976 
0.12657 0.434522 
0.12690 0.433076 
0.12722 0.432518 
0.12754 0.431202 
0.12787 0.429932 
0.12819 0.429140 
0.12851 0.427794 
0.12883 0.426342 
0.12916 0.424975 
0.12948 0.423653 
0.12980 0.422240 
0.13013 0.420984 
0.13045 0.419551 
0.13077 0.418017 
0.13109 0.416895 
0.13142 0.415439 
0.13174 0.414270 
0.13206 0.412915 
0.13239 0.411545 
0.13271 0.410504 
0.13303 0.409302 
0.13335 0.407826 
0.13368 0.406546 
0.13400 0.405425 
0.13432 0.404310 
0.13465 0.403258 
0.13497 0.401879 
0.13529 0.400555 
0.13562 0.399489 
0.13594 0.398530 
0.13626 0.397474 
0.13658 0.396278 
0.13691 0.395267 
0.13723 0.394073 
0.13755 0.393019 
0.13788 0.392090 
0.13820 0.390761 
0.13852 0.389419 
0.13884 0.388302 
0.13917 0.386996 
0.13949 0.385999 
0.13981 0.384933 
0.14014 0.383680 
0.14046 0.382563 
0.14078 0.381440 
0.14110 0.380335 
0.14143 0.379236 
0.14175 0.377820 
0.14207 0.376734 
0.14240 0.375624 
0.14272 0.374663 
0.14304 0.373645 
0.14336 0.372349 
0.14369 0.371323 
0.14401 0.370293 
0.14433 0.369067 
0.14466 0.368049 
0.14498 0.366996 
0.14530 0.365999 
0.14562 0.364799 
0.14595 0.363842 
0.14627 0.362803 
0.14659 0.361924 
0.14692 0.360749 
0.14724 0.359427 
0.14756 0.358286 
0.14789 0.357114 
0.14821 0.356176 
0.14853 0.355196 
0.14885 0.353919 
0.14918 0.352856 
0.14950 0.351865 
0.14982 0.350823 
0.15015 0.349898 
0.15047 0.348922 
0.15079 0.347989 
0.15111 0.346721 
0.15144 0.345871 
0.15176 0.344817 
0.15208 0.343814 
0.15241 0.342771 
0.15273 0.341796 
0.15305 0.340657 
0.15337 0.339569 
0.15370 0.338682 
0.15402 0.337667 
0.15434 0.336658 
0.15467 0.335776 
0.15499 0.334864 
0.15531 0.333914 
0.15563 0.332951 
0.15596 0.332139 
0.15628 0.331015 
0.15660 0.330084 
0.15693 0.329142 
0.15725 0.327984 
0.15757 0.327044 
0.15789 0.326050 
0.15822 0.325337 
0.15854 0.324602 
0.15886 0.323738 
0.15919 0.322878 
0.15951 0.321998 
0.15983 0.321089 
0.16015 0.320153 
0.16048 0.319343 
0.16080 0.318473 
0.16112 0.317671 
0.16145 0.316577 
0.16177 0.315888 
0.16209 0.314964 
0.16242 0.314179 
0.16274 0.313240 
0.16306 0.312368 
0.16338 0.311470 
0.16371 0.310585 
0.16403 0.309735 
0.16435 0.308897 
0.16468 0.308040 
0.16500 0.307033 
0.16532 0.306224 
0.16564 0.305426 
0.16597 0.304602 
0.16629 0.303774 
0.16661 0.302822 
0.16694 0.302093 
0.16726 0.301323 
0.16758 0.300474 
0.16790 0.299689 
0.16823 0.298893 
0.16855 0.298071 
0.16887 0.297312 
0.16920 0.296528 
0.16952 0.295645 
0.16984 0.294746 
0.17016 0.293959 
0.17049 0.293270 
0.17081 0.292598 
0.17113 0.291800 
0.17146 0.290943 
0.17178 0.290012 
0.17210 0.289184 
0.17242 0.288474 
0.17275 0.287668 
0.17307 0.286930 
0.17339 0.286090 
0.17372 0.285290 
0.17404 0.284549 
0.17436 0.283797 
0.17469 0.283036 
0.17501 0.282230 
0.17533 0.281421 
0.17565 0.280570 
0.17598 0.279830 
0.17630 0.279134 
0.17662 0.278455 
0.17695 0.277799 
0.17727 0.277106 
0.17759 0.276370 
0.17791 0.275624 
0.17824 0.274922 
0.17856 0.274255 
0.17888 0.273507 
0.17921 0.272905 
0.17953 0.272124 
0.17985 0.271399 
0.18017 0.270580 
0.18050 0.269869 
0.18082 0.269116 
0.18114 0.268265 
0.18147 0.267443 
0.18179 0.266746 
0.18211 0.266109 
0.18243 0.265468 
0.18276 0.264786 
0.18308 0.264126 
0.18340 0.263482 
0.18373 0.262773 
0.18405 0.262085 
0.18437 0.261376 
0.18469 0.260682 
0.18502 0.259937 
0.18534 0.259311 
0.18566 0.258591 
0.18599 0.257965 
0.18631 0.257342 
0.18663 0.256715 
0.18696 0.256037 
0.18728 0.255417 
0.18760 0.254751 
0.18792 0.254077 
0.18825 0.253423 
0.18857 0.252767 
0.18889 0.252107 
0.18922 0.251515 
0.18954 0.250839 
0.18986 0.250200 
0.19018 0.249500 
0.19051 0.248816 
0.19083 0.248094 
0.19115 0.247473 
0.19148 0.246929 
0.19180 0.246325 
0.19212 0.245701 
0.19244 0.245074 
0.19277 0.244511 
0.19309 0.243912 
0.19341 0.243315 
0.19374 0.242721 
0.19406 0.242069 
0.19438 0.241491 
0.19470 0.240883 
0.19503 0.240245 
0.19535 0.239675 
0.19567 0.239048 
0.19600 0.238477 
0.19632 0.237921 
0.19664 0.237409 
0.19696 0.236798 
0.19729 0.236232 
0.19761 0.235610 
0.19793 0.235001 
0.19826 0.234400 
0.19858 0.233807 
0.19890 0.233222 
0.19923 0.232687 
0.19955 0.232076 
0.19987 0.231514 
0.20019 0.230919 
0.20052 0.230404 
0.20084 0.229828 
0.20116 0.229323 
0.20149 0.228789 
0.20181 0.228256 
0.20213 0.227737 
0.20245 0.227178 
0.20278 0.226541 
0.20310 0.226008 
0.20342 0.225518 
0.20375 0.224969 
0.20407 0.224473 
0.20439 0.223919 
0.20471 0.223397 
0.20504 0.222907 
0.20536 0.222394 
0.20568 0.221893 
0.20601 0.221335 
0.20633 0.220775 
0.20665 0.220295 
0.20697 0.219813 
0.20730 0.219254 
0.20762 0.218786 
0.20794 0.218270 
0.20827 0.217699 
0.20859 0.217184 
0.20891 0.216666 
0.20923 0.216121 
0.20956 0.215645 
0.20988 0.215162 
0.21020 0.214671 
0.21053 0.214126 
0.21085 0.213597 
0.21117 0.213135 
0.21149 0.212653 
0.21182 0.212204 
0.21214 0.211698 
0.21246 0.211207 
0.21279 0.210737 
0.21311 0.210259 
0.21343 0.209788 
0.21376 0.209314 
0.21408 0.208792 
0.21440 0.208322 
0.21472 0.207840 
0.21505 0.207343 
0.21537 0.206856 
0.21569 0.206412 
0.21602 0.205951 
0.21634 0.205417 
0.21666 0.204925 
0.21698 0.204474 
0.21731 0.204004 
0.21763 0.203562 
0.21795 0.203134 
0.21828 0.202700 
0.21860 0.202241 
0.21892 0.201810 
0.21924 0.201324 
0.21957 0.200840 
0.21989 0.200384 
0.22021 0.199943 
0.22054 0.199465 
0.22086 0.198959 
0.22118 0.198489 
0.22150 0.198008 
0.22183 0.197534 
0.22215 0.197061 
0.22247 0.196590 
0.22280 0.196176 
0.22312 0.195734 
0.22344 0.195277 
0.22376 0.194793 
0.22409 0.194377 
0.22441 0.193934 
0.22473 0.193476 
0.22506 0.193019 
0.22538 0.192614 
0.22570 0.192149 
0.22603 0.191723 
0.22635 0.191290 
0.22667 0.190826 
0.22699 0.190425 
0.22732 0.189985 
0.22764 0.189511 
0.22796 0.189094 
0.22829 0.188712 
0.22861 0.188263 
0.22893 0.187835 
0.22925 0.187441 
0.22958 0.187021 
0.22990 0.186630 
0.23022 0.186256 
0.23055 0.185852 
0.23087 0.185430 
0.23119 0.185037 
0.23151 0.184619 
0.23184 0.184186 
0.23216 0.183790 
0.23248 0.183372 
0.23281 0.182944 
0.23313 0.182595 
0.23345 0.182258 
0.23377 0.181839 
0.23410 0.181471 
0.23442 0.181119 
0.23474 0.180693 
0.23507 0.180291 
0.23539 0.179849 
0.23571 0.179476 
0.23603 0.179098 
0.23636 0.178695 
0.23668 0.178300 
0.23700 0.177933 
0.23733 0.177579 
0.23765 0.177211 
0.23797 0.176826 
0.23830 0.176431 
0.23862 0.176067 
0.23894 0.175683 
0.23926 0.175282 
0.23959 0.174948 
0.23991 0.174585 
0.24023 0.174214 
0.24056 0.173847 
0.24088 0.173500 
0.24120 0.173190 
0.24152 0.172780 
0.24185 0.172426 
0.24217 0.172062 
0.24249 0.171696 
0.24282 0.171332 
0.24314 0.171000 
0.24346 0.170631 
0.24378 0.170299 
0.24411 0.169953 
0.24443 0.169585 
0.24475 0.169242 
0.24508 0.168904 
0.24540 0.168556 
0.24572 0.168203 
0.24604 0.167851 
0.24637 0.167515 
0.24669 0.167169 
0.24701 0.166841 
0.24734 0.166508 
0.24766 0.166142 
0.24798 0.165825 
0.24830 0.165485 
0.24863 0.165126 
0.24895 0.164748 
0.24927 0.164422 
0.24960 0.164057 
0.24992 0.163750 
0.25024 0.163414 
0.25057 0.163073 
0.25089 0.162749 
0.25121 0.162427 
0.25153 0.162112 
0.25186 0.161736 
0.25218 0.161433 
0.25250 0.161093 
0.25283 0.160733 
0.25315 0.160411 
0.25347 0.160116 
0.25379 0.159787 
0.25412 0.159436 
0.25444 0.159112 
0.25476 0.158766 
0.25509 0.158428 
0.25541 0.158127 
0.25573 0.157795 
0.25605 0.157502 
0.25638 0.157159 
0.25670 0.156824 
0.25702 0.156515 
0.25735 0.156173 
0.25767 0.155860 
0.25799 0.155567 
0.25831 0.155238 
0.25864 0.154913 
0.25896 0.154601 
0.25928 0.154272 
0.25961 0.153956 
0.25993 0.153660 
0.26025 0.153334 
0.26057 0.153031 
0.26090 0.152723 
0.26122 0.152398 
0.26154 0.152098 
0.26187 0.151768 
0.26219 0.151455 
0.26251 0.151149 
0.26284 0.150829 
0.26316 0.150522 
0.26348 0.150226 
0.26380 0.149930 
0.26413 0.149611 
0.26445 0.149323 
0.26477 0.149022 
0.26510 0.148757 
0.26542 0.148439 
0.26574 0.148152 
0.26606 0.147861 
0.26639 0.147540 
0.26671 0.147260 
0.26703 0.146962 
0.26736 0.146698 
0.26768 0.146414 
0.26800 0.146136 
0.26832 0.145863 
0.26865 0.145559 
0.26897 0.145249 
0.26929 0.144953 
0.26962 0.144678 
0.26994 0.144383 
0.27026 0.144129 
0.27058 0.143851 
0.27091 0.143568 
0.27123 0.143277 
0.27155 0.143016 
0.27188 0.142744 
0.27220 0.142487 
0.27252 0.142219 
0.27284 0.141961 
0.27317 0.141693 
0.27349 0.141411 
0.27381 0.141170 
0.27414 0.140904 
0.27446 0.140636 
0.27478 0.140341 
0.27510 0.140070 
0.27543 0.139799 
0.27575 0.139543 
0.27607 0.139299 
0.27640 0.139050 
0.27672 0.138780 
0.27704 0.138527 
0.27737 0.138289 
0.27769 0.138040 
0.27801 0.137758 
0.27833 0.137500 
0.27866 0.137243 
0.27898 0.137003 
0.27930 0.136759 
0.27963 0.136494 
0.27995 0.136256 
0.28027 0.136006 
0.28059 0.135767 
0.28092 0.135524 
0.28124 0.135257 
0.28156 0.135021 
0.28189 0.134785 
0.28221 0.134529 
0.28253 0.134266 
0.28285 0.134009 
0.28318 0.133756 
0.28350 0.133505 
0.28382 0.133261 
0.28415 0.133002 
0.28447 0.132747 
0.28479 0.132510 
0.28511 0.132251 
0.28544 0.131998 
0.28576 0.131746 
0.28608 0.131505 
0.28641 0.131246 
0.28673 0.131009 
0.28705 0.130778 
0.28737 0.130532 
0.28770 0.130312 
0.28802 0.130067 
0.28834 0.129831 
0.28867 0.129584 
0.28899 0.129359 
0.28931 0.129125 
0.28964 0.128892 
0.28996 0.128664 
0.29028 0.128428 
0.29060 0.128204 
0.29093 0.127954 
0.29125 0.127729 
0.29157 0.127481 
0.29190 0.127248 
0.29222 0.127025 
0.29254 0.126779 
0.29286 0.126543 
0.29319 0.126308 
0.29351 0.126108 
0.29383 0.125867 
0.29416 0.125639 
0.29448 0.125421 
0.29480 0.125187 
0.29512 0.124947 
0.29545 0.124705 
0.29577 0.124485 
0.29609 0.124266 
0.29642 0.124045 
0.29674 0.123832 
0.29706 0.123603 
0.29738 0.123380 
0.29771 0.123150 
0.29803 0.122942 
0.29835 0.122708 
0.29868 0.122483 
0.29900 0.122265 
0.29932 0.122029 
0.29964 0.121801 
0.29997 0.121587 
0.30029 0.121386 
0.30061 0.121165 
0.30094 0.120932 
0.30126 0.120710 
0.30158 0.120490 
0.30191 0.120269 
0.30223 0.120063 
0.30255 0.119847 
0.30287 0.119637 
0.30320 0.119419 
0.30352 0.119215 
0.30384 0.118995 
0.30417 0.118776 
0.30449 0.118556 
0.30481 0.118361 
0.30513 0.118160 
0.30546 0.117946 
0.30578 0.117730 
0.30610 0.117529 
0.30643 0.117323 
0.30675 0.117132 
0.30707 0.116925 
0.30739 0.116721 
0.30772 0.116525 
0.30804 0.116314 
0.30836 0.116103 
0.30869 0.115889 
0.30901 0.115681 
0.30933 0.115470 
0.30965 0.115269 
0.30998 0.115076 
0.31030 0.114883 
0.31062 0.114689 
0.31095 0.114492 
0.31127 0.114300 
0.31159 0.114106 
0.31191 0.113919 
0.31224 0.113732 
0.31256 0.113534 
0.31288 0.113331 
0.31321 0.113145 
0.31353 0.112963 
0.31385 0.112777 
0.31418 0.112587 
0.31450 0.112392 
0.31482 0.112178 
0.31514 0.111988 
0.31547 0.111799 
0.31579 0.111595 
0.31611 0.111399 
0.31644 0.111213 
0.31676 0.111042 
0.31708 0.110858 
0.31740 0.110661 
0.31773 0.110474 
0.31805 0.110295 
0.31837 0.110110 
0.31870 0.109928 
0.31902 0.109738 
0.31934 0.109555 
0.31966 0.109377 
0.31999 0.109195 
0.32031 0.109009 
0.32063 0.108822 
0.32096 0.108646 
0.32128 0.108472 
0.32160 0.108297 
0.32192 0.108111 
0.32225 0.107929 
0.32257 0.107757 
0.32289 0.107574 
0.32322 0.107397 
0.32354 0.107198 
0.32386 0.107012 
0.32418 0.106843 
0.32451 0.106662 
0.32483 0.106489 
0.32515 0.106315 
0.32548 0.106132 
0.32580 0.105967 
0.32612 0.105783 
0.32644 0.105613 
0.32677 0.105431 
0.32709 0.105254 
0.32741 0.105086 
0.32774 0.104912 
0.32806 0.104734 
0.32838 0.104559 
0.32871 0.104390 
0.32903 0.104216 
0.32935 0.104043 
0.32967 0.103874 
0.33000 0.103709 
0.33032 0.103552 
0.33064 0.103374 
0.33097 0.103203 
0.33129 0.103029 
0.33161 0.102858 
0.33193 0.102692 
0.33226 0.102523 
0.33258 0.102356 
0.33290 0.102176 
0.33323 0.102012 
0.33355 0.101843 
0.33387 0.101681 
0.33419 0.101513 
0.33452 0.101345 
0.33484 0.101181 
0.33516 0.101020 
0.33549 0.100857 
0.33581 0.100685 
0.33613 0.100521 
0.33645 0.100350 
0.33678 0.100195 
0.33710 0.100039 
0.33742 0.099872 
0.33775 0.099708 
0.33807 0.099560 
0.33839 0.099412 
0.33871 0.099253 
0.33904 0.099104 
0.33936 0.098957 
0.33968 0.098800 
0.34001 0.098635 
0.34033 0.098481 
0.34065 0.098325 
0.34098 0.098169 
0.34130 0.098003 
0.34162 0.097844 
0.34194 0.097692 
0.34227 0.097532 
0.34259 0.097373 
0.34291 0.097222 
0.34324 0.097066 
0.34356 0.096924 
0.34388 0.096768 
0.34420 0.096615 
0.34453 0.096464 
0.34485 0.096323 
0.34517 0.096175 
0.34550 0.096016 
0.34582 0.095868 
0.34614 0.095714 
0.34646 0.095570 
0.34679 0.095425 
0.34711 0.095275 
0.34743 0.095124 
0.34776 0.094973 
0.34808 0.094826 
0.34840 0.094676 
0.34872 0.094529 
0.34905 0.094384 
0.34937 0.094236 
0.34969 0.094089 
0.35002 0.093941 
0.35034 0.093802 
0.35066 0.093651 
0.35098 0.093508 
0.35131 0.093366 
0.35163 0.093220 
0.35195 0.093079 
0.35228 0.092937 
0.35260 0.092797 
0.35292 0.092658 
0.35325 0.092505 
0.35357 0.092363 
0.35389 0.092222 
0.35421 0.092088 
0.35454 0.091953 
0.35486 0.091812 
0.35518 0.091673 
0.35551 0.091528 
0.35583 0.091384 
0.35615 0.091241 
0.35647 0.091104 
0.35680 0.090965 
0.35712 0.090820 
0.35744 0.090681 
0.35777 0.090543 
0.35809 0.090409 
0.35841 0.090279 
0.35873 0.090137 
0.35906 0.090006 
0.35938 0.089875 
0.35970 0.089736 
0.36003 0.089607 
0.36035 0.089472 
0.36067 0.089336 
0.36099 0.089199 
0.36132 0.089057 
0.36164 0.088923 
0.36196 0.088790 
0.36229 0.088662 
0.36261 0.088541 
0.36293 0.088412 
0.36325 0.088286 
0.36358 0.088156 
0.36390 0.088024 
0.36422 0.087878 
0.36455 0.087751 
0.36487 0.087622 
0.36519 0.087494 
0.36552 0.087363 
0.36584 0.087234 
0.36616 0.087103 
0.36648 0.086970 
0.36681 0.086840 
0.36713 0.086710 
0.36745 0.086577 
0.36778 0.086452 
0.36810 0.086321 
0.36842 0.086200 
0.36874 0.086068 
0.36907 0.085935 
0.36939 0.085814 
0.36971 0.085680 
0.37004 0.085553 
0.37036 0.085433 
0.37068 0.085310 
0.37100 0.085188 
0.37133 0.085071 
0.37165 0.084947 
0.37197 0.084818 
0.37230 0.084688 
0.37262 0.084561 
0.37294 0.084439 
0.37326 0.084321 
0.37359 0.084195 
0.37391 0.084070 
0.37423 0.083948 
0.37456 0.083827 
0.37488 0.083711 
0.37520 0.083592 
0.37552 0.083466 
0.37585 0.083341 
0.37617 0.083219 
0.37649 0.083098 
0.37682 0.082978 
0.37714 0.082868 
0.37746 0.082743 
0.37778 0.082616 
0.37811 0.082489 
0.37843 0.082372 
0.37875 0.082250 
0.37908 0.082125 
0.37940 0.082008 
0.37972 0.081890 
0.38005 0.081767 
0.38037 0.081654 
0.38069 0.081543 
0.38101 0.081426 
0.38134 0.081314 
0.38166 0.081195 
0.38198 0.081087 
0.38231 0.080970 
0.38263 0.080863 
0.38295 0.080741 
0.38327 0.080629 
0.38360 0.080513 
0.38392 0.080397 
0.38424 0.080286 
0.38457 0.080173 
0.38489 0.080055 
0.38521 0.079942 
0.38553 0.079826 
0.38586 0.079711 
0.38618 0.079593 
0.38650 0.079480 
0.38683 0.079365 
0.38715 0.079248 
0.38747 0.079140 
0.38779 0.079029 
0.38812 0.078915 
0.38844 0.078809 
0.38876 0.078700 
0.38909 0.078591 
0.38941 0.078479 
0.38973 0.078375 
0.39005 0.078267 
0.39038 0.078160 
0.39070 0.078047 
0.39102 0.077936 
0.39135 0.077828 
0.39167 0.077713 
0.39199 0.077604 
0.39232 0.077499 
0.39264 0.077385 
0.39296 0.077280 
0.39328 0.077170 
0.39361 0.077067 
0.39393 0.076966 
0.39425 0.076856 
0.39458 0.076750 
0.39490 0.076646 
0.39522 0.076546 
0.39554 0.076441 
0.39587 0.076341 
0.39619 0.076231 
0.39651 0.076121 
0.39684 0.076011 
0.39716 0.075898 
0.39748 0.075798 
0.39780 0.075695 
0.39813 0.075593 
0.39845 0.075490 
0.39877 0.075382 
0.39910 0.075281 
0.39942 0.075185 
0.39974 0.075079 
0.40006 0.074971 
0.40039 0.074867 
0.40071 0.074763 
0.40103 0.074663 
0.40136 0.074568 
0.40168 0.074470 
0.40200 0.074363 
0.40232 0.074267 
0.40265 0.074168 
0.40297 0.074060 
0.40329 0.073963 
0.40362 0.073860 
0.40394 0.073757 
0.40426 0.073654 
0.40459 0.073553 
0.40491 0.073454 
0.40523 0.073358 
0.40555 0.073266 
0.40588 0.073169 
0.40620 0.073067 
0.40652 0.072969 
0.40685 0.072865 
0.40717 0.072768 
0.40749 0.072668 
0.40781 0.072574 
0.40814 0.072480 
0.40846 0.072378 
0.40878 0.072281 
0.40911 0.072186 
0.40943 0.072087 
0.40975 0.071991 
0.41007 0.071892 
0.41040 0.071793 
0.41072 0.071686 
0.41104 0.071581 
0.41137 0.071485 
0.41169 0.071390 
0.41201 0.071294 
0.41233 0.071198 
0.41266 0.071100 
0.41298 0.070998 
0.41330 0.070905 
0.41363 0.070810 
0.41395 0.070718 
0.41427 0.070621 
0.41459 0.070524 
0.41492 0.070429 
0.41524 0.070333 
0.41556 0.070239 
0.41589 0.070150 
0.41621 0.070050 
0.41653 0.069957 
0.41686 0.069864 
0.41718 0.069772 
0.41750 0.069680 
0.41782 0.069586 
0.41815 0.069493 
0.41847 0.069402 
0.41879 0.069312 
0.41912 0.069214 
0.41944 0.069129 
0.41976 0.069039 
0.42008 0.068951 
0.42041 0.068859 
0.42073 0.068772 
0.42105 0.068683 
0.42138 0.068589 
0.42170 0.068495 
0.42202 0.068400 
0.42234 0.068310 
0.42267 0.068220 
0.42299 0.068131 
0.42331 0.068043 
0.42364 0.067956 
0.42396 0.067870 
0.42428 0.067785 
0.42460 0.067692 
0.42493 0.067602 
0.42525 0.067517 
0.42557 0.067428 
0.42590 0.067337 
0.42622 0.067251 
0.42654 0.067168 
0.42686 0.067077 
0.42719 0.066993 
0.42751 0.066906 
0.42783 0.066822 
0.42816 0.066734 
0.42848 0.066651 
0.42880 0.066561 
0.42912 0.066474 
0.42945 0.066385 
0.42977 0.066298 
0.43009 0.066215 
0.43042 0.066131 
0.43074 0.066047 
0.43106 0.065964 
0.43139 0.065881 
0.43171 0.065798 
0.43203 0.065712 
0.43235 0.065628 
0.43268 0.065539 
0.43300 0.065460 
0.43332 0.065378 
0.43365 0.065295 
0.43397 0.065210 
0.43429 0.065129 
0.43461 0.065047 
0.43494 0.064964 
0.43526 0.064882 
0.43558 0.064802 
0.43591 0.064722 
0.43623 0.064637 
0.43655 0.064552 
0.43687 0.064466 
0.43720 0.064386 
0.43752 0.064304 
0.43784 0.064224 
0.43817 0.064146 
0.43849 0.064066 
0.43881 0.063984 
0.43913 0.063900 
0.43946 0.063825 
0.43978 0.063742 
0.44010 0.063663 
0.44043 0.063579 
0.44075 0.063503 
0.44107 0.063424 
0.44139 0.063348 
0.44172 0.063271 
0.44204 0.063189 
0.44236 0.063110 
0.44269 0.063034 
0.44301 0.062953 
0.44333 0.062877 
0.44366 0.062798 
0.44398 0.062719 
0.44430 0.062646 
0.44462 0.062564 
0.44495 0.062488 
0.44527 0.062410 
0.44559 0.062329 
0.44592 0.062251 
0.44624 0.062176 
0.44656 0.062094 
0.44688 0.062016 
0.44721 0.061942 
0.44753 0.061867 
0.44785 0.061791 
0.44818 0.061714 
0.44850 0.061638 
0.44882 0.061562 
0.44914 0.061483 
0.44947 0.061403 
0.44979 0.061327 
0.45011 0.061249 
0.45044 0.061171 
0.45076 0.061097 
0.45108 0.061018 
0.45140 0.060945 
0.45173 0.060867 
0.45205 0.060792 
0.45237 0.060716 
0.45270 0.060641 
0.45302 0.060565 
0.45334 0.060495 
0.45366 0.060421 
0.45399 0.060346 
0.45431 0.060274 
0.45463 0.060199 
0.45496 0.060127 
0.45528 0.060056 
0.45560 0.059984 
0.45593 0.059912 
0.45625 0.059841 
0.45657 0.059768 
0.45689 0.059696 
0.45722 0.059624 
0.45754 0.059553 
0.45786 0.059484 
0.45819 0.059409 
0.45851 0.059336 
0.45883 0.059265 
0.45915 0.059191 
0.45948 0.059115 
0.45980 0.059044 
0.46012 0.058973 
0.46045 0.058905 
0.46077 0.058833 
0.46109 0.058763 
0.46141 0.058692 
0.46174 0.058622 
0.46206 0.058552 
0.46238 0.058477 
0.46271 0.058410 
0.46303 0.058338 
0.46335 0.058265 
0.46367 0.058198 
0.46400 0.058126 
0.46432 0.058056 
0.46464 0.057990 
0.46497 0.057922 
0.46529 0.057855 
0.46561 0.057789 
0.46593 0.057721 
0.46626 0.057653 
0.46658 0.057587 
0.46690 0.057514 
0.46723 0.057446 
0.46755 0.057373 
0.46787 0.057304 
0.46820 0.057235 
0.46852 0.057167 
0.46884 0.057097 
0.46916 0.057027 
0.46949 0.056959 
0.46981 0.056895 
0.47013 0.056828 
0.47046 0.056762 
0.47078 0.056696 
0.47110 0.056630 
0.47142 0.056566 
0.47175 0.056501 
0.47207 0.056432 
0.47239 0.056363 
0.47272 0.056293 
0.47304 0.056227 
0.47336 0.056163 
0.47368 0.056095 
0.47401 0.056028 
0.47433 0.055959 
0.47465 0.055896 
0.47498 0.055833 
0.47530 0.055768 
0.47562 0.055704 
0.47594 0.055640 
0.47627 0.055575 
0.47659 0.055513 
0.47691 0.055449 
0.47724 0.055382 
0.47756 0.055314 
0.47788 0.055253 
0.47820 0.055186 
0.47853 0.055121 
0.47885 0.055058 
0.47917 0.054996 
0.47950 0.054931 
0.47982 0.054871 
0.48014 0.054806 
0.48046 0.054743 
0.48079 0.054678 
0.48111 0.054613 
0.48143 0.054551 
0.48176 0.054489 
0.48208 0.054429 
0.48240 0.054364 
0.48273 0.054299 
0.48305 0.054239 
0.48337 0.054174 
0.48369 0.054116 
0.48402 0.054053 
0.48434 0.053990 
0.48466 0.053928 
0.48499 0.053862 
0.48531 0.053802 
0.48563 0.053744 
0.48595 0.053681 
0.48628 0.053619 
0.48660 0.053558 
0.48692 0.053497 
0.48725 0.053434 
0.48757 0.053375 
0.48789 0.053317 
0.48821 0.053258 
0.48854 0.053200 
0.48886 0.053141 
0.48918 0.053083 
0.48951 0.053021 
0.48983 0.052960 
0.49015 0.052903 
0.49047 0.052847 
0.49080 0.052787 
0.49112 0.052731 
0.49144 0.052670 
0.49177 0.052612 
0.49209 0.052556 
0.49241 0.052498 
0.49273 0.052438 
0.49306 0.052377 
0.49338 0.052317 
0.49370 0.052258 
0.49403 0.052199 
0.49435 0.052140 
0.49467 0.052085 
0.49500 0.052028 
0.49532 0.051969 
0.49564 0.051911 
0.49596 0.051858 
0.49629 0.051800 
0.49661 0.051746 
0.49693 0.051690 
0.49726 0.051633 
0.49758 0.051577 
0.49790 0.051520 
0.49822 0.051463 
0.49855 0.051405 
0.49887 0.051351 
0.49919 0.051292 
0.49952 0.051236 
0.49984 0.051178 
0.50016 0.051120 
0.50048 0.051065 
0.50081 0.051008 
0.50113 0.050948 
0.50145 0.050893 
0.50178 0.050837 
0.50210 0.050782 
0.50242 0.050730 
0.50274 0.050676 
0.50307 0.050617 
0.50339 0.050559 
0.50371 0.050507 
0.50404 0.050454 
0.50436 0.050400 
0.50468 0.050343 
0.50500 0.050286 
0.50533 0.050228 
0.50565 0.050170 
0.50597 0.050117 
0.50630 0.050062 
0.50662 0.050008 
0.50694 0.049954 
0.50727 0.049900 
0.50759 0.049846 
0.50791 0.049793 
0.50823 0.049737 
0.50856 0.049682 
0.50888 0.049626 
0.50920 0.049570 
0.50953 0.049517 
0.50985 0.049463 
0.51017 0.049411 
0.51049 0.049360 
0.51082 0.049307 
0.51114 0.049251 
0.51146 0.049198 
0.51179 0.049140 
0.51211 0.049086 
0.51243 0.049033 
0.51275 0.048980 
0.51308 0.048925 
0.51340 0.048873 
0.51372 0.048822 
0.51405 0.048769 
0.51437 0.048717 
0.51469 0.048666 
0.51501 0.048614 
0.51534 0.048564 
0.51566 0.048514 
0.51598 0.048458 
0.51631 0.048407 
0.51663 0.048355 
0.51695 0.048303 
0.51727 0.048252 
0.51760 0.048201 
0.51792 0.048151 
0.51824 0.048102 
0.51857 0.048050 
0.51889 0.047998 
0.51921 0.047946 
0.51954 0.047895 
0.51986 0.047844 
0.52018 0.047792 
0.52050 0.047742 
0.52083 0.047690 
0.52115 0.047638 
0.52147 0.047588 
0.52180 0.047539 
0.52212 0.047487 
0.52244 0.047439 
0.52276 0.047385 
0.52309 0.047332 
0.52341 0.047278 
0.52373 0.047225 
0.52406 0.047175 
0.52438 0.047126 
0.52470 0.047076 
0.52502 0.047027 
0.52535 0.046979 
0.52567 0.046928 
0.52599 0.046880 
0.52632 0.046831 
0.52664 0.046779 
0.52696 0.046729 
0.52728 0.046680 
0.52761 0.046628 
0.52793 0.046577 
0.52825 0.046529 
0.52858 0.046480 
0.52890 0.046432 
0.52922 0.046383 
0.52954 0.046332 
0.52987 0.046283 
0.53019 0.046237 
0.53051 0.046186 
0.53084 0.046138 
0.53116 0.046088 
0.53148 0.046040 
0.53180 0.045993 
0.53213 0.045943 
0.53245 0.045894 
0.53277 0.045845 
0.53310 0.045798 
0.53342 0.045751 
0.53374 0.045702 
0.53407 0.045651 
0.53439 0.045604 
0.53471 0.045555 
0.53503 0.045505 
0.53536 0.045455 
0.53568 0.045406 
0.53600 0.045359 
0.53633 0.045312 
0.53665 0.045264 
0.53697 0.045217 
0.53729 0.045169 
0.53762 0.045122 
0.53794 0.045076 
0.53826 0.045031 
0.53859 0.044985 
0.53891 0.044933 
0.53923 0.044887 
0.53955 0.044839 
0.53988 0.044793 
0.54020 0.044745 
0.54052 0.044700 
0.54085 0.044654 
0.54117 0.044609 
0.54149 0.044563 
0.54181 0.044516 
0.54214 0.044470 
0.54246 0.044424 
0.54278 0.044380 
0.54311 0.044333 
0.54343 0.044287 
0.54375 0.044241 
0.54407 0.044196 
0.54440 0.044152 
0.54472 0.044107 
0.54504 0.044062 
0.54537 0.044015 
0.54569 0.043970 
0.54601 0.043926 
0.54634 0.043881 
0.54666 0.043836 
0.54698 0.043790 
0.54730 0.043745 
0.54763 0.043700 
0.54795 0.043655 
0.54827 0.043611 
0.54860 0.043565 
0.54892 0.043522 
0.54924 0.043478 
0.54956 0.043432 
0.54989 0.043389 
0.55021 0.043344 
0.55053 0.043302 
0.55086 0.043257 
0.55118 0.043216 
0.55150 0.043170 
0.55182 0.043126 
0.55215 0.043084 
0.55247 0.043040 
0.55279 0.042996 
0.55312 0.042954 
0.55344 0.042910 
0.55376 0.042865 
0.55408 0.042825 
0.55441 0.042779 
0.55473 0.042736 
0.55505 0.042695 
0.55538 0.042651 
0.55570 0.042605 
0.55602 0.042563 
0.55634 0.042519 
0.55667 0.042473 
0.55699 0.042430 
0.55731 0.042386 
0.55764 0.042343 
0.55796 0.042301 
0.55828 0.042261 
0.55861 0.042218 
0.55893 0.042175 
0.55925 0.042133 
0.55957 0.042091 
0.55990 0.042048 
0.56022 0.042005 
0.56054 0.041963 
0.56087 0.041923 
0.56119 0.041883 
0.56151 0.041840 
0.56183 0.041799 
0.56216 0.041760 
0.56248 0.041718 
0.56280 0.041675 
0.56313 0.041631 
0.56345 0.041591 
0.56377 0.041549 
0.56409 0.041507 
0.56442 0.041466 
0.56474 0.041423 
0.56506 0.041383 
0.56539 0.041343 
0.56571 0.041303 
0.56603 0.041261 
0.56635 0.041219 
0.56668 0.041180 
0.56700 0.041138 
0.56732 0.041099 
0.56765 0.041059 
0.56797 0.041018 
0.56829 0.040976 
0.56861 0.040937 
0.56894 0.040898 
0.56926 0.040861 
0.56958 0.040821 
0.56991 0.040783 
0.57023 0.040745 
0.57055 0.040703 
0.57088 0.040664 
0.57120 0.040623 
0.57152 0.040582 
0.57184 0.040543 
0.57217 0.040502 
0.57249 0.040462 
0.57281 0.040423 
0.57314 0.040385 
0.57346 0.040345 
0.57378 0.040307 
0.57410 0.040267 
0.57443 0.040227 
0.57475 0.040189 
0.57507 0.040149 
0.57540 0.040111 
0.57572 0.040073 
0.57604 0.040035 
0.57636 0.039994 
0.57669 0.039955 
0.57701 0.039918 
0.57733 0.039878 
0.57766 0.039839 
0.57798 0.039798 
0.57830 0.039759 
0.57862 0.039721 
0.57895 0.039683 
0.57927 0.039646 
0.57959 0.039609 
0.57992 0.039571 
0.58024 0.039534 
0.58056 0.039495 
0.58088 0.039458 
0.58121 0.039421 
0.58153 0.039382 
0.58185 0.039344 
0.58218 0.039308 
0.58250 0.039271 
0.58282 0.039230 
0.58314 0.039191 
0.58347 0.039153 
0.58379 0.039116 
0.58411 0.039079 
0.58444 0.039042 
0.58476 0.039004 
0.58508 0.038966 
0.58541 0.038927 
0.58573 0.038891 
0.58605 0.038854 
0.58637 0.038816 
0.58670 0.038778 
0.58702 0.038741 
0.58734 0.038705 
0.58767 0.038667 
0.58799 0.038633 
0.58831 0.038595 
0.58863 0.038558 
0.58896 0.038521 
0.58928 0.038485 
0.58960 0.038447 
0.58993 0.038410 
0.59025 0.038374 
0.59057 0.038339 
0.59089 0.038302 
0.59122 0.038267 
0.59154 0.038231 
0.59186 0.038196 
0.59219 0.038160 
0.59251 0.038123 
0.59283 0.038088 
0.59315 0.038052 
0.59348 0.038016 
0.59380 0.037981 
0.59412 0.037943 
0.59445 0.037907 
0.59477 0.037869 
0.59509 0.037834 
0.59541 0.037799 
0.59574 0.037762 
0.59606 0.037726 
0.59638 0.037692 
0.59671 0.037657 
0.59703 0.037622 
0.59735 0.037586 
0.59768 0.037552 
0.59800 0.037518 
0.59832 0.037482 
0.59864 0.037447 
0.59897 0.037411 
0.59929 0.037377 
0.59961 0.037341 
0.59994 0.037306 
0.60026 0.037270 
0.60058 0.037233 
0.60090 0.037196 
0.60123 0.037162 
0.60155 0.037127 
0.60187 0.037091 
0.60220 0.037055 
0.60252 0.037022 
0.60284 0.036987 
0.60316 0.036951 
0.60349 0.036917 
0.60381 0.036883 
0.60413 0.036848 
0.60446 0.036814 
0.60478 0.036779 
0.60510 0.036745 
0.60542 0.036713 
0.60575 0.036681 
0.60607 0.036646 
0.60639 0.036611 
0.60672 0.036578 
0.60704 0.036544 
0.60736 0.036509 
0.60768 0.036475 
0.60801 0.036440 
0.60833 0.036408 
0.60865 0.036374 
0.60898 0.036338 
0.60930 0.036304 
0.60962 0.036269 
0.60995 0.036235 
0.61027 0.036203 
0.61059 0.036169 
0.61091 0.036136 
0.61124 0.036103 
0.61156 0.036069 
0.61188 0.036035 
0.61221 0.036003 
0.61253 0.035968 
0.61285 0.035936 
0.61317 0.035903 
0.61350 0.035871 
0.61382 0.035838 
0.61414 0.035804 
0.61447 0.035772 
0.61479 0.035739 
0.61511 0.035705 
0.61543 0.035675 
0.61576 0.035642 
0.61608 0.035610 
0.61640 0.035577 
0.61673 0.035544 
0.61705 0.035510 
0.61737 0.035478 
0.61769 0.035444 
0.61802 0.035412 
0.61834 0.035381 
0.61866 0.035349 
0.61899 0.035317 
0.61931 0.035284 
0.61963 0.035253 
0.61995 0.035220 
0.62028 0.035187 
0.62060 0.035154 
0.62092 0.035123 
0.62125 0.035091 
0.62157 0.035060 
0.62189 0.035027 
0.62222 0.034996 
0.62254 0.034964 
0.62286 0.034934 
0.62318 0.034901 
0.62351 0.034869 
0.62383 0.034839 
0.62415 0.034807 
0.62448 0.034775 
0.62480 0.034744 
0.62512 0.034713 
0.62544 0.034680 
0.62577 0.034650 
0.62609 0.034619 
0.62641 0.034588 
0.62674 0.034558 
0.62706 0.034524 
0.62738 0.034494 
0.62770 0.034463 
0.62803 0.034432 
0.62835 0.034401 
0.62867 0.034370 
0.62900 0.034338 
0.62932 0.034307 
0.62964 0.034276 
0.62996 0.034245 
0.63029 0.034214 
0.63061 0.034183 
0.63093 0.034153 
0.63126 0.034121 
0.63158 0.034091 
0.63190 0.034061 
0.63222 0.034030 
0.63255 0.033999 
0.63287 0.033968 
0.63319 0.033937 
0.63352 0.033907 
0.63384 0.033877 
0.63416 0.033847 
0.63448 0.033817 
0.63481 0.033787 
0.63513 0.033756 
0.63545 0.033725 
0.63578 0.033695 
0.63610 0.033665 
0.63642 0.033635 
0.63675 0.033605 
0.63707 0.033575 
0.63739 0.033545 
0.63771 0.033516 
0.63804 0.033487 
0.63836 0.033458 
0.63868 0.033427 
0.63901 0.033397 
0.63933 0.033368 
0.63965 0.033339 
0.63997 0.033311 
0.64030 0.033282 
0.64062 0.033251 
0.64094 0.033222 
0.64127 0.033194 
0.64159 0.033164 
0.64191 0.033135 
0.64223 0.033106 
0.64256 0.033076 
0.64288 0.033047 
0.64320 0.033018 
0.64353 0.032988 
0.64385 0.032959 
0.64417 0.032930 
0.64449 0.032900 
0.64482 0.032869 
0.64514 0.032841 
0.64546 0.032812 
0.64579 0.032784 
0.64611 0.032754 
0.64643 0.032725 
0.64675 0.032697 
0.64708 0.032669 
0.64740 0.032640 
0.64772 0.032612 
0.64805 0.032583 
0.64837 0.032555 
0.64869 0.032526 
0.64902 0.032498 
0.64934 0.032468 
0.64966 0.032440 
0.64998 0.032413 
0.65031 0.032385 
0.65063 0.032358 
0.65095 0.032331 
0.65128 0.032304 
0.65160 0.032276 
0.65192 0.032248 
0.65224 0.032221 
0.65257 0.032192 
0.65289 0.032165 
0.65321 0.032137 
0.65354 0.032110 
0.65386 0.032081 
0.65418 0.032053 
0.65450 0.032025 
0.65483 0.031998 
0.65515 0.031971 
0.65547 0.031944 
0.65580 0.031916 
0.65612 0.031887 
0.65644 0.031860 
0.65676 0.031830 
0.65709 0.031802 
0.65741 0.031774 
0.65773 0.031748 
0.65806 0.031721 
0.65838 0.031693 
0.65870 0.031665 
0.65902 0.031639 
0.65935 0.031612 
0.65967 0.031585 
0.65999 0.031558 
0.66032 0.031529 
0.66064 0.031503 
0.66096 0.031476 
0.66129 0.031450 
0.66161 0.031422 
0.66193 0.031395 
0.66225 0.031367 
0.66258 0.031341 
0.66290 0.031314 
0.66322 0.031288 
0.66355 0.031262 
0.66387 0.031235 
0.66419 0.031207 
0.66451 0.031181 
0.66484 0.031155 
0.66516 0.031129 
0.66548 0.031102 
0.66581 0.031075 
0.66613 0.031049 
0.66645 0.031022 
0.66677 0.030996 
0.66710 0.030968 
0.66742 0.030942 
0.66774 0.030915 
0.66807 0.030889 
0.66839 0.030863 
0.66871 0.030837 
0.66903 0.030810 
0.66936 0.030784 
0.66968 0.030757 
0.67000 0.030731 
0.67033 0.030706 
0.67065 0.030679 
0.67097 0.030652 
0.67129 0.030627 
0.67162 0.030600 
0.67194 0.030574 
0.67226 0.030547 
0.67259 0.030521 
0.67291 0.030496 
0.67323 0.030470 
0.67356 0.030444 
0.67388 0.030417 
0.67420 0.030392 
0.67452 0.030367 
0.67485 0.030342 
0.67517 0.030316 
0.67549 0.030291 
0.67582 0.030266 
0.67614 0.030240 
0.67646 0.030215 
0.67678 0.030189 
0.67711 0.030164 
0.67743 0.030140 
0.67775 0.030116 
0.67808 0.030091 
0.67840 0.030065 
0.67872 0.030039 
0.67904 0.030015 
0.67937 0.029989 
0.67969 0.029964 
0.68001 0.029938 
0.68034 0.029913 
0.68066 0.029889 
0.68098 0.029864 
0.68130 0.029841 
0.68163 0.029816 
0.68195 0.029790 
0.68227 0.029765 
0.68260 0.029741 
0.68292 0.029717 
0.68324 0.029692 
0.68356 0.029668 
0.68389 0.029641 
0.68421 0.029617 
0.68453 0.029593 
0.68486 0.029569 
0.68518 0.029545 
0.68550 0.029521 
0.68582 0.029497 
0.68615 0.029472 
0.68647 0.029448 
0.68679 0.029425 
0.68712 0.029401 
0.68744 0.029377 
0.68776 0.029354 
0.68809 0.029330 
0.68841 0.029307 
0.68873 0.029283 
0.68905 0.029259 
0.68938 0.029234 
0.68970 0.029211 
0.69002 0.029187 
0.69035 0.029162 
0.69067 0.029138 
0.69099 0.029115 
0.69131 0.029091 
0.69164 0.029067 
0.69196 0.029044 
0.69228 0.029021 
0.69261 0.028996 
0.69293 0.028972 
0.69325 0.028949 
0.69357 0.028925 
0.69390 0.028901 
0.69422 0.028877 
0.69454 0.028854 
0.69487 0.028830 
0.69519 0.028807 
0.69551 0.028783 
0.69583 0.028759 
0.69616 0.028735 
0.69648 0.028711 
0.69680 0.028688 
0.69713 0.028665 
0.69745 0.028642 
0.69777 0.028618 
0.69809 0.028596 
0.69842 0.028573 
0.69874 0.028550 
0.69906 0.028527 
0.69939 0.028502 
0.69971 0.028479 
0.70003 0.028456 
0.70036 0.028434 
0.70068 0.028411 
0.70100 0.028388 
0.70132 0.028366 
0.70165 0.028343 
0.70197 0.028320 
0.70229 0.028298 
0.70262 0.028275 
0.70294 0.028252 
0.70326 0.028229 
0.70358 0.028206 
0.70391 0.028183 
0.70423 0.028160 
0.70455 0.028138 
0.70488 0.028115 
0.70520 0.028093 
0.70552 0.028069 
0.70584 0.028047 
0.70617 0.028024 
0.70649 0.028000 
0.70681 0.027976 
0.70714 0.027954 
0.70746 0.027932 
0.70778 0.027909 
0.70810 0.027886 
0.70843 0.027865 
0.70875 0.027842 
0.70907 0.027819 
0.70940 0.027798 
0.70972 0.027775 
0.71004 0.027752 
0.71036 0.027730 
0.71069 0.027708 
0.71101 0.027686 
0.71133 0.027664 
0.71166 0.027642 
0.71198 0.027620 
0.71230 0.027598 
0.71263 0.027576 
0.71295 0.027555 
0.71327 0.027534 
0.71359 0.027512 
0.71392 0.027489 
0.71424 0.027467 
0.71456 0.027445 
0.71489 0.027423 
0.71521 0.027400 
0.71553 0.027379 
0.71585 0.027357 
0.71618 0.027335 
0.71650 0.027314 
0.71682 0.027293 
0.71715 0.027271 
0.71747 0.027250 
0.71779 0.027229 
0.71811 0.027206 
0.71844 0.027185 
0.71876 0.027164 
0.71908 0.027143 
0.71941 0.027122 
0.71973 0.027100 
0.72005 0.027078 
0.72037 0.027057 
0.72070 0.027035 
0.72102 0.027014 
0.72134 0.026992 
0.72167 0.026971 
0.72199 0.026949 
0.72231 0.026928 
0.72263 0.026907 
0.72296 0.026885 
0.72328 0.026864 
0.72360 0.026842 
0.72393 0.026822 
0.72425 0.026800 
0.72457 0.026779 
0.72490 0.026758 
0.72522 0.026736 
0.72554 0.026715 
0.72586 0.026694 
0.72619 0.026673 
0.72651 0.026652 
0.72683 0.026631 
0.72716 0.026610 
0.72748 0.026589 
0.72780 0.026567 
0.72812 0.026547 
0.72845 0.026525 
0.72877 0.026504 
0.72909 0.026483 
0.72942 0.026462 
0.72974 0.026441 
0.73006 0.026420 
0.73038 0.026400 
0.73071 0.026379 
0.73103 0.026359 
0.73135 0.026339 
0.73168 0.026318 
0.73200 0.026298 
0.73232 0.026277 
0.73264 0.026256 
0.73297 0.026236 
0.73329 0.026216 
0.73361 0.026195 
0.73394 0.026175 
0.73426 0.026153 
0.73458 0.026133 
0.73490 0.026113 
0.73523 0.026092 
0.73555 0.026072 
0.73587 0.026052 
0.73620 0.026032 
0.73652 0.026012 
0.73684 0.025991 
0.73716 0.025971 
0.73749 0.025951 
0.73781 0.025930 
0.73813 0.025909 
0.73846 0.025889 
0.73878 0.025869 
0.73910 0.025849 
0.73943 0.025828 
0.73975 0.025809 
0.74007 0.025790 
0.74039 0.025770 
0.74072 0.025750 
0.74104 0.025730 
0.74136 0.025710 
0.74169 0.025689 
0.74201 0.025670 
0.74233 0.025650 
0.74265 0.025630 
0.74298 0.025610 
0.74330 0.025590 
0.74362 0.025570 
0.74395 0.025551 
0.74427 0.025531 
0.74459 0.025512 
0.74491 0.025493 
0.74524 0.025474 
0.74556 0.025455 
0.74588 0.025436 
0.74621 0.025417 
0.74653 0.025398 
0.74685 0.025379 
0.74717 0.025359 
0.74750 0.025339 
0.74782 0.025320 
0.74814 0.025301 
0.74847 0.025282 
0.74879 0.025263 
0.74911 0.025244 
0.74943 0.025224 
0.74976 0.025205 
0.75008 0.025186 
0.75040 0.025166 
0.75073 0.025148 
0.75105 0.025129 
0.75137 0.025109 
0.75170 0.025090 
0.75202 0.025070 
0.75234 0.025052 
0.75266 0.025033 
0.75299 0.025014 
0.75331 0.024995 
0.75363 0.024975 
0.75396 0.024956 
0.75428 0.024936 
0.75460 0.024917 
0.75492 0.024899 
0.75525 0.024880 
0.75557 0.024861 
0.75589 0.024842 
0.75622 0.024823 
0.75654 0.024805 
0.75686 0.024786 
0.75718 0.024766 
0.75751 0.024747 
0.75783 0.024729 
0.75815 0.024709 
0.75848 0.024691 
0.75880 0.024672 
0.75912 0.024654 
0.75944 0.024635 
0.75977 0.024616 
0.76009 0.024597 
0.76041 0.024579 
0.76074 0.024560 
0.76106 0.024541 
0.76138 0.024523 
0.76170 0.024505 
0.76203 0.024486 
0.76235 0.024468 
0.76267 0.024450 
0.76300 0.024431 
0.76332 0.024413 
0.76364 0.024394 
0.76397 0.024377 
0.76429 0.024359 
0.76461 0.024341 
0.76493 0.024322 
0.76526 0.024304 
0.76558 0.024286 
0.76590 0.024268 
0.76623 0.024250 
0.76655 0.024231 
0.76687 0.024212 
0.76719 0.024195 
0.76752 0.024177 
0.76784 0.024160 
0.76816 0.024142 
0.76849 0.024124 
0.76881 0.024106 
0.76913 0.024088 
0.76945 0.024071 
0.76978 0.024053 
0.77010 0.024035 
0.77042 0.024017 
0.77075 0.023999 
0.77107 0.023981 
0.77139 0.023964 
0.77171 0.023946 
0.77204 0.023928 
0.77236 0.023911 
0.77268 0.023893 
0.77301 0.023875 
0.77333 0.023857 
0.77365 0.023838 
0.77397 0.023820 
0.77430 0.023802 
0.77462 0.023784 
0.77494 0.023766 
0.77527 0.023749 
0.77559 0.023731 
0.77591 0.023714 
0.77624 0.023696 
0.77656 0.023678 
0.77688 0.023661 
0.77720 0.023642 
0.77753 0.023625 
0.77785 0.023607 
0.77817 0.023589 
0.77850 0.023572 
0.77882 0.023555 
0.77914 0.023538 
0.77946 0.023520 
0.77979 0.023503 
0.78011 0.023485 
0.78043 0.023468 
0.78076 0.023450 
0.78108 0.023433 
0.78140 0.023416 
0.78172 0.023398 
0.78205 0.023381 
0.78237 0.023363 
0.78269 0.023345 
0.78302 0.023328 
0.78334 0.023311 
0.78366 0.023294 
0.78398 0.023276 
0.78431 0.023259 
0.78463 0.023242 
0.78495 0.023225 
0.78528 0.023208 
0.78560 0.023191 
0.78592 0.023174 
0.78624 0.023157 
0.78657 0.023140 
0.78689 0.023123 
0.78721 0.023106 
0.78754 0.023089 
0.78786 0.023072 
0.78818 0.023055 
0.78851 0.023038 
0.78883 0.023021 
0.78915 0.023004 
0.78947 0.022988 
0.78980 0.022971 
0.79012 0.022953 
0.79044 0.022937 
0.79077 0.022921 
0.79109 0.022904 
0.79141 0.022888 
0.79173 0.022871 
0.79206 0.022854 
0.79238 0.022838 
0.79270 0.022821 
0.79303 0.022804 
0.79335 0.022787 
0.79367 0.022770 
0.79399 0.022754 
0.79432 0.022737 
0.79464 0.022720 
0.79496 0.022704 
0.79529 0.022688 
0.79561 0.022671 
0.79593 0.022655 
0.79625 0.022638 
0.79658 0.022622 
0.79690 0.022604 
0.79722 0.022588 
0.79755 0.022571 
0.79787 0.022555 
0.79819 0.022539 
0.79851 0.022523 
0.79884 0.022506 
0.79916 0.022490 
0.79948 0.022474 
0.79981 0.022458 
0.80013 0.022442 
0.80045 0.022426 
0.80077 0.022409 
0.80110 0.022392 
0.80142 0.022376 
0.80174 0.022361 
0.80207 0.022344 
0.80239 0.022328 
0.80271 0.022312 
0.80304 0.022295 
0.80336 0.022279 
0.80368 0.022263 
0.80400 0.022247 
0.80433 0.022232 
0.80465 0.022215 
0.80497 0.022200 
0.80530 0.022183 
0.80562 0.022167 
0.80594 0.022151 
0.80626 0.022136 
0.80659 0.022120 
0.80691 0.022104 
0.80723 0.022089 
0.80756 0.022073 
0.80788 0.022057 
0.80820 0.022041 
0.80852 0.022025 
0.80885 0.022010 
0.80917 0.021994 
0.80949 0.021979 
0.80982 0.021963 
0.81014 0.021947 
0.81046 0.021932 
0.81078 0.021916 
0.81111 0.021900 
0.81143 0.021885 
0.81175 0.021869 
0.81208 0.021854 
0.81240 0.021838 
0.81272 0.021823 
0.81304 0.021807 
0.81337 0.021792 
0.81369 0.021776 
0.81401 0.021761 
0.81434 0.021745 
0.81466 0.021730 
0.81498 0.021715 
0.81531 0.021699 
0.81563 0.021685 
0.81595 0.021670 
0.81627 0.021654 
0.81660 0.021639 
0.81692 0.021623 
0.81724 0.021608 
0.81757 0.021592 
0.81789 0.021577 
0.81821 0.021561 
0.81853 0.021546 
0.81886 0.021530 
0.81918 0.021515 
0.81950 0.021500 
0.81983 0.021484 
0.82015 0.021469 
0.82047 0.021454 
0.82079 0.021438 
0.82112 0.021423 
0.82144 0.021409 
0.82176 0.021393 
0.82209 0.021378 
0.82241 0.021364 
0.82273 0.021348 
0.82305 0.021333 
0.82338 0.021318 
0.82370 0.021302 
0.82402 0.021287 
0.82435 0.021272 
0.82467 0.021257 
0.82499 0.021242 
0.82531 0.021227 
0.82564 0.021212 
0.82596 0.021196 
0.82628 0.021181 
0.82661 0.021166 
0.82693 0.021150 
0.82725 0.021135 
0.82758 0.021121 
0.82790 0.021106 
0.82822 0.021091 
0.82854 0.021075 
0.82887 0.021060 
0.82919 0.021045 
0.82951 0.021030 
0.82984 0.021015 
0.83016 0.021000 
0.83048 0.020986 
0.83080 0.020971 
0.83113 0.020956 
0.83145 0.020941 
0.83177 0.020926 
0.83210 0.020911 
0.83242 0.020896 
0.83274 0.020881 
0.83306 0.020867 
0.83339 0.020853 
0.83371 0.020838 
0.83403 0.020823 
0.83436 0.020809 
0.83468 0.020794 
0.83500 0.020780 
0.83532 0.020765 
0.83565 0.020750 
0.83597 0.020735 
0.83629 0.020721 
0.83662 0.020707 
0.83694 0.020692 
0.83726 0.020678 
0.83758 0.020663 
0.83791 0.020649 
0.83823 0.020634 
0.83855 0.020620 
0.83888 0.020606 
0.83920 0.020592 
0.83952 0.020577 
0.83985 0.020563 
0.84017 0.020548 
0.84049 0.020534 
0.84081 0.020520 
0.84114 0.020506 
0.84146 0.020492 
0.84178 0.020478 
0.84211 0.020463 
0.84243 0.020449 
0.84275 0.020435 
0.84307 0.020421 
0.84340 0.020407 
0.84372 0.020392 
0.84404 0.020378 
0.84437 0.020363 
0.84469 0.020349 
0.84501 0.020334 
0.84533 0.020320 
0.84566 0.020306 
0.84598 0.020291 
0.84630 0.020277 
0.84663 0.020263 
0.84695 0.020249 
0.84727 0.020235 
0.84759 0.020221 
0.84792 0.020207 
0.84824 0.020193 
0.84856 0.020179 
0.84889 0.020165 
0.84921 0.020151 
0.84953 0.020137 
0.84985 0.020123 
0.85018 0.020109 
0.85050 0.020095 
0.85082 0.020082 
0.85115 0.020067 
0.85147 0.020054 
0.85179 0.020040 
0.85211 0.020026 
0.85244 0.020012 
0.85276 0.019998 
0.85308 0.019985 
0.85341 0.019971 
0.85373 0.019958 
0.85405 0.019943 
0.85438 0.019930 
0.85470 0.019916 
0.85502 0.019903 
0.85534 0.019889 
0.85567 0.019875 
0.85599 0.019861 
0.85631 0.019847 
0.85664 0.019834 
0.85696 0.019821 
0.85728 0.019807 
0.85760 0.019794 
0.85793 0.019780 
0.85825 0.019767 
0.85857 0.019753 
0.85890 0.019740 
0.85922 0.019726 
0.85954 0.019712 
0.85986 0.019699 
0.86019 0.019686 
0.86051 0.019672 
0.86083 0.019659 
0.86116 0.019646 
0.86148 0.019632 
0.86180 0.019618 
0.86212 0.019605 
0.86245 0.019592 
0.86277 0.019579 
0.86309 0.019566 
0.86342 0.019553 
0.86374 0.019540 
0.86406 0.019527 
0.86438 0.019514 
0.86471 0.019500 
0.86503 0.019487 
0.86535 0.019474 
0.86568 0.019460 
0.86600 0.019447 
0.86632 0.019434 
0.86665 0.019420 
0.86697 0.019407 
0.86729 0.019393 
0.86761 0.019380 
0.86794 0.019367 
0.86826 0.019353 
0.86858 0.019340 
0.86891 0.019327 
0.86923 0.019313 
0.86955 0.019300 
0.86987 0.019287 
0.87020 0.019274 
0.87052 0.019261 
0.87084 0.019248 
0.87117 0.019235 
0.87149 0.019221 
0.87181 0.019208 
0.87213 0.019195 
0.87246 0.019181 
0.87278 0.019168 
0.87310 0.019155 
0.87343 0.019142 
0.87375 0.019129 
0.87407 0.019116 
0.87439 0.019103 
0.87472 0.019090 
0.87504 0.019077 
0.87536 0.019064 
0.87569 0.019051 
0.87601 0.019038 
0.87633 0.019025 
0.87665 0.019013 
0.87698 0.019000 
0.87730 0.018986 
0.87762 0.018974 
0.87795 0.018961 
0.87827 0.018948 
0.87859 0.018935 
0.87892 0.018922 
0.87924 0.018909 
0.87956 0.018896 
0.87988 0.018884 
0.88021 0.018871 
0.88053 0.018858 
0.88085 0.018846 
0.88118 0.018833 
0.88150 0.018820 
0.88182 0.018808 
0.88214 0.018795 
0.88247 0.018782 
0.88279 0.018770 
0.88311 0.018757 
0.88344 0.018744 
0.88376 0.018732 
0.88408 0.018720 
0.88440 0.018707 
0.88473 0.018695 
0.88505 0.018682 
0.88537 0.018670 
0.88570 0.018657 
0.88602 0.018645 
0.88634 0.018632 
0.88666 0.018620 
0.88699 0.018607 
0.88731 0.018594 
0.88763 0.018582 
0.88796 0.018570 
0.88828 0.018557 
0.88860 0.018545 
0.88892 0.018533 
0.88925 0.018520 
0.88957 0.018508 
0.88989 0.018495 
0.89022 0.018483 
0.89054 0.018470 
0.89086 0.018458 
0.89119 0.018446 
0.89151 0.018434 
0.89183 0.018422 
0.89215 0.018409 
0.89248 0.018397 
0.89280 0.018385 
0.89312 0.018372 
0.89345 0.018360 
0.89377 0.018348 
0.89409 0.018335 
0.89441 0.018323 
0.89474 0.018311 
0.89506 0.018299 
0.89538 0.018287 
0.89571 0.018275 
0.89603 0.018262 
0.89635 0.018250 
0.89667 0.018238 
0.89700 0.018226 
0.89732 0.018214 
0.89764 0.018202 
0.89797 0.018190 
0.89829 0.018178 
0.89861 0.018166 
0.89893 0.018154 
0.89926 0.018142 
0.89958 0.018130 
0.89990 0.018117 
0.90023 0.018105 
0.90055 0.018094 
0.90087 0.018082 
0.90119 0.018070 
0.90152 0.018058 
0.90184 0.018046 
0.90216 0.018034 
0.90249 0.018023 
0.90281 0.018011 
0.90313 0.018000 
0.90345 0.017988 
0.90378 0.017976 
0.90410 0.017964 
0.90442 0.017952 
0.90475 0.017940 
0.90507 0.017929 
0.90539 0.017917 
0.90572 0.017906 
0.90604 0.017894 
0.90636 0.017882 
0.90668 0.017870 
0.90701 0.017859 
0.90733 0.017847 
0.90765 0.017835 
0.90798 0.017824 
0.90830 0.017812 
0.90862 0.017800 
0.90894 0.017789 
0.90927 0.017777 
0.90959 0.017765 
0.90991 0.017753 
0.91024 0.017741 
0.91056 0.017729 
0.91088 0.017718 
0.91120 0.017706 
0.91153 0.017694 
0.91185 0.017682 
0.91217 0.017671 
0.91250 0.017659 
0.91282 0.017647 
0.91314 0.017635 
0.91346 0.017624 
0.91379 0.017612 
0.91411 0.017600 
0.91443 0.017589 
0.91476 0.017577 
0.91508 0.017565 
0.91540 0.017554 
0.91572 0.017542 
0.91605 0.017531 
0.91637 0.017519 
0.91669 0.017508 
0.91702 0.017496 
0.91734 0.017485 
0.91766 0.017474 
0.91799 0.017462 
0.91831 0.017451 
0.91863 0.017439 
0.91895 0.017428 
0.91928 0.017417 
0.91960 0.017405 
0.91992 0.017394 
0.92025 0.017383 
0.92057 0.017371 
0.92089 0.017360 
0.92121 0.017348 
0.92154 0.017337 
0.92186 0.017326 
0.92218 0.017314 
0.92251 0.017303 
0.92283 0.017291 
0.92315 0.017280 
0.92347 0.017269 
0.92380 0.017258 
0.92412 0.017246 
0.92444 0.017235 
0.92477 0.017224 
0.92509 0.017213 
0.92541 0.017202 
0.92573 0.017190 
0.92606 0.017179 
0.92638 0.017168 
0.92670 0.017157 
0.92703 0.017145 
0.92735 0.017134 
0.92767 0.017123 
0.92799 0.017112 
0.92832 0.017101 
0.92864 0.017089 
0.92896 0.017078 
0.92929 0.017067 
0.92961 0.017056 
0.92993 0.017045 
0.93026 0.017034 
0.93058 0.017023 
0.93090 0.017012 
0.93122 0.017001 
0.93155 0.016989 
0.93187 0.016978 
0.93219 0.016967 
0.93252 0.016956 
0.93284 0.016946 
0.93316 0.016935 
0.93348 0.016924 
0.93381 0.016913 
0.93413 0.016902 
0.93445 0.016891 
0.93478 0.016880 
0.93510 0.016869 
0.93542 0.016858 
0.93574 0.016847 
0.93607 0.016836 
0.93639 0.016826 
0.93671 0.016815 
0.93704 0.016804 
0.93736 0.016793 
0.93768 0.016782 
0.93800 0.016771 
0.93833 0.016760 
0.93865 0.016749 
0.93897 0.016739 
0.93930 0.016727 
0.93962 0.016717 
0.93994 0.016706 
0.94026 0.016695 
0.94059 0.016684 
0.94091 0.016673 
0.94123 0.016662 
0.94156 0.016651 
0.94188 0.016641 
0.94220 0.016630 
0.94253 0.016619 
0.94285 0.016608 
0.94317 0.016598 
0.94349 0.016587 
0.94382 0.016576 
0.94414 0.016565 
0.94446 0.016554 
0.94479 0.016543 
0.94511 0.016533 
0.94543 0.016522 
0.94575 0.016511 
0.94608 0.016500 
0.94640 0.016490 
0.94672 0.016479 
0.94705 0.016468 
0.94737 0.016457 
0.94769 0.016447 
0.94801 0.016436 
0.94834 0.016426 
0.94866 0.016415 
0.94898 0.016404 
0.94931 0.016394 
0.94963 0.016383 
0.94995 0.016373 
0.95027 0.016362 
0.95060 0.016351 
0.95092 0.016341 
0.95124 0.016330 
0.95157 0.016320 
0.95189 0.016309 
0.95221 0.016298 
0.95253 0.016288 
0.95286 0.016278 
0.95318 0.016267 
0.95350 0.016257 
0.95383 0.016246 
0.95415 0.016236 
0.95447 0.016226 
0.95479 0.016215 
0.95512 0.016205 
0.95544 0.016195 
0.95576 0.016184 
0.95609 0.016174 
0.95641 0.016163 
0.95673 0.016153 
0.95706 0.016142 
0.95738 0.016132 
0.95770 0.016122 
0.95802 0.016111 
0.95835 0.016101 
0.95867 0.016090 
0.95899 0.016080 
0.95932 0.016070 
0.95964 0.016059 
0.95996 0.016049 
0.96028 0.016039 
0.96061 0.016028 
0.96093 0.016018 
0.96125 0.016008 
0.96158 0.015997 
0.96190 0.015987 
0.96222 0.015977 
0.96254 0.015966 
0.96287 0.015956 
0.96319 0.015946 
0.96351 0.015936 
0.96384 0.015925 
0.96416 0.015915 
0.96448 0.015905 
0.96480 0.015895 
0.96513 0.015885 
0.96545 0.015875 
0.96577 0.015865 
0.96610 0.015854 
0.96642 0.015844 
0.96674 0.015834 
0.96706 0.015824 
0.96739 0.015814 
0.96771 0.015804 
0.96803 0.015794 
0.96836 0.015784 
0.96868 0.015773 
0.96900 0.015763 
0.96933 0.015753 
0.96965 0.015743 
0.96997 0.015733 
0.97029 0.015723 
0.97062 0.015713 
0.97094 0.015703 
0.97126 0.015693 
0.97159 0.015683 
0.97191 0.015673 
0.97223 0.015662 
0.97255 0.015652 
0.97288 0.015642 
0.97320 0.015632 
0.97352 0.015622 
0.97385 0.015612 
0.97417 0.015602 
0.97449 0.015592 
0.97481 0.015582 
0.97514 0.015572 
0.97546 0.015562 
0.97578 0.015552 
0.97611 0.015542 
0.97643 0.015532 
0.97675 0.015522 
0.97707 0.015512 
0.97740 0.015502 
0.97772 0.015492 
0.97804 0.015482 
0.97837 0.015472 
0.97869 0.015462 
0.97901 0.015452 
0.97933 0.015442 
0.97966 0.015432 
0.97998 0.015422 
0.98030 0.015412 
0.98063 0.015402 
0.98095 0.015392 
0.98127 0.015382 
0.98160 0.015373 
0.98192 0.015363 
0.98224 0.015353 
0.98256 0.015343 
0.98289 0.015333 
0.98321 0.015323 
0.98353 0.015313 
0.98386 0.015304 
0.98418 0.015294 
0.98450 0.015284 
0.98482 0.015274 
0.98515 0.015264 
0.98547 0.015255 
0.98579 0.015245 
0.98612 0.015235 
0.98644 0.015226 
0.98676 0.015216 
0.98708 0.015206 
0.98741 0.015197 
0.98773 0.015187 
0.98805 0.015177 
0.98838 0.015167 
0.98870 0.015158 
0.98902 0.015148 
0.98934 0.015139 
0.98967 0.015129 
0.98999 0.015119 
0.99031 0.015110 
0.99064 0.015100 
0.99096 0.015091 
0.99128 0.015081 
0.99160 0.015072 
0.99193 0.015062 
0.99225 0.015053 
0.99257 0.015043 
0.99290 0.015033 
0.99322 0.015024 
0.99354 0.015014 
0.99387 0.015005 
0.99419 0.014995 
0.99451 0.014986 
0.99483 0.014976 
0.99516 0.014967 
0.99548 0.014957 
0.99580 0.014948 
0.99613 0.014938 
0.99645 0.014929 
0.99677 0.014919 
0.99709 0.014910 
0.99742 0.014900 
0.99774 0.014891 
0.99806 0.014881 
0.99839 0.014872 
0.99871 0.014863 
0.99903 0.014853 
0.99935 0.014844 
0.99968 0.014835 
1.00000 0.014825 
