1 1
0.00067 1.000000 
0.00101 1.000000 
0.00134 1.000000 
0.00168 1.000000 
0.00201 1.000000 
0.00235 1.000000 
0.00268 1.000000 
0.00302 1.000000 
0.00335 1.000000 
0.00369 1.000000 
0.00402 1.000000 
0.00436 1.000000 
0.00469 1.000000 
0.00503 1.000000 
0.00536 1.000000 
0.00570 1.000000 
0.00603 1.000000 
0.00637 1.000000 
0.00670 1.000000 
0.00704 1.000000 
0.00738 1.000000 
0.00771 1.000000 
0.00805 1.000000 
0.00838 1.000000 
0.00872 1.000000 
0.00905 1.000000 
0.00939 1.000000 
0.00972 1.000000 
0.01006 1.000000 
0.01039 1.000000 
0.01073 1.000000 
0.01106 1.000000 
0.01140 1.000000 
0.01173 1.000000 
0.01207 1.000000 
0.01240 1.000000 
0.01274 0.998578 
0.01307 0.997301 
0.01341 0.997436 
0.01374 0.997561 
0.01408 0.997677 
0.01442 0.997785 
0.01475 0.995772 
0.01509 0.995960 
0.01542 0.996135 
0.01576 0.996300 
0.01609 0.995567 
0.01643 0.995748 
0.01676 0.995918 
0.01710 0.994510 
0.01743 0.993213 
0.01777 0.992743 
0.01810 0.990915 
0.01844 0.991246 
0.01877 0.988961 
0.01911 0.989348 
0.01944 0.987296 
0.01978 0.986558 
0.02011 0.985311 
0.02045 0.984153 
0.02078 0.980434 
0.02112 0.977471 
0.02145 0.975694 
0.02179 0.975000 
0.02213 0.975291 
0.02246 0.973315 
0.02280 0.971027 
0.02313 0.969309 
0.02347 0.968116 
0.02380 0.965392 
0.02414 0.958920 
0.02447 0.957382 
0.02481 0.954461 
0.02514 0.952072 
0.02548 0.951579 
0.02581 0.951128 
0.02615 0.949717 
0.02648 0.944499 
0.02682 0.940506 
0.02715 0.936728 
0.02749 0.933755 
0.02782 0.932119 
0.02816 0.928858 
0.02849 0.924370 
0.02883 0.920383 
0.02917 0.917936 
0.02950 0.916405 
0.02984 0.914198 
0.03017 0.911361 
0.03051 0.906716 
0.03084 0.903966 
0.03118 0.898784 
0.03151 0.895905 
0.03185 0.894737 
0.03218 0.892544 
0.03252 0.887672 
0.03285 0.884284 
0.03319 0.881468 
0.03352 0.878182 
0.03386 0.875842 
0.03419 0.875364 
0.03453 0.870931 
0.03486 0.868745 
0.03520 0.863004 
0.03553 0.857862 
0.03587 0.855228 
0.03621 0.852717 
0.03654 0.850323 
0.03688 0.846539 
0.03721 0.843735 
0.03755 0.838320 
0.03788 0.834703 
0.03822 0.831393 
0.03855 0.828070 
0.03889 0.826687 
0.03922 0.823018 
0.03956 0.820658 
0.03989 0.817262 
0.04023 0.812465 
0.04056 0.804959 
0.04090 0.800027 
0.04123 0.797148 
0.04157 0.794781 
0.04190 0.789290 
0.04224 0.785524 
0.04257 0.783902 
0.04291 0.778543 
0.04325 0.776163 
0.04358 0.768873 
0.04392 0.763241 
0.04425 0.760699 
0.04459 0.758031 
0.04492 0.754349 
0.04526 0.750912 
0.04559 0.748039 
0.04593 0.744740 
0.04626 0.739130 
0.04660 0.734126 
0.04693 0.731655 
0.04727 0.729179 
0.04760 0.726801 
0.04794 0.724121 
0.04827 0.721834 
0.04861 0.719540 
0.04894 0.716769 
0.04928 0.714286 
0.04961 0.711068 
0.04995 0.708779 
0.05028 0.706488 
0.05062 0.702075 
0.05096 0.698327 
0.05129 0.695476 
0.05163 0.691792 
0.05196 0.686636 
0.05230 0.684036 
0.05263 0.680875 
0.05297 0.678062 
0.05330 0.673991 
0.05364 0.670519 
0.05397 0.667935 
0.05431 0.664596 
0.05464 0.660835 
0.05498 0.657040 
0.05531 0.654472 
0.05565 0.652574 
0.05598 0.648654 
0.05632 0.645210 
0.05665 0.642082 
0.05699 0.640237 
0.05732 0.636326 
0.05766 0.634231 
0.05800 0.631133 
0.05833 0.627732 
0.05867 0.626141 
0.05900 0.623506 
0.05934 0.620634 
0.05967 0.616264 
0.06001 0.612768 
0.06034 0.609497 
0.06068 0.606446 
0.06101 0.603121 
0.06135 0.600853 
0.06168 0.597410 
0.06202 0.594360 
0.06235 0.591223 
0.06269 0.588925 
0.06302 0.585220 
0.06336 0.582405 
0.06369 0.579894 
0.06403 0.577735 
0.06436 0.575262 
0.06470 0.571783 
0.06504 0.568666 
0.06537 0.565477 
0.06571 0.562480 
0.06604 0.558583 
0.06638 0.554786 
0.06671 0.552764 
0.06705 0.549648 
0.06738 0.547463 
0.06772 0.545146 
0.06805 0.542067 
0.06839 0.539023 
0.06872 0.536968 
0.06906 0.533981 
0.06939 0.531776 
0.06973 0.529311 
0.07006 0.526914 
0.07040 0.524356 
0.07073 0.522501 
0.07107 0.518779 
0.07140 0.516343 
0.07174 0.514589 
0.07208 0.512758 
0.07241 0.510982 
0.07275 0.508193 
0.07308 0.505855 
0.07342 0.504001 
0.07375 0.502200 
0.07409 0.499630 
0.07442 0.497004 
0.07476 0.494526 
0.07509 0.492273 
0.07543 0.489881 
0.07576 0.487355 
0.07610 0.485088 
0.07643 0.482611 
0.07677 0.480464 
0.07710 0.478299 
0.07744 0.476642 
0.07777 0.474474 
0.07811 0.472325 
0.07844 0.470196 
0.07878 0.467903 
0.07911 0.465525 
0.07945 0.463456 
0.07979 0.461405 
0.08012 0.459231 
0.08046 0.456695 
0.08079 0.454461 
0.08113 0.452179 
0.08146 0.450430 
0.08180 0.447683 
0.08213 0.445902 
0.08247 0.443338 
0.08280 0.441032 
0.08314 0.439108 
0.08347 0.436650 
0.08381 0.434699 
0.08414 0.431968 
0.08448 0.429678 
0.08481 0.427756 
0.08515 0.426348 
0.08548 0.424641 
0.08582 0.422549 
0.08615 0.420537 
0.08649 0.418213 
0.08683 0.416360 
0.08716 0.414761 
0.08750 0.412997 
0.08783 0.411307 
0.08817 0.409689 
0.08850 0.408025 
0.08884 0.405689 
0.08917 0.403575 
0.08951 0.401960 
0.08984 0.400106 
0.09018 0.398408 
0.09051 0.396117 
0.09085 0.394205 
0.09118 0.391985 
0.09152 0.390514 
0.09185 0.388599 
0.09219 0.386622 
0.09252 0.385165 
0.09286 0.383430 
0.09319 0.381451 
0.09353 0.379903 
0.09387 0.378239 
0.09420 0.376538 
0.09454 0.374852 
0.09487 0.373130 
0.09521 0.371373 
0.09554 0.369805 
0.09588 0.368028 
0.09621 0.366755 
0.09655 0.365176 
0.09688 0.363754 
0.09722 0.362129 
0.09755 0.360564 
0.09789 0.358683 
0.09822 0.357123 
0.09856 0.355436 
0.09889 0.353834 
0.09923 0.352290 
0.09956 0.350714 
0.09990 0.348609 
0.10023 0.347220 
0.10057 0.345552 
0.10091 0.343920 
0.10124 0.342677 
0.10158 0.341005 
0.10191 0.339891 
0.10225 0.338762 
0.10258 0.337341 
0.10292 0.335888 
0.10325 0.334574 
0.10359 0.333060 
0.10392 0.331559 
0.10426 0.329779 
0.10459 0.328304 
0.10493 0.326944 
0.10526 0.325777 
0.10560 0.324396 
0.10593 0.323026 
0.10627 0.321567 
0.10660 0.320417 
0.10694 0.318980 
0.10727 0.317790 
0.10761 0.316628 
0.10795 0.315474 
0.10828 0.314290 
0.10862 0.313057 
0.10895 0.312061 
0.10929 0.310618 
0.10962 0.309225 
0.10996 0.308029 
0.11029 0.306824 
0.11063 0.305517 
0.11096 0.304422 
0.11130 0.303043 
0.11163 0.301910 
0.11197 0.300894 
0.11230 0.299777 
0.11264 0.298454 
0.11297 0.297283 
0.11331 0.295876 
0.11364 0.294741 
0.11398 0.293684 
0.11431 0.292410 
0.11465 0.291420 
0.11498 0.290011 
0.11532 0.288765 
0.11566 0.287647 
0.11599 0.286705 
0.11633 0.285719 
0.11666 0.284607 
0.11700 0.283651 
0.11733 0.282505 
0.11767 0.281514 
0.11800 0.280578 
0.11834 0.279343 
0.11867 0.278101 
0.11901 0.276995 
0.11934 0.275819 
0.11968 0.274840 
0.12001 0.273837 
0.12035 0.272700 
0.12068 0.271448 
0.12102 0.270468 
0.12135 0.269479 
0.12169 0.268603 
0.12202 0.267672 
0.12236 0.266792 
0.12270 0.265649 
0.12303 0.264707 
0.12337 0.263831 
0.12370 0.262770 
0.12404 0.261730 
0.12437 0.260640 
0.12471 0.259557 
0.12504 0.258526 
0.12538 0.257616 
0.12571 0.256684 
0.12605 0.255660 
0.12638 0.254882 
0.12672 0.254038 
0.12705 0.253173 
0.12739 0.252326 
0.12772 0.251209 
0.12806 0.250388 
0.12839 0.249504 
0.12873 0.248559 
0.12906 0.247660 
0.12940 0.246659 
0.12974 0.245652 
0.13007 0.244959 
0.13041 0.243964 
0.13074 0.243122 
0.13108 0.242272 
0.13141 0.241414 
0.13175 0.240692 
0.13208 0.239883 
0.13242 0.239080 
0.13275 0.238039 
0.13309 0.237259 
0.13342 0.236459 
0.13376 0.235614 
0.13409 0.234799 
0.13443 0.234115 
0.13476 0.233086 
0.13510 0.232214 
0.13543 0.231187 
0.13577 0.230375 
0.13610 0.229544 
0.13644 0.228538 
0.13678 0.227815 
0.13711 0.227072 
0.13745 0.226239 
0.13778 0.225553 
0.13812 0.224848 
0.13845 0.224218 
0.13879 0.223357 
0.13912 0.222443 
0.13946 0.221594 
0.13979 0.220762 
0.14013 0.220004 
0.14046 0.219296 
0.14080 0.218388 
0.14113 0.217656 
0.14147 0.216974 
0.14180 0.216172 
0.14214 0.215398 
0.14247 0.214739 
0.14281 0.214085 
0.14314 0.213368 
0.14348 0.212644 
0.14381 0.211794 
0.14415 0.210929 
0.14449 0.210328 
0.14482 0.209612 
0.14516 0.208900 
0.14549 0.208246 
0.14583 0.207649 
0.14616 0.206886 
0.14650 0.206307 
0.14683 0.205532 
0.14717 0.204949 
0.14750 0.204266 
0.14784 0.203680 
0.14817 0.203066 
0.14851 0.202476 
0.14884 0.201859 
0.14918 0.201093 
0.14951 0.200423 
0.14985 0.199737 
0.15018 0.199145 
0.15052 0.198397 
0.15085 0.197704 
0.15119 0.197073 
0.15153 0.196486 
0.15186 0.195696 
0.15220 0.195038 
0.15253 0.194414 
0.15287 0.193792 
0.15320 0.193222 
0.15354 0.192493 
0.15387 0.191930 
0.15421 0.191304 
0.15454 0.190748 
0.15488 0.190129 
0.15521 0.189513 
0.15555 0.188845 
0.15588 0.188246 
0.15622 0.187715 
0.15655 0.187022 
0.15689 0.186506 
0.15722 0.185838 
0.15756 0.185283 
0.15789 0.184695 
0.15823 0.184048 
0.15857 0.183440 
0.15890 0.182826 
0.15924 0.182278 
0.15957 0.181654 
0.15991 0.181025 
0.16024 0.180460 
0.16058 0.179908 
0.16091 0.179297 
0.16125 0.178751 
0.16158 0.178225 
0.16192 0.177813 
0.16225 0.177250 
0.16259 0.176621 
0.16292 0.176115 
0.16326 0.175603 
0.16359 0.174992 
0.16393 0.174503 
0.16426 0.173924 
0.16460 0.173316 
0.16493 0.172744 
0.16527 0.172224 
0.16561 0.171691 
0.16594 0.171136 
0.16628 0.170552 
0.16661 0.169996 
0.16695 0.169426 
0.16728 0.168900 
0.16762 0.168409 
0.16795 0.167904 
0.16829 0.167434 
0.16862 0.166982 
0.16896 0.166430 
0.16929 0.165952 
0.16963 0.165484 
0.16996 0.164948 
0.17030 0.164477 
0.17063 0.163939 
0.17097 0.163435 
0.17130 0.162925 
0.17164 0.162388 
0.17197 0.161923 
0.17231 0.161399 
0.17264 0.160893 
0.17298 0.160382 
0.17332 0.159897 
0.17365 0.159436 
0.17399 0.158926 
0.17432 0.158515 
0.17466 0.158084 
0.17499 0.157632 
0.17533 0.157073 
0.17566 0.156576 
0.17600 0.156169 
0.17633 0.155734 
0.17667 0.155331 
0.17700 0.154843 
0.17734 0.154408 
0.17767 0.153975 
0.17801 0.153523 
0.17834 0.153109 
0.17868 0.152661 
0.17901 0.152223 
0.17935 0.151745 
0.17968 0.151297 
0.18002 0.150824 
0.18036 0.150340 
0.18069 0.149927 
0.18103 0.149454 
0.18136 0.148977 
0.18170 0.148550 
0.18203 0.148132 
0.18237 0.147709 
0.18270 0.147322 
0.18304 0.146897 
0.18337 0.146473 
0.18371 0.146105 
0.18404 0.145626 
0.18438 0.145209 
0.18471 0.144788 
0.18505 0.144388 
0.18538 0.143958 
0.18572 0.143556 
0.18605 0.143136 
0.18639 0.142725 
0.18672 0.142290 
0.18706 0.141838 
0.18740 0.141426 
0.18773 0.141017 
0.18807 0.140604 
0.18840 0.140179 
0.18874 0.139801 
0.18907 0.139444 
0.18941 0.139032 
0.18974 0.138628 
0.19008 0.138258 
0.19041 0.137852 
0.19075 0.137479 
0.19108 0.137058 
0.19142 0.136713 
0.19175 0.136315 
0.19209 0.135979 
0.19242 0.135609 
0.19276 0.135228 
0.19309 0.134873 
0.19343 0.134454 
0.19376 0.134127 
0.19410 0.133735 
0.19444 0.133375 
0.19477 0.133052 
0.19511 0.132654 
0.19544 0.132264 
0.19578 0.131887 
0.19611 0.131507 
0.19645 0.131175 
0.19678 0.130856 
0.19712 0.130498 
0.19745 0.130124 
0.19779 0.129786 
0.19812 0.129439 
0.19846 0.129087 
0.19879 0.128703 
0.19913 0.128361 
0.19946 0.128014 
0.19980 0.127680 
0.20013 0.127314 
0.20047 0.126939 
0.20080 0.126621 
0.20114 0.126255 
0.20148 0.125935 
0.20181 0.125627 
0.20215 0.125326 
0.20248 0.125021 
0.20282 0.124728 
0.20315 0.124343 
0.20349 0.124021 
0.20382 0.123726 
0.20416 0.123380 
0.20449 0.123056 
0.20483 0.122755 
0.20516 0.122402 
0.20550 0.122120 
0.20583 0.121839 
0.20617 0.121533 
0.20650 0.121207 
0.20684 0.120888 
0.20717 0.120533 
0.20751 0.120248 
0.20784 0.119933 
0.20818 0.119620 
0.20851 0.119308 
0.20885 0.119002 
0.20919 0.118677 
0.20952 0.118405 
0.20986 0.118083 
0.21019 0.117803 
0.21053 0.117535 
0.21086 0.117212 
0.21120 0.116925 
0.21153 0.116640 
0.21187 0.116316 
0.21220 0.116004 
0.21254 0.115698 
0.21287 0.115413 
0.21321 0.115104 
0.21354 0.114802 
0.21388 0.114506 
0.21421 0.114246 
0.21455 0.113957 
0.21488 0.113670 
0.21522 0.113408 
0.21555 0.113104 
0.21589 0.112816 
0.21623 0.112538 
0.21656 0.112257 
0.21690 0.111953 
0.21723 0.111684 
0.21757 0.111415 
0.21790 0.111144 
0.21824 0.110850 
0.21857 0.110557 
0.21891 0.110270 
0.21924 0.109984 
0.21958 0.109732 
0.21991 0.109449 
0.22025 0.109171 
0.22058 0.108914 
0.22092 0.108661 
0.22125 0.108383 
0.22159 0.108147 
0.22192 0.107907 
0.22226 0.107654 
0.22259 0.107398 
0.22293 0.107138 
0.22327 0.106871 
0.22360 0.106640 
0.22394 0.106366 
0.22427 0.106115 
0.22461 0.105839 
0.22494 0.105594 
0.22528 0.105346 
0.22561 0.105086 
0.22595 0.104841 
0.22628 0.104609 
0.22662 0.104370 
0.22695 0.104132 
0.22729 0.103907 
0.22762 0.103675 
0.22796 0.103405 
0.22829 0.103127 
0.22863 0.102893 
0.22896 0.102648 
0.22930 0.102382 
0.22963 0.102168 
0.22997 0.101926 
0.23031 0.101659 
0.23064 0.101418 
0.23098 0.101175 
0.23131 0.100932 
0.23165 0.100711 
0.23198 0.100458 
0.23232 0.100218 
0.23265 0.099958 
0.23299 0.099733 
0.23332 0.099508 
0.23366 0.099260 
0.23399 0.099016 
0.23433 0.098778 
0.23466 0.098529 
0.23500 0.098284 
0.23533 0.098057 
0.23567 0.097818 
0.23600 0.097577 
0.23634 0.097340 
0.23667 0.097101 
0.23701 0.096866 
0.23734 0.096665 
0.23768 0.096456 
0.23802 0.096232 
0.23835 0.095997 
0.23869 0.095758 
0.23902 0.095545 
0.23936 0.095313 
0.23969 0.095093 
0.24003 0.094867 
0.24036 0.094664 
0.24070 0.094463 
0.24103 0.094266 
0.24137 0.094074 
0.24170 0.093847 
0.24204 0.093645 
0.24237 0.093428 
0.24271 0.093227 
0.24304 0.093012 
0.24338 0.092794 
0.24371 0.092599 
0.24405 0.092386 
0.24438 0.092163 
0.24472 0.091952 
0.24506 0.091734 
0.24539 0.091509 
0.24573 0.091297 
0.24606 0.091097 
0.24640 0.090890 
0.24673 0.090683 
0.24707 0.090459 
0.24740 0.090255 
0.24774 0.090032 
0.24807 0.089829 
0.24841 0.089616 
0.24874 0.089407 
0.24908 0.089228 
0.24941 0.089035 
0.24975 0.088836 
0.25008 0.088637 
0.25042 0.088450 
0.25075 0.088242 
0.25109 0.088060 
0.25142 0.087858 
0.25176 0.087645 
0.25210 0.087444 
0.25243 0.087257 
0.25277 0.087058 
0.25310 0.086887 
0.25344 0.086716 
0.25377 0.086533 
0.25411 0.086346 
0.25444 0.086171 
0.25478 0.085989 
0.25511 0.085808 
0.25545 0.085624 
0.25578 0.085431 
0.25612 0.085266 
0.25645 0.085073 
0.25679 0.084892 
0.25712 0.084705 
0.25746 0.084515 
0.25779 0.084329 
0.25813 0.084140 
0.25846 0.083946 
0.25880 0.083768 
0.25914 0.083599 
0.25947 0.083416 
0.25981 0.083241 
0.26014 0.083056 
0.26048 0.082892 
0.26081 0.082719 
0.26115 0.082553 
0.26148 0.082364 
0.26182 0.082209 
0.26215 0.082018 
0.26249 0.081825 
0.26282 0.081642 
0.26316 0.081486 
0.26349 0.081324 
0.26383 0.081166 
0.26416 0.080996 
0.26450 0.080816 
0.26483 0.080634 
0.26517 0.080456 
0.26550 0.080288 
0.26584 0.080123 
0.26617 0.079969 
0.26651 0.079812 
0.26685 0.079637 
0.26718 0.079466 
0.26752 0.079292 
0.26785 0.079121 
0.26819 0.078942 
0.26852 0.078764 
0.26886 0.078602 
0.26919 0.078422 
0.26953 0.078251 
0.26986 0.078103 
0.27020 0.077943 
0.27053 0.077793 
0.27087 0.077634 
0.27120 0.077467 
0.27154 0.077306 
0.27187 0.077140 
0.27221 0.076971 
0.27254 0.076809 
0.27288 0.076660 
0.27321 0.076499 
0.27355 0.076353 
0.27389 0.076205 
0.27422 0.076046 
0.27456 0.075881 
0.27489 0.075726 
0.27523 0.075580 
0.27556 0.075432 
0.27590 0.075296 
0.27623 0.075157 
0.27657 0.075001 
0.27690 0.074846 
0.27724 0.074683 
0.27757 0.074523 
0.27791 0.074375 
0.27824 0.074231 
0.27858 0.074064 
0.27891 0.073915 
0.27925 0.073772 
0.27958 0.073615 
0.27992 0.073459 
0.28025 0.073300 
0.28059 0.073165 
0.28093 0.073022 
0.28126 0.072879 
0.28160 0.072740 
0.28193 0.072601 
0.28227 0.072439 
0.28260 0.072301 
0.28294 0.072155 
0.28327 0.072015 
0.28361 0.071868 
0.28394 0.071731 
0.28428 0.071587 
0.28461 0.071446 
0.28495 0.071306 
0.28528 0.071172 
0.28562 0.071027 
0.28595 0.070890 
0.28629 0.070746 
0.28662 0.070614 
0.28696 0.070481 
0.28729 0.070347 
0.28763 0.070194 
0.28797 0.070055 
0.28830 0.069914 
0.28864 0.069784 
0.28897 0.069643 
0.28931 0.069506 
0.28964 0.069369 
0.28998 0.069238 
0.29031 0.069100 
0.29065 0.068954 
0.29098 0.068837 
0.29132 0.068690 
0.29165 0.068553 
0.29199 0.068414 
0.29232 0.068278 
0.29266 0.068158 
0.29299 0.068021 
0.29333 0.067891 
0.29366 0.067760 
0.29400 0.067637 
0.29433 0.067493 
0.29467 0.067373 
0.29501 0.067251 
0.29534 0.067132 
0.29568 0.067000 
0.29601 0.066869 
0.29635 0.066746 
0.29668 0.066616 
0.29702 0.066503 
0.29735 0.066376 
0.29769 0.066250 
0.29802 0.066111 
0.29836 0.065982 
0.29869 0.065862 
0.29903 0.065745 
0.29936 0.065620 
0.29970 0.065503 
0.30003 0.065382 
0.30037 0.065263 
0.30070 0.065148 
0.30104 0.065032 
0.30137 0.064917 
0.30171 0.064800 
0.30204 0.064676 
0.30238 0.064555 
0.30272 0.064444 
0.30305 0.064314 
0.30339 0.064196 
0.30372 0.064081 
0.30406 0.063962 
0.30439 0.063835 
0.30473 0.063712 
0.30506 0.063591 
0.30540 0.063473 
0.30573 0.063349 
0.30607 0.063243 
0.30640 0.063119 
0.30674 0.062996 
0.30707 0.062875 
0.30741 0.062759 
0.30774 0.062656 
0.30808 0.062553 
0.30841 0.062431 
0.30875 0.062309 
0.30908 0.062200 
0.30942 0.062082 
0.30976 0.061976 
0.31009 0.061863 
0.31043 0.061748 
0.31076 0.061631 
0.31110 0.061517 
0.31143 0.061419 
0.31177 0.061305 
0.31210 0.061201 
0.31244 0.061088 
0.31277 0.060978 
0.31311 0.060864 
0.31344 0.060761 
0.31378 0.060656 
0.31411 0.060552 
0.31445 0.060446 
0.31478 0.060344 
0.31512 0.060241 
0.31545 0.060133 
0.31579 0.060026 
0.31612 0.059916 
0.31646 0.059805 
0.31680 0.059687 
0.31713 0.059586 
0.31747 0.059480 
0.31780 0.059379 
0.31814 0.059272 
0.31847 0.059158 
0.31881 0.059054 
0.31914 0.058947 
0.31948 0.058835 
0.31981 0.058735 
0.32015 0.058626 
0.32048 0.058512 
0.32082 0.058396 
0.32115 0.058300 
0.32149 0.058194 
0.32182 0.058086 
0.32216 0.057984 
0.32249 0.057881 
0.32283 0.057780 
0.32316 0.057680 
0.32350 0.057577 
0.32384 0.057469 
0.32417 0.057372 
0.32451 0.057279 
0.32484 0.057180 
0.32518 0.057072 
0.32551 0.056972 
0.32585 0.056865 
0.32618 0.056767 
0.32652 0.056674 
0.32685 0.056570 
0.32719 0.056471 
0.32752 0.056379 
0.32786 0.056282 
0.32819 0.056176 
0.32853 0.056073 
0.32886 0.055976 
0.32920 0.055883 
0.32953 0.055790 
0.32987 0.055691 
0.33020 0.055609 
0.33054 0.055510 
0.33087 0.055414 
0.33121 0.055314 
0.33155 0.055215 
0.33188 0.055117 
0.33222 0.055020 
0.33255 0.054924 
0.33289 0.054835 
0.33322 0.054747 
0.33356 0.054650 
0.33389 0.054560 
0.33423 0.054477 
0.33456 0.054382 
0.33490 0.054287 
0.33523 0.054194 
0.33557 0.054104 
0.33590 0.054014 
0.33624 0.053914 
0.33657 0.053827 
0.33691 0.053733 
0.33724 0.053644 
0.33758 0.053556 
0.33791 0.053467 
0.33825 0.053375 
0.33859 0.053285 
0.33892 0.053195 
0.33926 0.053113 
0.33959 0.053030 
0.33993 0.052935 
0.34026 0.052844 
0.34060 0.052758 
0.34093 0.052668 
0.34127 0.052576 
0.34160 0.052486 
0.34194 0.052399 
0.34227 0.052313 
0.34261 0.052230 
0.34294 0.052136 
0.34328 0.052057 
0.34361 0.051968 
0.34395 0.051877 
0.34428 0.051787 
0.34462 0.051699 
0.34495 0.051620 
0.34529 0.051535 
0.34563 0.051450 
0.34596 0.051365 
0.34630 0.051279 
0.34663 0.051198 
0.34697 0.051116 
0.34730 0.051027 
0.34764 0.050945 
0.34797 0.050858 
0.34831 0.050786 
0.34864 0.050711 
0.34898 0.050632 
0.34931 0.050548 
0.34965 0.050463 
0.34998 0.050380 
0.35032 0.050291 
0.35065 0.050209 
0.35099 0.050122 
0.35132 0.050038 
0.35166 0.049953 
0.35199 0.049882 
0.35233 0.049807 
0.35267 0.049734 
0.35300 0.049659 
0.35334 0.049574 
0.35367 0.049496 
0.35401 0.049422 
0.35434 0.049345 
0.35468 0.049262 
0.35501 0.049185 
0.35535 0.049106 
0.35568 0.049025 
0.35602 0.048950 
0.35635 0.048872 
0.35669 0.048794 
0.35702 0.048713 
0.35736 0.048629 
0.35769 0.048554 
0.35803 0.048475 
0.35836 0.048391 
0.35870 0.048311 
0.35903 0.048239 
0.35937 0.048157 
0.35970 0.048080 
0.36004 0.048002 
0.36038 0.047917 
0.36071 0.047836 
0.36105 0.047759 
0.36138 0.047683 
0.36172 0.047608 
0.36205 0.047535 
0.36239 0.047465 
0.36272 0.047387 
0.36306 0.047312 
0.36339 0.047236 
0.36373 0.047161 
0.36406 0.047095 
0.36440 0.047020 
0.36473 0.046943 
0.36507 0.046874 
0.36540 0.046800 
0.36574 0.046723 
0.36607 0.046647 
0.36641 0.046575 
0.36674 0.046498 
0.36708 0.046427 
0.36742 0.046352 
0.36775 0.046279 
0.36809 0.046213 
0.36842 0.046146 
0.36876 0.046070 
0.36909 0.045993 
0.36943 0.045921 
0.36976 0.045853 
0.37010 0.045776 
0.37043 0.045708 
0.37077 0.045635 
0.37110 0.045561 
0.37144 0.045490 
0.37177 0.045421 
0.37211 0.045352 
0.37244 0.045282 
0.37278 0.045213 
0.37311 0.045139 
0.37345 0.045066 
0.37378 0.044994 
0.37412 0.044923 
0.37446 0.044854 
0.37479 0.044785 
0.37513 0.044718 
0.37546 0.044649 
0.37580 0.044581 
0.37613 0.044514 
0.37647 0.044446 
0.37680 0.044375 
0.37714 0.044304 
0.37747 0.044236 
0.37781 0.044172 
0.37814 0.044106 
0.37848 0.044037 
0.37881 0.043970 
0.37915 0.043904 
0.37948 0.043838 
0.37982 0.043774 
0.38015 0.043709 
0.38049 0.043646 
0.38082 0.043578 
0.38116 0.043512 
0.38150 0.043445 
0.38183 0.043380 
0.38217 0.043317 
0.38250 0.043254 
0.38284 0.043189 
0.38317 0.043126 
0.38351 0.043056 
0.38384 0.042996 
0.38418 0.042935 
0.38451 0.042874 
0.38485 0.042814 
0.38518 0.042752 
0.38552 0.042684 
0.38585 0.042617 
0.38619 0.042557 
0.38652 0.042492 
0.38686 0.042427 
0.38719 0.042367 
0.38753 0.042310 
0.38786 0.042243 
0.38820 0.042184 
0.38854 0.042123 
0.38887 0.042067 
0.38921 0.041999 
0.38954 0.041935 
0.38988 0.041873 
0.39021 0.041810 
0.39055 0.041749 
0.39088 0.041686 
0.39122 0.041622 
0.39155 0.041560 
0.39189 0.041497 
0.39222 0.041437 
0.39256 0.041373 
0.39289 0.041308 
0.39323 0.041247 
0.39356 0.041189 
0.39390 0.041129 
0.39423 0.041073 
0.39457 0.041009 
0.39490 0.040943 
0.39524 0.040887 
0.39557 0.040830 
0.39591 0.040770 
0.39625 0.040712 
0.39658 0.040659 
0.39692 0.040601 
0.39725 0.040543 
0.39759 0.040484 
0.39792 0.040428 
0.39826 0.040366 
0.39859 0.040305 
0.39893 0.040248 
0.39926 0.040189 
0.39960 0.040133 
0.39993 0.040074 
0.40027 0.040016 
0.40060 0.039959 
0.40094 0.039904 
0.40127 0.039850 
0.40161 0.039792 
0.40194 0.039735 
0.40228 0.039678 
0.40261 0.039620 
0.40295 0.039564 
0.40329 0.039505 
0.40362 0.039445 
0.40396 0.039390 
0.40429 0.039332 
0.40463 0.039276 
0.40496 0.039218 
0.40530 0.039164 
0.40563 0.039108 
0.40597 0.039050 
0.40630 0.038993 
0.40664 0.038937 
0.40697 0.038879 
0.40731 0.038825 
0.40764 0.038771 
0.40798 0.038720 
0.40831 0.038665 
0.40865 0.038614 
0.40898 0.038559 
0.40932 0.038505 
0.40965 0.038451 
0.40999 0.038398 
0.41033 0.038349 
0.41066 0.038291 
0.41100 0.038240 
0.41133 0.038182 
0.41167 0.038128 
0.41200 0.038077 
0.41234 0.038022 
0.41267 0.037968 
0.41301 0.037918 
0.41334 0.037867 
0.41368 0.037819 
0.41401 0.037764 
0.41435 0.037712 
0.41468 0.037659 
0.41502 0.037610 
0.41535 0.037558 
0.41569 0.037508 
0.41602 0.037458 
0.41636 0.037408 
0.41669 0.037352 
0.41703 0.037300 
0.41737 0.037250 
0.41770 0.037195 
0.41804 0.037145 
0.41837 0.037094 
0.41871 0.037049 
0.41904 0.036999 
0.41938 0.036947 
0.41971 0.036898 
0.42005 0.036847 
0.42038 0.036797 
0.42072 0.036744 
0.42105 0.036695 
0.42139 0.036646 
0.42172 0.036596 
0.42206 0.036546 
0.42239 0.036495 
0.42273 0.036445 
0.42306 0.036394 
0.42340 0.036348 
0.42373 0.036296 
0.42407 0.036247 
0.42440 0.036195 
0.42474 0.036148 
0.42508 0.036097 
0.42541 0.036050 
0.42575 0.035998 
0.42608 0.035949 
0.42642 0.035900 
0.42675 0.035850 
0.42709 0.035801 
0.42742 0.035753 
0.42776 0.035701 
0.42809 0.035656 
0.42843 0.035610 
0.42876 0.035563 
0.42910 0.035516 
0.42943 0.035472 
0.42977 0.035424 
0.43010 0.035377 
0.43044 0.035328 
0.43077 0.035281 
0.43111 0.035235 
0.43144 0.035189 
0.43178 0.035139 
0.43212 0.035095 
0.43245 0.035048 
0.43279 0.034998 
0.43312 0.034948 
0.43346 0.034899 
0.43379 0.034852 
0.43413 0.034808 
0.43446 0.034759 
0.43480 0.034712 
0.43513 0.034666 
0.43547 0.034618 
0.43580 0.034573 
0.43614 0.034528 
0.43647 0.034483 
0.43681 0.034443 
0.43714 0.034397 
0.43748 0.034351 
0.43781 0.034308 
0.43815 0.034261 
0.43848 0.034218 
0.43882 0.034174 
0.43916 0.034131 
0.43949 0.034086 
0.43983 0.034045 
0.44016 0.034001 
0.44050 0.033960 
0.44083 0.033916 
0.44117 0.033876 
0.44150 0.033834 
0.44184 0.033791 
0.44217 0.033746 
0.44251 0.033706 
0.44284 0.033665 
0.44318 0.033621 
0.44351 0.033579 
0.44385 0.033535 
0.44418 0.033488 
0.44452 0.033448 
0.44485 0.033406 
0.44519 0.033364 
0.44552 0.033324 
0.44586 0.033280 
0.44620 0.033240 
0.44653 0.033198 
0.44687 0.033155 
0.44720 0.033115 
0.44754 0.033074 
0.44787 0.033032 
0.44821 0.032992 
0.44854 0.032948 
0.44888 0.032905 
0.44921 0.032860 
0.44955 0.032821 
0.44988 0.032780 
0.45022 0.032738 
0.45055 0.032694 
0.45089 0.032654 
0.45122 0.032612 
0.45156 0.032570 
0.45189 0.032530 
0.45223 0.032485 
0.45256 0.032448 
0.45290 0.032405 
0.45323 0.032362 
0.45357 0.032324 
0.45391 0.032283 
0.45424 0.032243 
0.45458 0.032201 
0.45491 0.032160 
0.45525 0.032122 
0.45558 0.032080 
0.45592 0.032041 
0.45625 0.031999 
0.45659 0.031959 
0.45692 0.031917 
0.45726 0.031877 
0.45759 0.031837 
0.45793 0.031799 
0.45826 0.031757 
0.45860 0.031717 
0.45893 0.031678 
0.45927 0.031637 
0.45960 0.031599 
0.45994 0.031561 
0.46027 0.031525 
0.46061 0.031485 
0.46095 0.031446 
0.46128 0.031407 
0.46162 0.031367 
0.46195 0.031326 
0.46229 0.031287 
0.46262 0.031250 
0.46296 0.031210 
0.46329 0.031170 
0.46363 0.031132 
0.46396 0.031092 
0.46430 0.031054 
0.46463 0.031018 
0.46497 0.030979 
0.46530 0.030942 
0.46564 0.030904 
0.46597 0.030866 
0.46631 0.030832 
0.46664 0.030795 
0.46698 0.030757 
0.46731 0.030718 
0.46765 0.030685 
0.46799 0.030647 
0.46832 0.030610 
0.46866 0.030568 
0.46899 0.030529 
0.46933 0.030488 
0.46966 0.030451 
0.47000 0.030416 
0.47033 0.030380 
0.47067 0.030345 
0.47100 0.030309 
0.47134 0.030273 
0.47167 0.030238 
0.47201 0.030203 
0.47234 0.030168 
0.47268 0.030131 
0.47301 0.030092 
0.47335 0.030055 
0.47368 0.030017 
0.47402 0.029982 
0.47435 0.029946 
0.47469 0.029912 
0.47503 0.029876 
0.47536 0.029842 
0.47570 0.029809 
0.47603 0.029776 
0.47637 0.029739 
0.47670 0.029704 
0.47704 0.029668 
0.47737 0.029633 
0.47771 0.029596 
0.47804 0.029558 
0.47838 0.029524 
0.47871 0.029487 
0.47905 0.029455 
0.47938 0.029421 
0.47972 0.029383 
0.48005 0.029350 
0.48039 0.029317 
0.48072 0.029283 
0.48106 0.029248 
0.48139 0.029214 
0.48173 0.029179 
0.48207 0.029145 
0.48240 0.029109 
0.48274 0.029077 
0.48307 0.029042 
0.48341 0.029008 
0.48374 0.028971 
0.48408 0.028937 
0.48441 0.028903 
0.48475 0.028870 
0.48508 0.028832 
0.48542 0.028796 
0.48575 0.028762 
0.48609 0.028728 
0.48642 0.028692 
0.48676 0.028655 
0.48709 0.028622 
0.48743 0.028590 
0.48776 0.028554 
0.48810 0.028519 
0.48843 0.028485 
0.48877 0.028451 
0.48910 0.028416 
0.48944 0.028384 
0.48978 0.028351 
0.49011 0.028315 
0.49045 0.028281 
0.49078 0.028248 
0.49112 0.028216 
0.49145 0.028184 
0.49179 0.028150 
0.49212 0.028118 
0.49246 0.028085 
0.49279 0.028053 
0.49313 0.028018 
0.49346 0.027984 
0.49380 0.027951 
0.49413 0.027919 
0.49447 0.027889 
0.49480 0.027856 
0.49514 0.027826 
0.49547 0.027795 
0.49581 0.027761 
0.49614 0.027730 
0.49648 0.027698 
0.49682 0.027665 
0.49715 0.027635 
0.49749 0.027600 
0.49782 0.027569 
0.49816 0.027538 
0.49849 0.027504 
0.49883 0.027473 
0.49916 0.027442 
0.49950 0.027411 
0.49983 0.027380 
0.50017 0.027350 
0.50050 0.027319 
0.50084 0.027288 
0.50117 0.027258 
0.50151 0.027228 
0.50184 0.027194 
0.50218 0.027164 
0.50251 0.027133 
0.50285 0.027103 
0.50318 0.027069 
0.50352 0.027040 
0.50386 0.027012 
0.50419 0.026982 
0.50453 0.026952 
0.50486 0.026920 
0.50520 0.026889 
0.50553 0.026861 
0.50587 0.026828 
0.50620 0.026797 
0.50654 0.026768 
0.50687 0.026740 
0.50721 0.026711 
0.50754 0.026683 
0.50788 0.026653 
0.50821 0.026623 
0.50855 0.026596 
0.50888 0.026565 
0.50922 0.026533 
0.50955 0.026505 
0.50989 0.026478 
0.51022 0.026449 
0.51056 0.026419 
0.51090 0.026390 
0.51123 0.026359 
0.51157 0.026330 
0.51190 0.026302 
0.51224 0.026271 
0.51257 0.026240 
0.51291 0.026210 
0.51324 0.026180 
0.51358 0.026151 
0.51391 0.026123 
0.51425 0.026094 
0.51458 0.026065 
0.51492 0.026037 
0.51525 0.026007 
0.51559 0.025976 
0.51592 0.025947 
0.51626 0.025919 
0.51659 0.025890 
0.51693 0.025860 
0.51726 0.025831 
0.51760 0.025803 
0.51793 0.025774 
0.51827 0.025745 
0.51861 0.025718 
0.51894 0.025687 
0.51928 0.025657 
0.51961 0.025630 
0.51995 0.025603 
0.52028 0.025575 
0.52062 0.025546 
0.52095 0.025518 
0.52129 0.025489 
0.52162 0.025461 
0.52196 0.025434 
0.52229 0.025408 
0.52263 0.025379 
0.52296 0.025353 
0.52330 0.025326 
0.52363 0.025297 
0.52397 0.025269 
0.52430 0.025241 
0.52464 0.025213 
0.52497 0.025187 
0.52531 0.025157 
0.52565 0.025131 
0.52598 0.025105 
0.52632 0.025076 
0.52665 0.025049 
0.52699 0.025021 
0.52732 0.024993 
0.52766 0.024967 
0.52799 0.024939 
0.52833 0.024913 
0.52866 0.024887 
0.52900 0.024861 
0.52933 0.024832 
0.52967 0.024806 
0.53000 0.024778 
0.53034 0.024752 
0.53067 0.024724 
0.53101 0.024697 
0.53134 0.024669 
0.53168 0.024644 
0.53201 0.024618 
0.53235 0.024592 
0.53269 0.024568 
0.53302 0.024542 
0.53336 0.024518 
0.53369 0.024492 
0.53403 0.024466 
0.53436 0.024441 
0.53470 0.024414 
0.53503 0.024389 
0.53537 0.024361 
0.53570 0.024335 
0.53604 0.024310 
0.53637 0.024283 
0.53671 0.024258 
0.53704 0.024233 
0.53738 0.024207 
0.53771 0.024183 
0.53805 0.024157 
0.53838 0.024129 
0.53872 0.024105 
0.53905 0.024078 
0.53939 0.024054 
0.53973 0.024030 
0.54006 0.024006 
0.54040 0.023980 
0.54073 0.023955 
0.54107 0.023930 
0.54140 0.023902 
0.54174 0.023880 
0.54207 0.023852 
0.54241 0.023827 
0.54274 0.023802 
0.54308 0.023778 
0.54341 0.023754 
0.54375 0.023729 
0.54408 0.023705 
0.54442 0.023680 
0.54475 0.023653 
0.54509 0.023628 
0.54542 0.023605 
0.54576 0.023579 
0.54609 0.023555 
0.54643 0.023530 
0.54677 0.023505 
0.54710 0.023481 
0.54744 0.023457 
0.54777 0.023433 
0.54811 0.023410 
0.54844 0.023384 
0.54878 0.023358 
0.54911 0.023334 
0.54945 0.023311 
0.54978 0.023288 
0.55012 0.023264 
0.55045 0.023240 
0.55079 0.023215 
0.55112 0.023189 
0.55146 0.023165 
0.55179 0.023139 
0.55213 0.023117 
0.55246 0.023092 
0.55280 0.023068 
0.55313 0.023044 
0.55347 0.023021 
0.55380 0.022997 
0.55414 0.022973 
0.55448 0.022948 
0.55481 0.022924 
0.55515 0.022901 
0.55548 0.022875 
0.55582 0.022851 
0.55615 0.022827 
0.55649 0.022804 
0.55682 0.022778 
0.55716 0.022755 
0.55749 0.022732 
0.55783 0.022709 
0.55816 0.022687 
0.55850 0.022666 
0.55883 0.022643 
0.55917 0.022618 
0.55950 0.022596 
0.55984 0.022572 
0.56017 0.022547 
0.56051 0.022525 
0.56084 0.022502 
0.56118 0.022479 
0.56152 0.022457 
0.56185 0.022432 
0.56219 0.022410 
0.56252 0.022387 
0.56286 0.022365 
0.56319 0.022342 
0.56353 0.022319 
0.56386 0.022296 
0.56420 0.022272 
0.56453 0.022251 
0.56487 0.022226 
0.56520 0.022204 
0.56554 0.022181 
0.56587 0.022159 
0.56621 0.022138 
0.56654 0.022117 
0.56688 0.022092 
0.56721 0.022069 
0.56755 0.022047 
0.56788 0.022023 
0.56822 0.022000 
0.56856 0.021979 
0.56889 0.021956 
0.56923 0.021932 
0.56956 0.021910 
0.56990 0.021888 
0.57023 0.021867 
0.57057 0.021844 
0.57090 0.021821 
0.57124 0.021799 
0.57157 0.021777 
0.57191 0.021756 
0.57224 0.021735 
0.57258 0.021713 
0.57291 0.021690 
0.57325 0.021669 
0.57358 0.021649 
0.57392 0.021628 
0.57425 0.021607 
0.57459 0.021587 
0.57492 0.021565 
0.57526 0.021542 
0.57560 0.021521 
0.57593 0.021502 
0.57627 0.021481 
0.57660 0.021460 
0.57694 0.021438 
0.57727 0.021415 
0.57761 0.021394 
0.57794 0.021373 
0.57828 0.021350 
0.57861 0.021330 
0.57895 0.021309 
0.57928 0.021288 
0.57962 0.021266 
0.57995 0.021245 
0.58029 0.021226 
0.58062 0.021206 
0.58096 0.021186 
0.58129 0.021165 
0.58163 0.021143 
0.58196 0.021122 
0.58230 0.021102 
0.58263 0.021081 
0.58297 0.021060 
0.58331 0.021039 
0.58364 0.021018 
0.58398 0.020998 
0.58431 0.020976 
0.58465 0.020956 
0.58498 0.020938 
0.58532 0.020917 
0.58565 0.020896 
0.58599 0.020875 
0.58632 0.020855 
0.58666 0.020835 
0.58699 0.020814 
0.58733 0.020794 
0.58766 0.020773 
0.58800 0.020753 
0.58833 0.020733 
0.58867 0.020713 
0.58900 0.020691 
0.58934 0.020671 
0.58967 0.020651 
0.59001 0.020631 
0.59035 0.020609 
0.59068 0.020589 
0.59102 0.020569 
0.59135 0.020550 
0.59169 0.020530 
0.59202 0.020511 
0.59236 0.020492 
0.59269 0.020471 
0.59303 0.020452 
0.59336 0.020432 
0.59370 0.020411 
0.59403 0.020391 
0.59437 0.020371 
0.59470 0.020351 
0.59504 0.020333 
0.59537 0.020313 
0.59571 0.020294 
0.59604 0.020275 
0.59638 0.020257 
0.59671 0.020238 
0.59705 0.020219 
0.59739 0.020201 
0.59772 0.020181 
0.59806 0.020162 
0.59839 0.020142 
0.59873 0.020122 
0.59906 0.020103 
0.59940 0.020084 
0.59973 0.020065 
0.60007 0.020046 
0.60040 0.020027 
0.60074 0.020010 
0.60107 0.019988 
0.60141 0.019970 
0.60174 0.019951 
0.60208 0.019933 
0.60241 0.019914 
0.60275 0.019895 
0.60308 0.019876 
0.60342 0.019857 
0.60375 0.019837 
0.60409 0.019818 
0.60443 0.019799 
0.60476 0.019781 
0.60510 0.019762 
0.60543 0.019743 
0.60577 0.019726 
0.60610 0.019706 
0.60644 0.019688 
0.60677 0.019669 
0.60711 0.019651 
0.60744 0.019632 
0.60778 0.019614 
0.60811 0.019596 
0.60845 0.019577 
0.60878 0.019557 
0.60912 0.019539 
0.60945 0.019519 
0.60979 0.019500 
0.61012 0.019482 
0.61046 0.019465 
0.61079 0.019447 
0.61113 0.019430 
0.61146 0.019410 
0.61180 0.019391 
0.61214 0.019373 
0.61247 0.019354 
0.61281 0.019336 
0.61314 0.019319 
0.61348 0.019301 
0.61381 0.019282 
0.61415 0.019264 
0.61448 0.019246 
0.61482 0.019227 
0.61515 0.019209 
0.61549 0.019191 
0.61582 0.019173 
0.61616 0.019155 
0.61649 0.019137 
0.61683 0.019119 
0.61716 0.019102 
0.61750 0.019085 
0.61783 0.019066 
0.61817 0.019050 
0.61850 0.019033 
0.61884 0.019015 
0.61918 0.018997 
0.61951 0.018980 
0.61985 0.018961 
0.62018 0.018944 
0.62052 0.018927 
0.62085 0.018909 
0.62119 0.018891 
0.62152 0.018873 
0.62186 0.018856 
0.62219 0.018838 
0.62253 0.018821 
0.62286 0.018803 
0.62320 0.018785 
0.62353 0.018768 
0.62387 0.018751 
0.62420 0.018733 
0.62454 0.018717 
0.62487 0.018700 
0.62521 0.018683 
0.62554 0.018665 
0.62588 0.018648 
0.62622 0.018631 
0.62655 0.018613 
0.62689 0.018596 
0.62722 0.018578 
0.62756 0.018562 
0.62789 0.018545 
0.62823 0.018527 
0.62856 0.018510 
0.62890 0.018492 
0.62923 0.018474 
0.62957 0.018456 
0.62990 0.018440 
0.63024 0.018424 
0.63057 0.018406 
0.63091 0.018388 
0.63124 0.018371 
0.63158 0.018355 
0.63191 0.018338 
0.63225 0.018322 
0.63258 0.018305 
0.63292 0.018288 
0.63326 0.018272 
0.63359 0.018256 
0.63393 0.018239 
0.63426 0.018222 
0.63460 0.018205 
0.63493 0.018189 
0.63527 0.018172 
0.63560 0.018156 
0.63594 0.018140 
0.63627 0.018123 
0.63661 0.018106 
0.63694 0.018090 
0.63728 0.018074 
0.63761 0.018057 
0.63795 0.018041 
0.63828 0.018025 
0.63862 0.018008 
0.63895 0.017992 
0.63929 0.017975 
0.63962 0.017960 
0.63996 0.017944 
0.64030 0.017928 
0.64063 0.017912 
0.64097 0.017896 
0.64130 0.017879 
0.64164 0.017863 
0.64197 0.017847 
0.64231 0.017831 
0.64264 0.017816 
0.64298 0.017802 
0.64331 0.017786 
0.64365 0.017770 
0.64398 0.017755 
0.64432 0.017740 
0.64465 0.017724 
0.64499 0.017709 
0.64532 0.017694 
0.64566 0.017679 
0.64599 0.017662 
0.64633 0.017646 
0.64666 0.017629 
0.64700 0.017613 
0.64733 0.017597 
0.64767 0.017581 
0.64801 0.017565 
0.64834 0.017549 
0.64868 0.017532 
0.64901 0.017514 
0.64935 0.017499 
0.64968 0.017484 
0.65002 0.017469 
0.65035 0.017453 
0.65069 0.017437 
0.65102 0.017422 
0.65136 0.017405 
0.65169 0.017391 
0.65203 0.017376 
0.65236 0.017360 
0.65270 0.017345 
0.65303 0.017329 
0.65337 0.017314 
0.65370 0.017299 
0.65404 0.017282 
0.65437 0.017267 
0.65471 0.017252 
0.65505 0.017238 
0.65538 0.017224 
0.65572 0.017209 
0.65605 0.017193 
0.65639 0.017178 
0.65672 0.017163 
0.65706 0.017149 
0.65739 0.017135 
0.65773 0.017120 
0.65806 0.017105 
0.65840 0.017090 
0.65873 0.017075 
0.65907 0.017060 
0.65940 0.017044 
0.65974 0.017030 
0.66007 0.017015 
0.66041 0.017001 
0.66074 0.016986 
0.66108 0.016971 
0.66141 0.016955 
0.66175 0.016940 
0.66209 0.016926 
0.66242 0.016911 
0.66276 0.016896 
0.66309 0.016881 
0.66343 0.016867 
0.66376 0.016852 
0.66410 0.016837 
0.66443 0.016822 
0.66477 0.016807 
0.66510 0.016792 
0.66544 0.016778 
0.66577 0.016763 
0.66611 0.016749 
0.66644 0.016735 
0.66678 0.016720 
0.66711 0.016706 
0.66745 0.016692 
0.66778 0.016677 
0.66812 0.016663 
0.66845 0.016647 
0.66879 0.016631 
0.66913 0.016617 
0.66946 0.016603 
0.66980 0.016588 
0.67013 0.016573 
0.67047 0.016560 
0.67080 0.016546 
0.67114 0.016531 
0.67147 0.016517 
0.67181 0.016503 
0.67214 0.016489 
0.67248 0.016474 
0.67281 0.016459 
0.67315 0.016446 
0.67348 0.016432 
0.67382 0.016418 
0.67415 0.016403 
0.67449 0.016389 
0.67482 0.016375 
0.67516 0.016361 
0.67549 0.016348 
0.67583 0.016334 
0.67616 0.016321 
0.67650 0.016306 
0.67684 0.016291 
0.67717 0.016278 
0.67751 0.016264 
0.67784 0.016250 
0.67818 0.016237 
0.67851 0.016224 
0.67885 0.016209 
0.67918 0.016195 
0.67952 0.016182 
0.67985 0.016168 
0.68019 0.016155 
0.68052 0.016142 
0.68086 0.016129 
0.68119 0.016115 
0.68153 0.016101 
0.68186 0.016088 
0.68220 0.016074 
0.68253 0.016059 
0.68287 0.016046 
0.68320 0.016032 
0.68354 0.016019 
0.68388 0.016006 
0.68421 0.015992 
0.68455 0.015978 
0.68488 0.015965 
0.68522 0.015951 
0.68555 0.015937 
0.68589 0.015924 
0.68622 0.015911 
0.68656 0.015898 
0.68689 0.015884 
0.68723 0.015871 
0.68756 0.015857 
0.68790 0.015844 
0.68823 0.015830 
0.68857 0.015817 
0.68890 0.015804 
0.68924 0.015790 
0.68957 0.015777 
0.68991 0.015763 
0.69024 0.015750 
0.69058 0.015736 
0.69092 0.015723 
0.69125 0.015709 
0.69159 0.015696 
0.69192 0.015682 
0.69226 0.015670 
0.69259 0.015657 
0.69293 0.015643 
0.69326 0.015629 
0.69360 0.015616 
0.69393 0.015603 
0.69427 0.015590 
0.69460 0.015577 
0.69494 0.015565 
0.69527 0.015552 
0.69561 0.015539 
0.69594 0.015526 
0.69628 0.015513 
0.69661 0.015500 
0.69695 0.015487 
0.69728 0.015474 
0.69762 0.015462 
0.69796 0.015450 
0.69829 0.015437 
0.69863 0.015425 
0.69896 0.015412 
0.69930 0.015399 
0.69963 0.015385 
0.69997 0.015372 
0.70030 0.015361 
0.70064 0.015349 
0.70097 0.015336 
0.70131 0.015324 
0.70164 0.015311 
0.70198 0.015299 
0.70231 0.015286 
0.70265 0.015274 
0.70298 0.015261 
0.70332 0.015248 
0.70365 0.015235 
0.70399 0.015223 
0.70432 0.015211 
0.70466 0.015199 
0.70499 0.015186 
0.70533 0.015174 
0.70567 0.015160 
0.70600 0.015147 
0.70634 0.015134 
0.70667 0.015121 
0.70701 0.015109 
0.70734 0.015097 
0.70768 0.015084 
0.70801 0.015072 
0.70835 0.015059 
0.70868 0.015047 
0.70902 0.015034 
0.70935 0.015022 
0.70969 0.015009 
0.71002 0.014997 
0.71036 0.014984 
0.71069 0.014972 
0.71103 0.014959 
0.71136 0.014947 
0.71170 0.014934 
0.71203 0.014922 
0.71237 0.014909 
0.71271 0.014897 
0.71304 0.014885 
0.71338 0.014873 
0.71371 0.014861 
0.71405 0.014849 
0.71438 0.014837 
0.71472 0.014825 
0.71505 0.014813 
0.71539 0.014801 
0.71572 0.014788 
0.71606 0.014776 
0.71639 0.014763 
0.71673 0.014751 
0.71706 0.014739 
0.71740 0.014728 
0.71773 0.014716 
0.71807 0.014704 
0.71840 0.014693 
0.71874 0.014681 
0.71907 0.014670 
0.71941 0.014658 
0.71975 0.014645 
0.72008 0.014634 
0.72042 0.014622 
0.72075 0.014610 
0.72109 0.014597 
0.72142 0.014586 
0.72176 0.014574 
0.72209 0.014562 
0.72243 0.014551 
0.72276 0.014539 
0.72310 0.014527 
0.72343 0.014516 
0.72377 0.014504 
0.72410 0.014493 
0.72444 0.014481 
0.72477 0.014469 
0.72511 0.014457 
0.72544 0.014446 
0.72578 0.014434 
0.72611 0.014422 
0.72645 0.014410 
0.72679 0.014399 
0.72712 0.014388 
0.72746 0.014376 
0.72779 0.014365 
0.72813 0.014353 
0.72846 0.014341 
0.72880 0.014330 
0.72913 0.014318 
0.72947 0.014307 
0.72980 0.014295 
0.73014 0.014283 
0.73047 0.014272 
0.73081 0.014261 
0.73114 0.014249 
0.73148 0.014238 
0.73181 0.014226 
0.73215 0.014215 
0.73248 0.014204 
0.73282 0.014193 
0.73315 0.014181 
0.73349 0.014170 
0.73383 0.014159 
0.73416 0.014148 
0.73450 0.014136 
0.73483 0.014125 
0.73517 0.014113 
0.73550 0.014103 
0.73584 0.014091 
0.73617 0.014080 
0.73651 0.014069 
0.73684 0.014058 
0.73718 0.014047 
0.73751 0.014036 
0.73785 0.014025 
0.73818 0.014015 
0.73852 0.014004 
0.73885 0.013993 
0.73919 0.013982 
0.73952 0.013971 
0.73986 0.013961 
0.74019 0.013949 
0.74053 0.013939 
0.74086 0.013927 
0.74120 0.013916 
0.74154 0.013905 
0.74187 0.013893 
0.74221 0.013883 
0.74254 0.013872 
0.74288 0.013862 
0.74321 0.013851 
0.74355 0.013841 
0.74388 0.013830 
0.74422 0.013819 
0.74455 0.013808 
0.74489 0.013797 
0.74522 0.013786 
0.74556 0.013776 
0.74589 0.013765 
0.74623 0.013755 
0.74656 0.013744 
0.74690 0.013733 
0.74723 0.013722 
0.74757 0.013712 
0.74790 0.013702 
0.74824 0.013691 
0.74858 0.013681 
0.74891 0.013671 
0.74925 0.013660 
0.74958 0.013649 
0.74992 0.013638 
0.75025 0.013629 
0.75059 0.013618 
0.75092 0.013607 
0.75126 0.013597 
0.75159 0.013586 
0.75193 0.013575 
0.75226 0.013564 
0.75260 0.013554 
0.75293 0.013544 
0.75327 0.013533 
0.75360 0.013523 
0.75394 0.013512 
0.75427 0.013501 
0.75461 0.013491 
0.75494 0.013480 
0.75528 0.013470 
0.75562 0.013460 
0.75595 0.013450 
0.75629 0.013439 
0.75662 0.013429 
0.75696 0.013418 
0.75729 0.013407 
0.75763 0.013397 
0.75796 0.013387 
0.75830 0.013377 
0.75863 0.013367 
0.75897 0.013356 
0.75930 0.013346 
0.75964 0.013335 
0.75997 0.013325 
0.76031 0.013315 
0.76064 0.013305 
0.76098 0.013295 
0.76131 0.013285 
0.76165 0.013275 
0.76198 0.013264 
0.76232 0.013254 
0.76266 0.013243 
0.76299 0.013233 
0.76333 0.013223 
0.76366 0.013213 
0.76400 0.013203 
0.76433 0.013193 
0.76467 0.013183 
0.76500 0.013172 
0.76534 0.013162 
0.76567 0.013152 
0.76601 0.013142 
0.76634 0.013132 
0.76668 0.013122 
0.76701 0.013112 
0.76735 0.013102 
0.76768 0.013093 
0.76802 0.013083 
0.76835 0.013072 
0.76869 0.013062 
0.76902 0.013052 
0.76936 0.013042 
0.76969 0.013032 
0.77003 0.013023 
0.77037 0.013012 
0.77070 0.013002 
0.77104 0.012992 
0.77137 0.012981 
0.77171 0.012971 
0.77204 0.012961 
0.77238 0.012952 
0.77271 0.012942 
0.77305 0.012932 
0.77338 0.012922 
0.77372 0.012912 
0.77405 0.012903 
0.77439 0.012893 
0.77472 0.012883 
0.77506 0.012874 
0.77539 0.012864 
0.77573 0.012855 
0.77606 0.012845 
0.77640 0.012836 
0.77673 0.012826 
0.77707 0.012816 
0.77741 0.012807 
0.77774 0.012798 
0.77808 0.012787 
0.77841 0.012778 
0.77875 0.012768 
0.77908 0.012759 
0.77942 0.012749 
0.77975 0.012740 
0.78009 0.012731 
0.78042 0.012721 
0.78076 0.012712 
0.78109 0.012703 
0.78143 0.012693 
0.78176 0.012683 
0.78210 0.012673 
0.78243 0.012663 
0.78277 0.012653 
0.78310 0.012644 
0.78344 0.012635 
0.78377 0.012625 
0.78411 0.012616 
0.78445 0.012607 
0.78478 0.012598 
0.78512 0.012589 
0.78545 0.012579 
0.78579 0.012570 
0.78612 0.012561 
0.78646 0.012551 
0.78679 0.012542 
0.78713 0.012533 
0.78746 0.012523 
0.78780 0.012514 
0.78813 0.012504 
0.78847 0.012494 
0.78880 0.012485 
0.78914 0.012475 
0.78947 0.012466 
0.78981 0.012457 
0.79014 0.012447 
0.79048 0.012438 
0.79081 0.012429 
0.79115 0.012419 
0.79149 0.012410 
0.79182 0.012401 
0.79216 0.012392 
0.79249 0.012382 
0.79283 0.012373 
0.79316 0.012363 
0.79350 0.012354 
0.79383 0.012345 
0.79417 0.012335 
0.79450 0.012326 
0.79484 0.012317 
0.79517 0.012307 
0.79551 0.012298 
0.79584 0.012289 
0.79618 0.012280 
0.79651 0.012271 
0.79685 0.012262 
0.79718 0.012253 
0.79752 0.012244 
0.79785 0.012235 
0.79819 0.012226 
0.79852 0.012217 
0.79886 0.012208 
0.79920 0.012199 
0.79953 0.012190 
0.79987 0.012181 
0.80020 0.012172 
0.80054 0.012163 
0.80087 0.012154 
0.80121 0.012146 
0.80154 0.012137 
0.80188 0.012127 
0.80221 0.012118 
0.80255 0.012109 
0.80288 0.012100 
0.80322 0.012091 
0.80355 0.012082 
0.80389 0.012074 
0.80422 0.012065 
0.80456 0.012056 
0.80489 0.012047 
0.80523 0.012038 
0.80556 0.012029 
0.80590 0.012021 
0.80624 0.012012 
0.80657 0.012003 
0.80691 0.011994 
0.80724 0.011985 
0.80758 0.011976 
0.80791 0.011968 
0.80825 0.011959 
0.80858 0.011950 
0.80892 0.011942 
0.80925 0.011932 
0.80959 0.011924 
0.80992 0.011915 
0.81026 0.011906 
0.81059 0.011897 
0.81093 0.011888 
0.81126 0.011880 
0.81160 0.011871 
0.81193 0.011863 
0.81227 0.011854 
0.81260 0.011845 
0.81294 0.011837 
0.81328 0.011828 
0.81361 0.011819 
0.81395 0.011810 
0.81428 0.011801 
0.81462 0.011793 
0.81495 0.011784 
0.81529 0.011776 
0.81562 0.011767 
0.81596 0.011759 
0.81629 0.011750 
0.81663 0.011742 
0.81696 0.011733 
0.81730 0.011725 
0.81763 0.011716 
0.81797 0.011707 
0.81830 0.011699 
0.81864 0.011690 
0.81897 0.011682 
0.81931 0.011673 
0.81964 0.011665 
0.81998 0.011657 
0.82032 0.011648 
0.82065 0.011640 
0.82099 0.011632 
0.82132 0.011623 
0.82166 0.011615 
0.82199 0.011607 
0.82233 0.011599 
0.82266 0.011591 
0.82300 0.011583 
0.82333 0.011574 
0.82367 0.011566 
0.82400 0.011558 
0.82434 0.011549 
0.82467 0.011541 
0.82501 0.011533 
0.82534 0.011524 
0.82568 0.011516 
0.82601 0.011508 
0.82635 0.011499 
0.82668 0.011490 
0.82702 0.011482 
0.82736 0.011474 
0.82769 0.011465 
0.82803 0.011457 
0.82836 0.011449 
0.82870 0.011440 
0.82903 0.011432 
0.82937 0.011424 
0.82970 0.011415 
0.83004 0.011407 
0.83037 0.011399 
0.83071 0.011391 
0.83104 0.011382 
0.83138 0.011375 
0.83171 0.011366 
0.83205 0.011358 
0.83238 0.011350 
0.83272 0.011342 
0.83305 0.011334 
0.83339 0.011326 
0.83372 0.011317 
0.83406 0.011309 
0.83439 0.011301 
0.83473 0.011293 
0.83507 0.011285 
0.83540 0.011277 
0.83574 0.011268 
0.83607 0.011260 
0.83641 0.011252 
0.83674 0.011244 
0.83708 0.011236 
0.83741 0.011228 
0.83775 0.011220 
0.83808 0.011212 
0.83842 0.011204 
0.83875 0.011196 
0.83909 0.011188 
0.83942 0.011180 
0.83976 0.011172 
0.84009 0.011164 
0.84043 0.011156 
0.84076 0.011148 
0.84110 0.011140 
0.84143 0.011132 
0.84177 0.011124 
0.84211 0.011116 
0.84244 0.011108 
0.84278 0.011101 
0.84311 0.011093 
0.84345 0.011085 
0.84378 0.011078 
0.84412 0.011070 
0.84445 0.011062 
0.84479 0.011054 
0.84512 0.011047 
0.84546 0.011039 
0.84579 0.011030 
0.84613 0.011023 
0.84646 0.011015 
0.84680 0.011007 
0.84713 0.010999 
0.84747 0.010991 
0.84780 0.010983 
0.84814 0.010975 
0.84847 0.010968 
0.84881 0.010960 
0.84915 0.010953 
0.84948 0.010945 
0.84982 0.010937 
0.85015 0.010929 
0.85049 0.010922 
0.85082 0.010914 
0.85116 0.010906 
0.85149 0.010898 
0.85183 0.010890 
0.85216 0.010882 
0.85250 0.010875 
0.85283 0.010867 
0.85317 0.010860 
0.85350 0.010852 
0.85384 0.010845 
0.85417 0.010837 
0.85451 0.010830 
0.85484 0.010822 
0.85518 0.010814 
0.85551 0.010807 
0.85585 0.010800 
0.85619 0.010792 
0.85652 0.010785 
0.85686 0.010777 
0.85719 0.010769 
0.85753 0.010762 
0.85786 0.010754 
0.85820 0.010747 
0.85853 0.010739 
0.85887 0.010732 
0.85920 0.010724 
0.85954 0.010717 
0.85987 0.010709 
0.86021 0.010702 
0.86054 0.010694 
0.86088 0.010687 
0.86121 0.010679 
0.86155 0.010672 
0.86188 0.010665 
0.86222 0.010657 
0.86255 0.010650 
0.86289 0.010642 
0.86322 0.010635 
0.86356 0.010628 
0.86390 0.010620 
0.86423 0.010613 
0.86457 0.010605 
0.86490 0.010598 
0.86524 0.010590 
0.86557 0.010583 
0.86591 0.010575 
0.86624 0.010567 
0.86658 0.010560 
0.86691 0.010553 
0.86725 0.010545 
0.86758 0.010537 
0.86792 0.010530 
0.86825 0.010522 
0.86859 0.010515 
0.86892 0.010507 
0.86926 0.010500 
0.86959 0.010492 
0.86993 0.010485 
0.87026 0.010477 
0.87060 0.010470 
0.87094 0.010463 
0.87127 0.010456 
0.87161 0.010448 
0.87194 0.010441 
0.87228 0.010434 
0.87261 0.010426 
0.87295 0.010419 
0.87328 0.010412 
0.87362 0.010404 
0.87395 0.010397 
0.87429 0.010390 
0.87462 0.010382 
0.87496 0.010375 
0.87529 0.010368 
0.87563 0.010361 
0.87596 0.010353 
0.87630 0.010346 
0.87663 0.010339 
0.87697 0.010331 
0.87730 0.010324 
0.87764 0.010317 
0.87798 0.010310 
0.87831 0.010303 
0.87865 0.010296 
0.87898 0.010288 
0.87932 0.010281 
0.87965 0.010274 
0.87999 0.010267 
0.88032 0.010260 
0.88066 0.010252 
0.88099 0.010245 
0.88133 0.010239 
0.88166 0.010232 
0.88200 0.010224 
0.88233 0.010217 
0.88267 0.010210 
0.88300 0.010203 
0.88334 0.010196 
0.88367 0.010189 
0.88401 0.010182 
0.88434 0.010175 
0.88468 0.010168 
0.88502 0.010161 
0.88535 0.010153 
0.88569 0.010147 
0.88602 0.010139 
0.88636 0.010132 
0.88669 0.010125 
0.88703 0.010118 
0.88736 0.010111 
0.88770 0.010104 
0.88803 0.010097 
0.88837 0.010090 
0.88870 0.010084 
0.88904 0.010076 
0.88937 0.010069 
0.88971 0.010063 
0.89004 0.010056 
0.89038 0.010049 
0.89071 0.010042 
0.89105 0.010035 
0.89138 0.010028 
0.89172 0.010021 
0.89205 0.010014 
0.89239 0.010007 
0.89273 0.010000 
0.89306 0.009993 
0.89340 0.009987 
0.89373 0.009980 
0.89407 0.009973 
0.89440 0.009967 
0.89474 0.009960 
0.89507 0.009953 
0.89541 0.009946 
0.89574 0.009939 
0.89608 0.009932 
0.89641 0.009926 
0.89675 0.009919 
0.89708 0.009912 
0.89742 0.009905 
0.89775 0.009898 
0.89809 0.009892 
0.89842 0.009885 
0.89876 0.009878 
0.89909 0.009872 
0.89943 0.009865 
0.89977 0.009859 
0.90010 0.009852 
0.90044 0.009845 
0.90077 0.009839 
0.90111 0.009832 
0.90144 0.009826 
0.90178 0.009819 
0.90211 0.009813 
0.90245 0.009806 
0.90278 0.009799 
0.90312 0.009792 
0.90345 0.009786 
0.90379 0.009779 
0.90412 0.009773 
0.90446 0.009766 
0.90479 0.009759 
0.90513 0.009753 
0.90546 0.009746 
0.90580 0.009739 
0.90613 0.009732 
0.90647 0.009726 
0.90681 0.009719 
0.90714 0.009712 
0.90748 0.009706 
0.90781 0.009699 
0.90815 0.009693 
0.90848 0.009686 
0.90882 0.009679 
0.90915 0.009673 
0.90949 0.009666 
0.90982 0.009660 
0.91016 0.009653 
0.91049 0.009646 
0.91083 0.009640 
0.91116 0.009633 
0.91150 0.009626 
0.91183 0.009620 
0.91217 0.009613 
0.91250 0.009606 
0.91284 0.009600 
0.91317 0.009593 
0.91351 0.009587 
0.91385 0.009580 
0.91418 0.009574 
0.91452 0.009567 
0.91485 0.009560 
0.91519 0.009554 
0.91552 0.009547 
0.91586 0.009541 
0.91619 0.009534 
0.91653 0.009528 
0.91686 0.009521 
0.91720 0.009515 
0.91753 0.009508 
0.91787 0.009502 
0.91820 0.009496 
0.91854 0.009489 
0.91887 0.009483 
0.91921 0.009477 
0.91954 0.009470 
0.91988 0.009464 
0.92021 0.009457 
0.92055 0.009451 
0.92089 0.009445 
0.92122 0.009438 
0.92156 0.009432 
0.92189 0.009425 
0.92223 0.009419 
0.92256 0.009413 
0.92290 0.009406 
0.92323 0.009400 
0.92357 0.009394 
0.92390 0.009388 
0.92424 0.009381 
0.92457 0.009375 
0.92491 0.009369 
0.92524 0.009363 
0.92558 0.009356 
0.92591 0.009350 
0.92625 0.009344 
0.92658 0.009338 
0.92692 0.009332 
0.92725 0.009325 
0.92759 0.009319 
0.92792 0.009313 
0.92826 0.009307 
0.92860 0.009300 
0.92893 0.009294 
0.92927 0.009288 
0.92960 0.009282 
0.92994 0.009276 
0.93027 0.009269 
0.93061 0.009263 
0.93094 0.009257 
0.93128 0.009251 
0.93161 0.009245 
0.93195 0.009238 
0.93228 0.009232 
0.93262 0.009226 
0.93295 0.009220 
0.93329 0.009214 
0.93362 0.009208 
0.93396 0.009201 
0.93429 0.009195 
0.93463 0.009190 
0.93496 0.009183 
0.93530 0.009177 
0.93564 0.009171 
0.93597 0.009165 
0.93631 0.009158 
0.93664 0.009152 
0.93698 0.009146 
0.93731 0.009140 
0.93765 0.009134 
0.93798 0.009128 
0.93832 0.009122 
0.93865 0.009115 
0.93899 0.009109 
0.93932 0.009103 
0.93966 0.009097 
0.93999 0.009091 
0.94033 0.009085 
0.94066 0.009079 
0.94100 0.009072 
0.94133 0.009066 
0.94167 0.009060 
0.94200 0.009054 
0.94234 0.009048 
0.94268 0.009042 
0.94301 0.009036 
0.94335 0.009030 
0.94368 0.009023 
0.94402 0.009017 
0.94435 0.009011 
0.94469 0.009005 
0.94502 0.008999 
0.94536 0.008993 
0.94569 0.008987 
0.94603 0.008981 
0.94636 0.008975 
0.94670 0.008968 
0.94703 0.008962 
0.94737 0.008956 
0.94770 0.008950 
0.94804 0.008944 
0.94837 0.008938 
0.94871 0.008932 
0.94904 0.008926 
0.94938 0.008920 
0.94972 0.008914 
0.95005 0.008908 
0.95039 0.008902 
0.95072 0.008896 
0.95106 0.008890 
0.95139 0.008884 
0.95173 0.008878 
0.95206 0.008872 
0.95240 0.008866 
0.95273 0.008860 
0.95307 0.008854 
0.95340 0.008848 
0.95374 0.008842 
0.95407 0.008837 
0.95441 0.008831 
0.95474 0.008825 
0.95508 0.008819 
0.95541 0.008813 
0.95575 0.008807 
0.95608 0.008801 
0.95642 0.008795 
0.95675 0.008789 
0.95709 0.008783 
0.95743 0.008777 
0.95776 0.008772 
0.95810 0.008766 
0.95843 0.008760 
0.95877 0.008754 
0.95910 0.008748 
0.95944 0.008743 
0.95977 0.008737 
0.96011 0.008731 
0.96044 0.008725 
0.96078 0.008719 
0.96111 0.008714 
0.96145 0.008708 
0.96178 0.008702 
0.96212 0.008697 
0.96245 0.008691 
0.96279 0.008685 
0.96312 0.008679 
0.96346 0.008673 
0.96379 0.008668 
0.96413 0.008662 
0.96447 0.008656 
0.96480 0.008650 
0.96514 0.008644 
0.96547 0.008639 
0.96581 0.008633 
0.96614 0.008627 
0.96648 0.008621 
0.96681 0.008616 
0.96715 0.008610 
0.96748 0.008605 
0.96782 0.008599 
0.96815 0.008594 
0.96849 0.008588 
0.96882 0.008582 
0.96916 0.008576 
0.96949 0.008571 
0.96983 0.008565 
0.97016 0.008559 
0.97050 0.008554 
0.97083 0.008548 
0.97117 0.008543 
0.97151 0.008537 
0.97184 0.008531 
0.97218 0.008526 
0.97251 0.008520 
0.97285 0.008515 
0.97318 0.008509 
0.97352 0.008503 
0.97385 0.008498 
0.97419 0.008492 
0.97452 0.008487 
0.97486 0.008481 
0.97519 0.008476 
0.97553 0.008470 
0.97586 0.008464 
0.97620 0.008459 
0.97653 0.008453 
0.97687 0.008448 
0.97720 0.008442 
0.97754 0.008437 
0.97787 0.008431 
0.97821 0.008425 
0.97855 0.008420 
0.97888 0.008414 
0.97922 0.008409 
0.97955 0.008403 
0.97989 0.008398 
0.98022 0.008392 
0.98056 0.008387 
0.98089 0.008381 
0.98123 0.008376 
0.98156 0.008370 
0.98190 0.008365 
0.98223 0.008359 
0.98257 0.008354 
0.98290 0.008348 
0.98324 0.008343 
0.98357 0.008338 
0.98391 0.008332 
0.98424 0.008327 
0.98458 0.008321 
0.98491 0.008316 
0.98525 0.008310 
0.98558 0.008305 
0.98592 0.008299 
0.98626 0.008294 
0.98659 0.008288 
0.98693 0.008283 
0.98726 0.008278 
0.98760 0.008272 
0.98793 0.008267 
0.98827 0.008262 
0.98860 0.008256 
0.98894 0.008251 
0.98927 0.008245 
0.98961 0.008240 
0.98994 0.008235 
0.99028 0.008229 
0.99061 0.008224 
0.99095 0.008219 
0.99128 0.008213 
0.99162 0.008208 
0.99195 0.008203 
0.99229 0.008197 
0.99262 0.008192 
0.99296 0.008187 
0.99330 0.008181 
0.99363 0.008176 
0.99397 0.008171 
0.99430 0.008166 
0.99464 0.008160 
0.99497 0.008155 
0.99531 0.008150 
0.99564 0.008145 
0.99598 0.008139 
0.99631 0.008134 
0.99665 0.008129 
0.99698 0.008124 
0.99732 0.008118 
0.99765 0.008113 
0.99799 0.008108 
0.99832 0.008103 
0.99866 0.008097 
0.99899 0.008092 
0.99933 0.008087 
0.99966 0.008082 
1.00000 0.008077 
