1 1
0.00072 1.000000 
0.00107 1.000000 
0.00143 1.000000 
0.00179 1.000000 
0.00215 1.000000 
0.00251 1.000000 
0.00287 1.000000 
0.00322 1.000000 
0.00358 1.000000 
0.00394 1.000000 
0.00430 1.000000 
0.00466 1.000000 
0.00501 1.000000 
0.00537 1.000000 
0.00573 1.000000 
0.00609 1.000000 
0.00645 1.000000 
0.00681 1.000000 
0.00716 1.000000 
0.00752 1.000000 
0.00788 1.000000 
0.00824 1.000000 
0.00860 1.000000 
0.00895 1.000000 
0.00931 1.000000 
0.00967 1.000000 
0.01003 1.000000 
0.01039 1.000000 
0.01074 0.997701 
0.01110 0.997849 
0.01146 0.997984 
0.01182 0.998106 
0.01218 0.998217 
0.01254 0.998319 
0.01289 0.998413 
0.01325 0.995495 
0.01361 0.995733 
0.01397 0.995951 
0.01433 0.996154 
0.01468 0.996341 
0.01504 0.995354 
0.01540 0.994463 
0.01576 0.994715 
0.01612 0.992929 
0.01648 0.993237 
0.01683 0.986124 
0.01719 0.979610 
0.01755 0.973639 
0.01791 0.969796 
0.01827 0.967059 
0.01862 0.966063 
0.01898 0.965893 
0.01934 0.965059 
0.01970 0.958923 
0.02006 0.950649 
0.02042 0.947368 
0.02077 0.941924 
0.02113 0.937463 
0.02149 0.934463 
0.02185 0.933880 
0.02221 0.928609 
0.02256 0.922171 
0.02292 0.918651 
0.02328 0.915385 
0.02364 0.913753 
0.02400 0.908639 
0.02436 0.903863 
0.02471 0.894714 
0.02507 0.890683 
0.02543 0.885714 
0.02579 0.884585 
0.02615 0.878995 
0.02650 0.869678 
0.02686 0.861982 
0.02722 0.856842 
0.02758 0.853383 
0.02794 0.846487 
0.02830 0.843557 
0.02865 0.841139 
0.02901 0.836111 
0.02937 0.832279 
0.02973 0.826624 
0.03009 0.821859 
0.03044 0.818768 
0.03080 0.814774 
0.03116 0.811280 
0.03152 0.807471 
0.03188 0.803626 
0.03223 0.796255 
0.03259 0.791453 
0.03295 0.783803 
0.03331 0.780037 
0.03367 0.775566 
0.03403 0.769093 
0.03438 0.761404 
0.03474 0.755369 
0.03510 0.748580 
0.03546 0.743558 
0.03582 0.740000 
0.03617 0.736436 
0.03653 0.732673 
0.03689 0.729488 
0.03725 0.724608 
0.03761 0.717949 
0.03797 0.711051 
0.03832 0.708164 
0.03868 0.700069 
0.03904 0.692830 
0.03940 0.688907 
0.03976 0.683702 
0.04011 0.678250 
0.04047 0.674147 
0.04083 0.669927 
0.04119 0.666667 
0.04155 0.661169 
0.04191 0.656204 
0.04226 0.651890 
0.04262 0.649338 
0.04298 0.642997 
0.04334 0.635950 
0.04370 0.629860 
0.04405 0.626683 
0.04441 0.624312 
0.04477 0.618065 
0.04513 0.614222 
0.04549 0.610549 
0.04585 0.605561 
0.04620 0.601260 
0.04656 0.596541 
0.04692 0.593423 
0.04728 0.587439 
0.04764 0.583276 
0.04799 0.579284 
0.04835 0.575788 
0.04871 0.571242 
0.04907 0.568270 
0.04943 0.564477 
0.04979 0.561568 
0.05014 0.559198 
0.05050 0.556231 
0.05086 0.553891 
0.05122 0.550379 
0.05158 0.546426 
0.05193 0.542241 
0.05229 0.538214 
0.05265 0.533781 
0.05301 0.530704 
0.05337 0.528841 
0.05372 0.524922 
0.05408 0.520795 
0.05444 0.516033 
0.05480 0.511352 
0.05516 0.508276 
0.05552 0.504650 
0.05587 0.501737 
0.05623 0.499428 
0.05659 0.496090 
0.05695 0.492158 
0.05731 0.488836 
0.05766 0.486801 
0.05802 0.482785 
0.05838 0.479209 
0.05874 0.475759 
0.05910 0.473614 
0.05946 0.469514 
0.05981 0.467571 
0.06017 0.463430 
0.06053 0.460341 
0.06089 0.456735 
0.06125 0.454214 
0.06160 0.450836 
0.06196 0.447775 
0.06232 0.444555 
0.06268 0.441970 
0.06304 0.439481 
0.06340 0.437532 
0.06375 0.435663 
0.06411 0.432365 
0.06447 0.429299 
0.06483 0.427010 
0.06519 0.424322 
0.06554 0.421846 
0.06590 0.419221 
0.06626 0.416569 
0.06662 0.414821 
0.06698 0.412225 
0.06734 0.409318 
0.06769 0.406788 
0.06805 0.404845 
0.06841 0.403086 
0.06877 0.400633 
0.06913 0.397938 
0.06948 0.394744 
0.06984 0.392969 
0.07020 0.390947 
0.07056 0.389102 
0.07092 0.387376 
0.07128 0.384803 
0.07163 0.382663 
0.07199 0.380448 
0.07235 0.378356 
0.07271 0.376579 
0.07307 0.374336 
0.07342 0.372501 
0.07378 0.370069 
0.07414 0.368229 
0.07450 0.365942 
0.07486 0.363820 
0.07521 0.361404 
0.07557 0.359513 
0.07593 0.357775 
0.07629 0.355833 
0.07665 0.353868 
0.07701 0.351923 
0.07736 0.349440 
0.07772 0.347286 
0.07808 0.345368 
0.07844 0.342968 
0.07880 0.340722 
0.07915 0.338667 
0.07951 0.336309 
0.07987 0.334545 
0.08023 0.332679 
0.08059 0.330675 
0.08095 0.329007 
0.08130 0.327239 
0.08166 0.325566 
0.08202 0.323987 
0.08238 0.322726 
0.08274 0.320986 
0.08309 0.319040 
0.08345 0.317264 
0.08381 0.315396 
0.08417 0.313912 
0.08453 0.312045 
0.08489 0.310019 
0.08524 0.308513 
0.08560 0.306424 
0.08596 0.304881 
0.08632 0.303112 
0.08668 0.301807 
0.08703 0.300105 
0.08739 0.298860 
0.08775 0.297324 
0.08811 0.295835 
0.08847 0.294065 
0.08883 0.292314 
0.08918 0.290873 
0.08954 0.289574 
0.08990 0.288287 
0.09026 0.286853 
0.09062 0.285557 
0.09097 0.284056 
0.09133 0.282693 
0.09169 0.281158 
0.09205 0.279487 
0.09241 0.278105 
0.09277 0.276496 
0.09312 0.275141 
0.09348 0.273770 
0.09384 0.272674 
0.09420 0.271065 
0.09456 0.269818 
0.09491 0.268725 
0.09527 0.267414 
0.09563 0.266199 
0.09599 0.264995 
0.09635 0.263497 
0.09670 0.261958 
0.09706 0.260271 
0.09742 0.258628 
0.09778 0.257030 
0.09814 0.255795 
0.09850 0.254466 
0.09885 0.253202 
0.09921 0.251949 
0.09957 0.250578 
0.09993 0.249246 
0.10029 0.248080 
0.10064 0.246924 
0.10100 0.245854 
0.10136 0.244543 
0.10172 0.243393 
0.10208 0.242229 
0.10244 0.240927 
0.10279 0.239955 
0.10315 0.238628 
0.10351 0.237409 
0.10387 0.236177 
0.10423 0.234933 
0.10458 0.233653 
0.10494 0.232433 
0.10530 0.231200 
0.10566 0.230186 
0.10602 0.229134 
0.10638 0.228114 
0.10673 0.227148 
0.10709 0.225966 
0.10745 0.224994 
0.10781 0.223920 
0.10817 0.222745 
0.10852 0.221603 
0.10888 0.220623 
0.10924 0.219413 
0.10960 0.218365 
0.10996 0.217134 
0.11032 0.216126 
0.11067 0.214937 
0.11103 0.213926 
0.11139 0.213028 
0.11175 0.212033 
0.11211 0.211026 
0.11246 0.210110 
0.11282 0.209261 
0.11318 0.208117 
0.11354 0.207383 
0.11390 0.206277 
0.11426 0.205359 
0.11461 0.204212 
0.11497 0.203271 
0.11533 0.202337 
0.11569 0.201354 
0.11605 0.200627 
0.11640 0.199848 
0.11676 0.198924 
0.11712 0.197970 
0.11748 0.197024 
0.11784 0.196123 
0.11819 0.195266 
0.11855 0.194342 
0.11891 0.193572 
0.11927 0.192626 
0.11963 0.191671 
0.11999 0.190884 
0.12034 0.189961 
0.12070 0.189222 
0.12106 0.188296 
0.12142 0.187429 
0.12178 0.186535 
0.12213 0.185907 
0.12249 0.185128 
0.12285 0.184424 
0.12321 0.183707 
0.12357 0.182895 
0.12393 0.182207 
0.12428 0.181423 
0.12464 0.180612 
0.12500 0.179659 
0.12536 0.178895 
0.12572 0.178201 
0.12607 0.177383 
0.12643 0.176490 
0.12679 0.175701 
0.12715 0.174950 
0.12751 0.174078 
0.12787 0.173418 
0.12822 0.172605 
0.12858 0.171939 
0.12894 0.171185 
0.12930 0.170560 
0.12966 0.169863 
0.13001 0.169170 
0.13037 0.168422 
0.13073 0.167665 
0.13109 0.166839 
0.13145 0.166108 
0.13181 0.165502 
0.13216 0.164899 
0.13252 0.164154 
0.13288 0.163619 
0.13324 0.163044 
0.13360 0.162501 
0.13395 0.161904 
0.13431 0.161169 
0.13467 0.160511 
0.13503 0.159871 
0.13539 0.159362 
0.13574 0.158674 
0.13610 0.157978 
0.13646 0.157287 
0.13682 0.156615 
0.13718 0.156015 
0.13754 0.155284 
0.13789 0.154654 
0.13825 0.154027 
0.13861 0.153472 
0.13897 0.152828 
0.13933 0.152280 
0.13968 0.151658 
0.14004 0.151079 
0.14040 0.150517 
0.14076 0.149842 
0.14112 0.149249 
0.14148 0.148622 
0.14183 0.148101 
0.14219 0.147495 
0.14255 0.146906 
0.14291 0.146434 
0.14327 0.145927 
0.14362 0.145299 
0.14398 0.144787 
0.14434 0.144242 
0.14470 0.143749 
0.14506 0.143247 
0.14542 0.142663 
0.14577 0.142119 
0.14613 0.141591 
0.14649 0.141018 
0.14685 0.140557 
0.14721 0.139968 
0.14756 0.139513 
0.14792 0.139037 
0.14828 0.138412 
0.14864 0.137838 
0.14900 0.137338 
0.14936 0.136817 
0.14971 0.136232 
0.15007 0.135673 
0.15043 0.135174 
0.15079 0.134634 
0.15115 0.134075 
0.15150 0.133564 
0.15186 0.133001 
0.15222 0.132497 
0.15258 0.132096 
0.15294 0.131609 
0.15330 0.131169 
0.15365 0.130732 
0.15401 0.130265 
0.15437 0.129801 
0.15473 0.129383 
0.15509 0.128913 
0.15544 0.128447 
0.15580 0.127994 
0.15616 0.127470 
0.15652 0.126971 
0.15688 0.126506 
0.15723 0.126086 
0.15759 0.125637 
0.15795 0.125211 
0.15831 0.124737 
0.15867 0.124245 
0.15903 0.123726 
0.15938 0.123231 
0.15974 0.122759 
0.16010 0.122310 
0.16046 0.121894 
0.16082 0.121510 
0.16117 0.121069 
0.16153 0.120611 
0.16189 0.120234 
0.16225 0.119811 
0.16261 0.119400 
0.16297 0.118962 
0.16332 0.118575 
0.16368 0.118133 
0.16404 0.117722 
0.16440 0.117305 
0.16476 0.116880 
0.16511 0.116467 
0.16547 0.116019 
0.16583 0.115640 
0.16619 0.115290 
0.16655 0.114896 
0.16691 0.114551 
0.16726 0.114189 
0.16762 0.113756 
0.16798 0.113334 
0.16834 0.112943 
0.16870 0.112545 
0.16905 0.112158 
0.16941 0.111800 
0.16977 0.111400 
0.17013 0.110948 
0.17049 0.110588 
0.17085 0.110248 
0.17120 0.109874 
0.17156 0.109494 
0.17192 0.109108 
0.17228 0.108784 
0.17264 0.108470 
0.17299 0.108081 
0.17335 0.107712 
0.17371 0.107361 
0.17407 0.107021 
0.17443 0.106717 
0.17479 0.106355 
0.17514 0.105979 
0.17550 0.105613 
0.17586 0.105291 
0.17622 0.104938 
0.17658 0.104619 
0.17693 0.104294 
0.17729 0.103946 
0.17765 0.103609 
0.17801 0.103232 
0.17837 0.102890 
0.17872 0.102542 
0.17908 0.102220 
0.17944 0.101900 
0.17980 0.101518 
0.18016 0.101233 
0.18052 0.100934 
0.18087 0.100597 
0.18123 0.100301 
0.18159 0.100015 
0.18195 0.099683 
0.18231 0.099377 
0.18266 0.099025 
0.18302 0.098715 
0.18338 0.098405 
0.18374 0.098083 
0.18410 0.097784 
0.18446 0.097465 
0.18481 0.097163 
0.18517 0.096899 
0.18553 0.096592 
0.18589 0.096302 
0.18625 0.095983 
0.18660 0.095674 
0.18696 0.095359 
0.18732 0.095068 
0.18768 0.094748 
0.18804 0.094467 
0.18840 0.094159 
0.18875 0.093816 
0.18911 0.093554 
0.18947 0.093301 
0.18983 0.093034 
0.19019 0.092719 
0.19054 0.092470 
0.19090 0.092193 
0.19126 0.091904 
0.19162 0.091617 
0.19198 0.091359 
0.19234 0.091074 
0.19269 0.090791 
0.19305 0.090516 
0.19341 0.090263 
0.19377 0.089991 
0.19413 0.089714 
0.19448 0.089438 
0.19484 0.089143 
0.19520 0.088856 
0.19556 0.088611 
0.19592 0.088361 
0.19628 0.088098 
0.19663 0.087870 
0.19699 0.087611 
0.19735 0.087352 
0.19771 0.087095 
0.19807 0.086865 
0.19842 0.086610 
0.19878 0.086376 
0.19914 0.086143 
0.19950 0.085892 
0.19986 0.085661 
0.20021 0.085412 
0.20057 0.085158 
0.20093 0.084880 
0.20129 0.084642 
0.20165 0.084385 
0.20201 0.084130 
0.20236 0.083876 
0.20272 0.083630 
0.20308 0.083372 
0.20344 0.083135 
0.20380 0.082923 
0.20415 0.082681 
0.20451 0.082435 
0.20487 0.082202 
0.20523 0.081963 
0.20559 0.081763 
0.20595 0.081539 
0.20630 0.081292 
0.20666 0.081071 
0.20702 0.080820 
0.20738 0.080619 
0.20774 0.080424 
0.20809 0.080201 
0.20845 0.079978 
0.20881 0.079780 
0.20917 0.079572 
0.20953 0.079341 
0.20989 0.079105 
0.21024 0.078882 
0.21060 0.078672 
0.21096 0.078457 
0.21132 0.078248 
0.21168 0.078029 
0.21203 0.077828 
0.21239 0.077634 
0.21275 0.077407 
0.21311 0.077175 
0.21347 0.076944 
0.21383 0.076732 
0.21418 0.076514 
0.21454 0.076326 
0.21490 0.076110 
0.21526 0.075918 
0.21562 0.075727 
0.21597 0.075525 
0.21633 0.075330 
0.21669 0.075119 
0.21705 0.074942 
0.21741 0.074749 
0.21777 0.074547 
0.21812 0.074383 
0.21848 0.074177 
0.21884 0.073956 
0.21920 0.073751 
0.21956 0.073521 
0.21991 0.073319 
0.22027 0.073102 
0.22063 0.072907 
0.22099 0.072739 
0.22135 0.072566 
0.22170 0.072369 
0.22206 0.072177 
0.22242 0.071986 
0.22278 0.071801 
0.22314 0.071617 
0.22350 0.071434 
0.22385 0.071251 
0.22421 0.071049 
0.22457 0.070868 
0.22493 0.070678 
0.22529 0.070509 
0.22564 0.070311 
0.22600 0.070128 
0.22636 0.069956 
0.22672 0.069780 
0.22708 0.069585 
0.22744 0.069401 
0.22779 0.069227 
0.22815 0.069054 
0.22851 0.068887 
0.22887 0.068701 
0.22923 0.068525 
0.22958 0.068326 
0.22994 0.068137 
0.23030 0.067954 
0.23066 0.067792 
0.23102 0.067615 
0.23138 0.067444 
0.23173 0.067264 
0.23209 0.067090 
0.23245 0.066903 
0.23281 0.066730 
0.23317 0.066563 
0.23352 0.066401 
0.23388 0.066212 
0.23424 0.066051 
0.23460 0.065896 
0.23496 0.065742 
0.23532 0.065556 
0.23567 0.065389 
0.23603 0.065227 
0.23639 0.065080 
0.23675 0.064920 
0.23711 0.064765 
0.23746 0.064602 
0.23782 0.064439 
0.23818 0.064299 
0.23854 0.064147 
0.23890 0.063991 
0.23926 0.063826 
0.23961 0.063666 
0.23997 0.063521 
0.24033 0.063358 
0.24069 0.063183 
0.24105 0.063026 
0.24140 0.062879 
0.24176 0.062719 
0.24212 0.062555 
0.24248 0.062392 
0.24284 0.062243 
0.24319 0.062086 
0.24355 0.061929 
0.24391 0.061791 
0.24427 0.061644 
0.24463 0.061506 
0.24499 0.061374 
0.24534 0.061211 
0.24570 0.061050 
0.24606 0.060906 
0.24642 0.060759 
0.24678 0.060616 
0.24713 0.060474 
0.24749 0.060324 
0.24785 0.060196 
0.24821 0.060047 
0.24857 0.059912 
0.24893 0.059777 
0.24928 0.059617 
0.24964 0.059450 
0.25000 0.059309 
0.25036 0.059172 
0.25072 0.059031 
0.25107 0.058883 
0.25143 0.058736 
0.25179 0.058609 
0.25215 0.058463 
0.25251 0.058329 
0.25287 0.058192 
0.25322 0.058064 
0.25358 0.057916 
0.25394 0.057776 
0.25430 0.057653 
0.25466 0.057515 
0.25501 0.057369 
0.25537 0.057232 
0.25573 0.057095 
0.25609 0.056959 
0.25645 0.056827 
0.25681 0.056711 
0.25716 0.056581 
0.25752 0.056458 
0.25788 0.056313 
0.25824 0.056168 
0.25860 0.056043 
0.25895 0.055923 
0.25931 0.055784 
0.25967 0.055656 
0.26003 0.055522 
0.26039 0.055388 
0.26074 0.055255 
0.26110 0.055133 
0.26146 0.055001 
0.26182 0.054884 
0.26218 0.054742 
0.26254 0.054619 
0.26289 0.054492 
0.26325 0.054377 
0.26361 0.054252 
0.26397 0.054141 
0.26433 0.054017 
0.26468 0.053896 
0.26504 0.053765 
0.26540 0.053646 
0.26576 0.053537 
0.26612 0.053408 
0.26648 0.053289 
0.26683 0.053161 
0.26719 0.053058 
0.26755 0.052945 
0.26791 0.052817 
0.26827 0.052701 
0.26862 0.052575 
0.26898 0.052463 
0.26934 0.052349 
0.26970 0.052238 
0.27006 0.052120 
0.27042 0.052014 
0.27077 0.051897 
0.27113 0.051767 
0.27149 0.051641 
0.27185 0.051536 
0.27221 0.051415 
0.27256 0.051300 
0.27292 0.051190 
0.27328 0.051076 
0.27364 0.050970 
0.27400 0.050850 
0.27436 0.050752 
0.27471 0.050633 
0.27507 0.050511 
0.27543 0.050400 
0.27579 0.050303 
0.27615 0.050189 
0.27650 0.050076 
0.27686 0.049977 
0.27722 0.049864 
0.27758 0.049749 
0.27794 0.049651 
0.27830 0.049543 
0.27865 0.049442 
0.27901 0.049345 
0.27937 0.049248 
0.27973 0.049151 
0.28009 0.049049 
0.28044 0.048936 
0.28080 0.048844 
0.28116 0.048746 
0.28152 0.048644 
0.28188 0.048543 
0.28223 0.048446 
0.28259 0.048349 
0.28295 0.048249 
0.28331 0.048143 
0.28367 0.048034 
0.28403 0.047929 
0.28438 0.047827 
0.28474 0.047726 
0.28510 0.047615 
0.28546 0.047518 
0.28582 0.047427 
0.28617 0.047327 
0.28653 0.047231 
0.28689 0.047129 
0.28725 0.047033 
0.28761 0.046944 
0.28797 0.046852 
0.28832 0.046763 
0.28868 0.046659 
0.28904 0.046562 
0.28940 0.046471 
0.28976 0.046372 
0.29011 0.046267 
0.29047 0.046174 
0.29083 0.046069 
0.29119 0.045983 
0.29155 0.045879 
0.29191 0.045776 
0.29226 0.045672 
0.29262 0.045576 
0.29298 0.045479 
0.29334 0.045380 
0.29370 0.045278 
0.29405 0.045180 
0.29441 0.045082 
0.29477 0.044978 
0.29513 0.044887 
0.29549 0.044798 
0.29585 0.044708 
0.29620 0.044608 
0.29656 0.044515 
0.29692 0.044419 
0.29728 0.044327 
0.29764 0.044240 
0.29799 0.044152 
0.29835 0.044074 
0.29871 0.043983 
0.29907 0.043895 
0.29943 0.043804 
0.29979 0.043711 
0.30014 0.043630 
0.30050 0.043531 
0.30086 0.043442 
0.30122 0.043358 
0.30158 0.043269 
0.30193 0.043175 
0.30229 0.043084 
0.30265 0.043005 
0.30301 0.042914 
0.30337 0.042827 
0.30372 0.042742 
0.30408 0.042667 
0.30444 0.042580 
0.30480 0.042499 
0.30516 0.042425 
0.30552 0.042339 
0.30587 0.042253 
0.30623 0.042179 
0.30659 0.042089 
0.30695 0.042012 
0.30731 0.041934 
0.30766 0.041849 
0.30802 0.041771 
0.30838 0.041682 
0.30874 0.041604 
0.30910 0.041524 
0.30946 0.041447 
0.30981 0.041370 
0.31017 0.041287 
0.31053 0.041206 
0.31089 0.041124 
0.31125 0.041042 
0.31160 0.040956 
0.31196 0.040870 
0.31232 0.040784 
0.31268 0.040704 
0.31304 0.040621 
0.31340 0.040541 
0.31375 0.040462 
0.31411 0.040385 
0.31447 0.040306 
0.31483 0.040222 
0.31519 0.040141 
0.31554 0.040071 
0.31590 0.039988 
0.31626 0.039907 
0.31662 0.039827 
0.31698 0.039750 
0.31734 0.039683 
0.31769 0.039606 
0.31805 0.039525 
0.31841 0.039454 
0.31877 0.039378 
0.31913 0.039312 
0.31948 0.039241 
0.31984 0.039161 
0.32020 0.039089 
0.32056 0.039021 
0.32092 0.038944 
0.32128 0.038872 
0.32163 0.038793 
0.32199 0.038722 
0.32235 0.038650 
0.32271 0.038574 
0.32307 0.038501 
0.32342 0.038431 
0.32378 0.038360 
0.32414 0.038288 
0.32450 0.038215 
0.32486 0.038146 
0.32521 0.038067 
0.32557 0.037990 
0.32593 0.037924 
0.32629 0.037848 
0.32665 0.037772 
0.32701 0.037696 
0.32736 0.037635 
0.32772 0.037570 
0.32808 0.037504 
0.32844 0.037437 
0.32880 0.037372 
0.32915 0.037303 
0.32951 0.037231 
0.32987 0.037164 
0.33023 0.037095 
0.33059 0.037031 
0.33095 0.036961 
0.33130 0.036895 
0.33166 0.036829 
0.33202 0.036759 
0.33238 0.036684 
0.33274 0.036612 
0.33309 0.036550 
0.33345 0.036478 
0.33381 0.036409 
0.33417 0.036340 
0.33453 0.036276 
0.33489 0.036215 
0.33524 0.036149 
0.33560 0.036079 
0.33596 0.036018 
0.33632 0.035948 
0.33668 0.035885 
0.33703 0.035820 
0.33739 0.035757 
0.33775 0.035699 
0.33811 0.035635 
0.33847 0.035575 
0.33883 0.035511 
0.33918 0.035441 
0.33954 0.035377 
0.33990 0.035307 
0.34026 0.035244 
0.34062 0.035176 
0.34097 0.035111 
0.34133 0.035049 
0.34169 0.034993 
0.34205 0.034928 
0.34241 0.034868 
0.34277 0.034806 
0.34312 0.034751 
0.34348 0.034689 
0.34384 0.034632 
0.34420 0.034565 
0.34456 0.034504 
0.34491 0.034447 
0.34527 0.034382 
0.34563 0.034328 
0.34599 0.034268 
0.34635 0.034203 
0.34670 0.034148 
0.34706 0.034088 
0.34742 0.034028 
0.34778 0.033964 
0.34814 0.033901 
0.34850 0.033846 
0.34885 0.033783 
0.34921 0.033726 
0.34957 0.033665 
0.34993 0.033607 
0.35029 0.033549 
0.35064 0.033493 
0.35100 0.033441 
0.35136 0.033383 
0.35172 0.033324 
0.35208 0.033266 
0.35244 0.033217 
0.35279 0.033160 
0.35315 0.033099 
0.35351 0.033042 
0.35387 0.032985 
0.35423 0.032931 
0.35458 0.032871 
0.35494 0.032812 
0.35530 0.032759 
0.35566 0.032703 
0.35602 0.032645 
0.35638 0.032587 
0.35673 0.032538 
0.35709 0.032485 
0.35745 0.032426 
0.35781 0.032371 
0.35817 0.032320 
0.35852 0.032260 
0.35888 0.032209 
0.35924 0.032159 
0.35960 0.032107 
0.35996 0.032055 
0.36032 0.032003 
0.36067 0.031953 
0.36103 0.031900 
0.36139 0.031844 
0.36175 0.031785 
0.36211 0.031726 
0.36246 0.031667 
0.36282 0.031617 
0.36318 0.031568 
0.36354 0.031517 
0.36390 0.031461 
0.36426 0.031411 
0.36461 0.031359 
0.36497 0.031307 
0.36533 0.031255 
0.36569 0.031204 
0.36605 0.031154 
0.36640 0.031105 
0.36676 0.031051 
0.36712 0.031000 
0.36748 0.030951 
0.36784 0.030901 
0.36819 0.030852 
0.36855 0.030803 
0.36891 0.030749 
0.36927 0.030701 
0.36963 0.030649 
0.36999 0.030595 
0.37034 0.030549 
0.37070 0.030499 
0.37106 0.030453 
0.37142 0.030408 
0.37178 0.030360 
0.37213 0.030309 
0.37249 0.030258 
0.37285 0.030208 
0.37321 0.030161 
0.37357 0.030112 
0.37393 0.030056 
0.37428 0.030004 
0.37464 0.029958 
0.37500 0.029910 
0.37536 0.029862 
0.37572 0.029810 
0.37607 0.029763 
0.37643 0.029715 
0.37679 0.029671 
0.37715 0.029622 
0.37751 0.029577 
0.37787 0.029531 
0.37822 0.029486 
0.37858 0.029436 
0.37894 0.029387 
0.37930 0.029341 
0.37966 0.029298 
0.38001 0.029250 
0.38037 0.029200 
0.38073 0.029156 
0.38109 0.029104 
0.38145 0.029060 
0.38181 0.029013 
0.38216 0.028967 
0.38252 0.028920 
0.38288 0.028873 
0.38324 0.028829 
0.38360 0.028788 
0.38395 0.028745 
0.38431 0.028701 
0.38467 0.028651 
0.38503 0.028607 
0.38539 0.028561 
0.38574 0.028516 
0.38610 0.028468 
0.38646 0.028423 
0.38682 0.028378 
0.38718 0.028331 
0.38754 0.028287 
0.38789 0.028240 
0.38825 0.028195 
0.38861 0.028148 
0.38897 0.028106 
0.38933 0.028061 
0.38968 0.028017 
0.39004 0.027977 
0.39040 0.027932 
0.39076 0.027891 
0.39112 0.027847 
0.39148 0.027803 
0.39183 0.027758 
0.39219 0.027714 
0.39255 0.027672 
0.39291 0.027632 
0.39327 0.027593 
0.39362 0.027549 
0.39398 0.027504 
0.39434 0.027463 
0.39470 0.027421 
0.39506 0.027384 
0.39542 0.027341 
0.39577 0.027303 
0.39613 0.027262 
0.39649 0.027218 
0.39685 0.027179 
0.39721 0.027136 
0.39756 0.027092 
0.39792 0.027051 
0.39828 0.027012 
0.39864 0.026972 
0.39900 0.026932 
0.39936 0.026887 
0.39971 0.026845 
0.40007 0.026802 
0.40043 0.026762 
0.40079 0.026720 
0.40115 0.026677 
0.40150 0.026636 
0.40186 0.026596 
0.40222 0.026557 
0.40258 0.026516 
0.40294 0.026475 
0.40330 0.026436 
0.40365 0.026399 
0.40401 0.026358 
0.40437 0.026321 
0.40473 0.026282 
0.40509 0.026245 
0.40544 0.026203 
0.40580 0.026170 
0.40616 0.026133 
0.40652 0.026093 
0.40688 0.026053 
0.40723 0.026009 
0.40759 0.025968 
0.40795 0.025933 
0.40831 0.025898 
0.40867 0.025859 
0.40903 0.025823 
0.40938 0.025784 
0.40974 0.025745 
0.41010 0.025708 
0.41046 0.025672 
0.41082 0.025635 
0.41117 0.025598 
0.41153 0.025559 
0.41189 0.025519 
0.41225 0.025480 
0.41261 0.025444 
0.41297 0.025406 
0.41332 0.025371 
0.41368 0.025336 
0.41404 0.025301 
0.41440 0.025267 
0.41476 0.025232 
0.41511 0.025194 
0.41547 0.025158 
0.41583 0.025120 
0.41619 0.025087 
0.41655 0.025052 
0.41691 0.025020 
0.41726 0.024983 
0.41762 0.024944 
0.41798 0.024909 
0.41834 0.024874 
0.41870 0.024838 
0.41905 0.024805 
0.41941 0.024768 
0.41977 0.024732 
0.42013 0.024697 
0.42049 0.024663 
0.42085 0.024626 
0.42120 0.024591 
0.42156 0.024554 
0.42192 0.024518 
0.42228 0.024482 
0.42264 0.024448 
0.42299 0.024411 
0.42335 0.024376 
0.42371 0.024344 
0.42407 0.024310 
0.42443 0.024273 
0.42479 0.024235 
0.42514 0.024198 
0.42550 0.024165 
0.42586 0.024131 
0.42622 0.024098 
0.42658 0.024066 
0.42693 0.024032 
0.42729 0.023993 
0.42765 0.023960 
0.42801 0.023926 
0.42837 0.023893 
0.42872 0.023860 
0.42908 0.023828 
0.42944 0.023794 
0.42980 0.023764 
0.43016 0.023732 
0.43052 0.023700 
0.43087 0.023668 
0.43123 0.023634 
0.43159 0.023602 
0.43195 0.023570 
0.43231 0.023535 
0.43266 0.023504 
0.43302 0.023470 
0.43338 0.023439 
0.43374 0.023405 
0.43410 0.023371 
0.43446 0.023336 
0.43481 0.023306 
0.43517 0.023274 
0.43553 0.023243 
0.43589 0.023214 
0.43625 0.023183 
0.43660 0.023153 
0.43696 0.023123 
0.43732 0.023089 
0.43768 0.023055 
0.43804 0.023026 
0.43840 0.022995 
0.43875 0.022963 
0.43911 0.022930 
0.43947 0.022900 
0.43983 0.022869 
0.44019 0.022837 
0.44054 0.022808 
0.44090 0.022776 
0.44126 0.022747 
0.44162 0.022717 
0.44198 0.022686 
0.44234 0.022658 
0.44269 0.022624 
0.44305 0.022595 
0.44341 0.022565 
0.44377 0.022538 
0.44413 0.022508 
0.44448 0.022474 
0.44484 0.022442 
0.44520 0.022411 
0.44556 0.022380 
0.44592 0.022352 
0.44628 0.022324 
0.44663 0.022293 
0.44699 0.022262 
0.44735 0.022233 
0.44771 0.022205 
0.44807 0.022177 
0.44842 0.022148 
0.44878 0.022119 
0.44914 0.022088 
0.44950 0.022060 
0.44986 0.022032 
0.45021 0.022004 
0.45057 0.021974 
0.45093 0.021946 
0.45129 0.021916 
0.45165 0.021884 
0.45201 0.021855 
0.45236 0.021826 
0.45272 0.021795 
0.45308 0.021769 
0.45344 0.021739 
0.45380 0.021710 
0.45415 0.021680 
0.45451 0.021651 
0.45487 0.021619 
0.45523 0.021593 
0.45559 0.021564 
0.45595 0.021536 
0.45630 0.021504 
0.45666 0.021478 
0.45702 0.021448 
0.45738 0.021421 
0.45774 0.021395 
0.45809 0.021367 
0.45845 0.021339 
0.45881 0.021313 
0.45917 0.021283 
0.45953 0.021254 
0.45989 0.021225 
0.46024 0.021198 
0.46060 0.021171 
0.46096 0.021145 
0.46132 0.021118 
0.46168 0.021091 
0.46203 0.021063 
0.46239 0.021035 
0.46275 0.021008 
0.46311 0.020980 
0.46347 0.020951 
0.46383 0.020922 
0.46418 0.020896 
0.46454 0.020870 
0.46490 0.020843 
0.46526 0.020817 
0.46562 0.020791 
0.46597 0.020762 
0.46633 0.020731 
0.46669 0.020705 
0.46705 0.020679 
0.46741 0.020653 
0.46777 0.020626 
0.46812 0.020598 
0.46848 0.020573 
0.46884 0.020546 
0.46920 0.020519 
0.46956 0.020492 
0.46991 0.020467 
0.47027 0.020442 
0.47063 0.020415 
0.47099 0.020385 
0.47135 0.020358 
0.47170 0.020333 
0.47206 0.020308 
0.47242 0.020281 
0.47278 0.020256 
0.47314 0.020230 
0.47350 0.020207 
0.47385 0.020182 
0.47421 0.020155 
0.47457 0.020130 
0.47493 0.020103 
0.47529 0.020076 
0.47564 0.020050 
0.47600 0.020025 
0.47636 0.019997 
0.47672 0.019970 
0.47708 0.019944 
0.47744 0.019919 
0.47779 0.019895 
0.47815 0.019870 
0.47851 0.019845 
0.47887 0.019818 
0.47923 0.019795 
0.47958 0.019769 
0.47994 0.019744 
0.48030 0.019721 
0.48066 0.019694 
0.48102 0.019670 
0.48138 0.019647 
0.48173 0.019623 
0.48209 0.019599 
0.48245 0.019575 
0.48281 0.019551 
0.48317 0.019525 
0.48352 0.019500 
0.48388 0.019475 
0.48424 0.019452 
0.48460 0.019428 
0.48496 0.019403 
0.48532 0.019377 
0.48567 0.019353 
0.48603 0.019327 
0.48639 0.019305 
0.48675 0.019280 
0.48711 0.019256 
0.48746 0.019233 
0.48782 0.019210 
0.48818 0.019187 
0.48854 0.019165 
0.48890 0.019142 
0.48926 0.019119 
0.48961 0.019097 
0.48997 0.019073 
0.49033 0.019051 
0.49069 0.019027 
0.49105 0.019004 
0.49140 0.018981 
0.49176 0.018959 
0.49212 0.018936 
0.49248 0.018913 
0.49284 0.018891 
0.49319 0.018869 
0.49355 0.018848 
0.49391 0.018826 
0.49427 0.018804 
0.49463 0.018780 
0.49499 0.018758 
0.49534 0.018736 
0.49570 0.018714 
0.49606 0.018691 
0.49642 0.018667 
0.49678 0.018644 
0.49713 0.018623 
0.49749 0.018600 
0.49785 0.018577 
0.49821 0.018554 
0.49857 0.018533 
0.49893 0.018512 
0.49928 0.018490 
0.49964 0.018467 
0.50000 0.018445 
0.50036 0.018423 
0.50072 0.018401 
0.50107 0.018379 
0.50143 0.018356 
0.50179 0.018336 
0.50215 0.018315 
0.50251 0.018292 
0.50287 0.018271 
0.50322 0.018249 
0.50358 0.018228 
0.50394 0.018205 
0.50430 0.018184 
0.50466 0.018163 
0.50501 0.018144 
0.50537 0.018122 
0.50573 0.018098 
0.50609 0.018077 
0.50645 0.018054 
0.50681 0.018032 
0.50716 0.018011 
0.50752 0.017990 
0.50788 0.017966 
0.50824 0.017943 
0.50860 0.017920 
0.50895 0.017900 
0.50931 0.017879 
0.50967 0.017859 
0.51003 0.017837 
0.51039 0.017816 
0.51074 0.017794 
0.51110 0.017774 
0.51146 0.017753 
0.51182 0.017733 
0.51218 0.017713 
0.51254 0.017693 
0.51289 0.017673 
0.51325 0.017652 
0.51361 0.017629 
0.51397 0.017608 
0.51433 0.017587 
0.51468 0.017566 
0.51504 0.017546 
0.51540 0.017525 
0.51576 0.017506 
0.51612 0.017487 
0.51648 0.017467 
0.51683 0.017448 
0.51719 0.017429 
0.51755 0.017408 
0.51791 0.017389 
0.51827 0.017369 
0.51862 0.017349 
0.51898 0.017328 
0.51934 0.017307 
0.51970 0.017287 
0.52006 0.017267 
0.52042 0.017246 
0.52077 0.017227 
0.52113 0.017206 
0.52149 0.017186 
0.52185 0.017167 
0.52221 0.017145 
0.52256 0.017124 
0.52292 0.017104 
0.52328 0.017083 
0.52364 0.017062 
0.52400 0.017043 
0.52436 0.017024 
0.52471 0.017004 
0.52507 0.016985 
0.52543 0.016966 
0.52579 0.016947 
0.52615 0.016927 
0.52650 0.016909 
0.52686 0.016888 
0.52722 0.016871 
0.52758 0.016850 
0.52794 0.016831 
0.52830 0.016813 
0.52865 0.016795 
0.52901 0.016774 
0.52937 0.016756 
0.52973 0.016738 
0.53009 0.016719 
0.53044 0.016699 
0.53080 0.016678 
0.53116 0.016660 
0.53152 0.016642 
0.53188 0.016624 
0.53223 0.016606 
0.53259 0.016585 
0.53295 0.016567 
0.53331 0.016547 
0.53367 0.016529 
0.53403 0.016511 
0.53438 0.016492 
0.53474 0.016475 
0.53510 0.016454 
0.53546 0.016434 
0.53582 0.016416 
0.53617 0.016397 
0.53653 0.016378 
0.53689 0.016360 
0.53725 0.016342 
0.53761 0.016323 
0.53797 0.016304 
0.53832 0.016285 
0.53868 0.016266 
0.53904 0.016248 
0.53940 0.016231 
0.53976 0.016214 
0.54011 0.016196 
0.54047 0.016180 
0.54083 0.016161 
0.54119 0.016143 
0.54155 0.016125 
0.54191 0.016106 
0.54226 0.016089 
0.54262 0.016069 
0.54298 0.016051 
0.54334 0.016034 
0.54370 0.016018 
0.54405 0.016000 
0.54441 0.015984 
0.54477 0.015966 
0.54513 0.015949 
0.54549 0.015933 
0.54585 0.015916 
0.54620 0.015899 
0.54656 0.015881 
0.54692 0.015863 
0.54728 0.015847 
0.54764 0.015832 
0.54799 0.015812 
0.54835 0.015796 
0.54871 0.015778 
0.54907 0.015759 
0.54943 0.015741 
0.54979 0.015724 
0.55014 0.015706 
0.55050 0.015689 
0.55086 0.015669 
0.55122 0.015651 
0.55158 0.015633 
0.55193 0.015614 
0.55229 0.015598 
0.55265 0.015580 
0.55301 0.015563 
0.55337 0.015546 
0.55372 0.015529 
0.55408 0.015511 
0.55444 0.015494 
0.55480 0.015477 
0.55516 0.015459 
0.55552 0.015441 
0.55587 0.015424 
0.55623 0.015407 
0.55659 0.015390 
0.55695 0.015372 
0.55731 0.015356 
0.55766 0.015338 
0.55802 0.015323 
0.55838 0.015304 
0.55874 0.015288 
0.55910 0.015270 
0.55946 0.015253 
0.55981 0.015235 
0.56017 0.015217 
0.56053 0.015201 
0.56089 0.015184 
0.56125 0.015168 
0.56160 0.015151 
0.56196 0.015133 
0.56232 0.015116 
0.56268 0.015101 
0.56304 0.015085 
0.56340 0.015070 
0.56375 0.015055 
0.56411 0.015037 
0.56447 0.015021 
0.56483 0.015003 
0.56519 0.014986 
0.56554 0.014971 
0.56590 0.014956 
0.56626 0.014938 
0.56662 0.014921 
0.56698 0.014905 
0.56734 0.014890 
0.56769 0.014873 
0.56805 0.014857 
0.56841 0.014842 
0.56877 0.014826 
0.56913 0.014811 
0.56948 0.014794 
0.56984 0.014779 
0.57020 0.014761 
0.57056 0.014744 
0.57092 0.014727 
0.57128 0.014712 
0.57163 0.014696 
0.57199 0.014680 
0.57235 0.014664 
0.57271 0.014648 
0.57307 0.014633 
0.57342 0.014617 
0.57378 0.014601 
0.57414 0.014586 
0.57450 0.014571 
0.57486 0.014556 
0.57521 0.014541 
0.57557 0.014525 
0.57593 0.014510 
0.57629 0.014494 
0.57665 0.014479 
0.57701 0.014464 
0.57736 0.014450 
0.57772 0.014436 
0.57808 0.014420 
0.57844 0.014406 
0.57880 0.014390 
0.57915 0.014375 
0.57951 0.014358 
0.57987 0.014345 
0.58023 0.014331 
0.58059 0.014317 
0.58095 0.014302 
0.58130 0.014287 
0.58166 0.014273 
0.58202 0.014258 
0.58238 0.014243 
0.58274 0.014229 
0.58309 0.014213 
0.58345 0.014198 
0.58381 0.014183 
0.58417 0.014169 
0.58453 0.014154 
0.58489 0.014139 
0.58524 0.014124 
0.58560 0.014110 
0.58596 0.014096 
0.58632 0.014081 
0.58668 0.014067 
0.58703 0.014052 
0.58739 0.014038 
0.58775 0.014024 
0.58811 0.014010 
0.58847 0.013997 
0.58883 0.013982 
0.58918 0.013965 
0.58954 0.013951 
0.58990 0.013937 
0.59026 0.013923 
0.59062 0.013907 
0.59097 0.013893 
0.59133 0.013880 
0.59169 0.013865 
0.59205 0.013849 
0.59241 0.013835 
0.59277 0.013821 
0.59312 0.013808 
0.59348 0.013793 
0.59384 0.013778 
0.59420 0.013763 
0.59456 0.013750 
0.59491 0.013737 
0.59527 0.013723 
0.59563 0.013710 
0.59599 0.013696 
0.59635 0.013683 
0.59670 0.013668 
0.59706 0.013655 
0.59742 0.013640 
0.59778 0.013626 
0.59814 0.013613 
0.59850 0.013599 
0.59885 0.013585 
0.59921 0.013572 
0.59957 0.013558 
0.59993 0.013544 
0.60029 0.013532 
0.60064 0.013519 
0.60100 0.013506 
0.60136 0.013493 
0.60172 0.013479 
0.60208 0.013465 
0.60244 0.013451 
0.60279 0.013436 
0.60315 0.013422 
0.60351 0.013409 
0.60387 0.013395 
0.60423 0.013381 
0.60458 0.013368 
0.60494 0.013354 
0.60530 0.013341 
0.60566 0.013328 
0.60602 0.013314 
0.60638 0.013301 
0.60673 0.013288 
0.60709 0.013275 
0.60745 0.013260 
0.60781 0.013246 
0.60817 0.013233 
0.60852 0.013219 
0.60888 0.013206 
0.60924 0.013192 
0.60960 0.013178 
0.60996 0.013163 
0.61032 0.013150 
0.61067 0.013137 
0.61103 0.013124 
0.61139 0.013111 
0.61175 0.013098 
0.61211 0.013084 
0.61246 0.013071 
0.61282 0.013059 
0.61318 0.013046 
0.61354 0.013034 
0.61390 0.013021 
0.61426 0.013009 
0.61461 0.012996 
0.61497 0.012983 
0.61533 0.012970 
0.61569 0.012958 
0.61605 0.012945 
0.61640 0.012933 
0.61676 0.012920 
0.61712 0.012907 
0.61748 0.012894 
0.61784 0.012882 
0.61819 0.012870 
0.61855 0.012856 
0.61891 0.012844 
0.61927 0.012832 
0.61963 0.012820 
0.61999 0.012806 
0.62034 0.012792 
0.62070 0.012779 
0.62106 0.012767 
0.62142 0.012755 
0.62178 0.012743 
0.62213 0.012730 
0.62249 0.012717 
0.62285 0.012705 
0.62321 0.012693 
0.62357 0.012681 
0.62393 0.012668 
0.62428 0.012655 
0.62464 0.012642 
0.62500 0.012629 
0.62536 0.012615 
0.62572 0.012604 
0.62607 0.012590 
0.62643 0.012579 
0.62679 0.012567 
0.62715 0.012555 
0.62751 0.012543 
0.62787 0.012531 
0.62822 0.012519 
0.62858 0.012506 
0.62894 0.012495 
0.62930 0.012482 
0.62966 0.012470 
0.63001 0.012459 
0.63037 0.012448 
0.63073 0.012435 
0.63109 0.012423 
0.63145 0.012411 
0.63181 0.012400 
0.63216 0.012388 
0.63252 0.012375 
0.63288 0.012364 
0.63324 0.012352 
0.63360 0.012339 
0.63395 0.012328 
0.63431 0.012316 
0.63467 0.012304 
0.63503 0.012293 
0.63539 0.012282 
0.63574 0.012270 
0.63610 0.012259 
0.63646 0.012247 
0.63682 0.012235 
0.63718 0.012223 
0.63754 0.012210 
0.63789 0.012199 
0.63825 0.012187 
0.63861 0.012174 
0.63897 0.012163 
0.63933 0.012151 
0.63968 0.012139 
0.64004 0.012128 
0.64040 0.012117 
0.64076 0.012105 
0.64112 0.012094 
0.64148 0.012082 
0.64183 0.012071 
0.64219 0.012058 
0.64255 0.012047 
0.64291 0.012036 
0.64327 0.012025 
0.64362 0.012013 
0.64398 0.012002 
0.64434 0.011992 
0.64470 0.011981 
0.64506 0.011970 
0.64542 0.011958 
0.64577 0.011948 
0.64613 0.011937 
0.64649 0.011926 
0.64685 0.011915 
0.64721 0.011904 
0.64756 0.011893 
0.64792 0.011882 
0.64828 0.011871 
0.64864 0.011859 
0.64900 0.011848 
0.64936 0.011836 
0.64971 0.011824 
0.65007 0.011813 
0.65043 0.011802 
0.65079 0.011791 
0.65115 0.011781 
0.65150 0.011770 
0.65186 0.011759 
0.65222 0.011749 
0.65258 0.011737 
0.65294 0.011726 
0.65330 0.011715 
0.65365 0.011704 
0.65401 0.011692 
0.65437 0.011681 
0.65473 0.011670 
0.65509 0.011658 
0.65544 0.011647 
0.65580 0.011636 
0.65616 0.011625 
0.65652 0.011613 
0.65688 0.011602 
0.65723 0.011592 
0.65759 0.011581 
0.65795 0.011570 
0.65831 0.011560 
0.65867 0.011549 
0.65903 0.011538 
0.65938 0.011527 
0.65974 0.011517 
0.66010 0.011507 
0.66046 0.011496 
0.66082 0.011485 
0.66117 0.011474 
0.66153 0.011463 
0.66189 0.011452 
0.66225 0.011441 
0.66261 0.011431 
0.66297 0.011420 
0.66332 0.011409 
0.66368 0.011398 
0.66404 0.011387 
0.66440 0.011377 
0.66476 0.011366 
0.66511 0.011356 
0.66547 0.011345 
0.66583 0.011333 
0.66619 0.011323 
0.66655 0.011313 
0.66691 0.011301 
0.66726 0.011289 
0.66762 0.011279 
0.66798 0.011269 
0.66834 0.011258 
0.66870 0.011247 
0.66905 0.011237 
0.66941 0.011226 
0.66977 0.011216 
0.67013 0.011206 
0.67049 0.011195 
0.67085 0.011185 
0.67120 0.011175 
0.67156 0.011165 
0.67192 0.011155 
0.67228 0.011145 
0.67264 0.011135 
0.67299 0.011125 
0.67335 0.011115 
0.67371 0.011105 
0.67407 0.011095 
0.67443 0.011085 
0.67479 0.011074 
0.67514 0.011064 
0.67550 0.011054 
0.67586 0.011044 
0.67622 0.011033 
0.67658 0.011023 
0.67693 0.011013 
0.67729 0.011003 
0.67765 0.010993 
0.67801 0.010982 
0.67837 0.010972 
0.67872 0.010962 
0.67908 0.010953 
0.67944 0.010943 
0.67980 0.010933 
0.68016 0.010923 
0.68052 0.010913 
0.68087 0.010903 
0.68123 0.010894 
0.68159 0.010884 
0.68195 0.010874 
0.68231 0.010864 
0.68266 0.010854 
0.68302 0.010844 
0.68338 0.010835 
0.68374 0.010824 
0.68410 0.010815 
0.68446 0.010805 
0.68481 0.010796 
0.68517 0.010786 
0.68553 0.010775 
0.68589 0.010766 
0.68625 0.010756 
0.68660 0.010747 
0.68696 0.010738 
0.68732 0.010728 
0.68768 0.010718 
0.68804 0.010709 
0.68840 0.010699 
0.68875 0.010690 
0.68911 0.010680 
0.68947 0.010670 
0.68983 0.010661 
0.69019 0.010652 
0.69054 0.010642 
0.69090 0.010633 
0.69126 0.010623 
0.69162 0.010613 
0.69198 0.010604 
0.69234 0.010593 
0.69269 0.010584 
0.69305 0.010575 
0.69341 0.010566 
0.69377 0.010557 
0.69413 0.010547 
0.69448 0.010538 
0.69484 0.010529 
0.69520 0.010520 
0.69556 0.010511 
0.69592 0.010502 
0.69628 0.010493 
0.69663 0.010484 
0.69699 0.010475 
0.69735 0.010465 
0.69771 0.010457 
0.69807 0.010448 
0.69842 0.010439 
0.69878 0.010430 
0.69914 0.010422 
0.69950 0.010413 
0.69986 0.010404 
0.70021 0.010394 
0.70057 0.010384 
0.70093 0.010375 
0.70129 0.010367 
0.70165 0.010357 
0.70201 0.010349 
0.70236 0.010340 
0.70272 0.010331 
0.70308 0.010323 
0.70344 0.010314 
0.70380 0.010305 
0.70415 0.010295 
0.70451 0.010286 
0.70487 0.010277 
0.70523 0.010267 
0.70559 0.010258 
0.70595 0.010250 
0.70630 0.010241 
0.70666 0.010232 
0.70702 0.010223 
0.70738 0.010213 
0.70774 0.010204 
0.70809 0.010196 
0.70845 0.010187 
0.70881 0.010178 
0.70917 0.010169 
0.70953 0.010161 
0.70989 0.010151 
0.71024 0.010143 
0.71060 0.010134 
0.71096 0.010124 
0.71132 0.010116 
0.71168 0.010107 
0.71203 0.010099 
0.71239 0.010090 
0.71275 0.010081 
0.71311 0.010071 
0.71347 0.010063 
0.71383 0.010055 
0.71418 0.010046 
0.71454 0.010037 
0.71490 0.010028 
0.71526 0.010019 
0.71562 0.010011 
0.71597 0.010002 
0.71633 0.009993 
0.71669 0.009984 
0.71705 0.009975 
0.71741 0.009967 
0.71777 0.009958 
0.71812 0.009950 
0.71848 0.009941 
0.71884 0.009933 
0.71920 0.009924 
0.71956 0.009916 
0.71991 0.009908 
0.72027 0.009899 
0.72063 0.009891 
0.72099 0.009883 
0.72135 0.009873 
0.72170 0.009864 
0.72206 0.009855 
0.72242 0.009846 
0.72278 0.009838 
0.72314 0.009829 
0.72350 0.009821 
0.72385 0.009812 
0.72421 0.009804 
0.72457 0.009795 
0.72493 0.009788 
0.72529 0.009779 
0.72564 0.009771 
0.72600 0.009762 
0.72636 0.009754 
0.72672 0.009746 
0.72708 0.009738 
0.72744 0.009729 
0.72779 0.009721 
0.72815 0.009713 
0.72851 0.009705 
0.72887 0.009697 
0.72923 0.009688 
0.72958 0.009679 
0.72994 0.009671 
0.73030 0.009663 
0.73066 0.009655 
0.73102 0.009647 
0.73138 0.009638 
0.73173 0.009630 
0.73209 0.009622 
0.73245 0.009613 
0.73281 0.009605 
0.73317 0.009598 
0.73352 0.009590 
0.73388 0.009582 
0.73424 0.009573 
0.73460 0.009565 
0.73496 0.009557 
0.73532 0.009550 
0.73567 0.009542 
0.73603 0.009534 
0.73639 0.009525 
0.73675 0.009517 
0.73711 0.009509 
0.73746 0.009501 
0.73782 0.009493 
0.73818 0.009485 
0.73854 0.009477 
0.73890 0.009469 
0.73926 0.009462 
0.73961 0.009454 
0.73997 0.009447 
0.74033 0.009439 
0.74069 0.009432 
0.74105 0.009424 
0.74140 0.009417 
0.74176 0.009409 
0.74212 0.009400 
0.74248 0.009392 
0.74284 0.009384 
0.74319 0.009376 
0.74355 0.009368 
0.74391 0.009361 
0.74427 0.009352 
0.74463 0.009345 
0.74499 0.009337 
0.74534 0.009330 
0.74570 0.009322 
0.74606 0.009314 
0.74642 0.009306 
0.74678 0.009298 
0.74713 0.009290 
0.74749 0.009283 
0.74785 0.009275 
0.74821 0.009267 
0.74857 0.009260 
0.74893 0.009252 
0.74928 0.009245 
0.74964 0.009237 
0.75000 0.009229 
0.75036 0.009221 
0.75072 0.009214 
0.75107 0.009206 
0.75143 0.009199 
0.75179 0.009191 
0.75215 0.009184 
0.75251 0.009176 
0.75287 0.009167 
0.75322 0.009160 
0.75358 0.009153 
0.75394 0.009145 
0.75430 0.009138 
0.75466 0.009131 
0.75501 0.009123 
0.75537 0.009115 
0.75573 0.009108 
0.75609 0.009100 
0.75645 0.009092 
0.75681 0.009085 
0.75716 0.009077 
0.75752 0.009069 
0.75788 0.009061 
0.75824 0.009054 
0.75860 0.009046 
0.75895 0.009038 
0.75931 0.009031 
0.75967 0.009023 
0.76003 0.009015 
0.76039 0.009007 
0.76074 0.009000 
0.76110 0.008993 
0.76146 0.008985 
0.76182 0.008977 
0.76218 0.008970 
0.76254 0.008962 
0.76289 0.008955 
0.76325 0.008948 
0.76361 0.008941 
0.76397 0.008934 
0.76433 0.008926 
0.76468 0.008919 
0.76504 0.008912 
0.76540 0.008904 
0.76576 0.008897 
0.76612 0.008889 
0.76648 0.008882 
0.76683 0.008875 
0.76719 0.008867 
0.76755 0.008860 
0.76791 0.008853 
0.76827 0.008845 
0.76862 0.008838 
0.76898 0.008830 
0.76934 0.008823 
0.76970 0.008816 
0.77006 0.008808 
0.77042 0.008800 
0.77077 0.008793 
0.77113 0.008786 
0.77149 0.008778 
0.77185 0.008771 
0.77221 0.008763 
0.77256 0.008756 
0.77292 0.008749 
0.77328 0.008742 
0.77364 0.008734 
0.77400 0.008727 
0.77436 0.008720 
0.77471 0.008713 
0.77507 0.008706 
0.77543 0.008700 
0.77579 0.008692 
0.77615 0.008686 
0.77650 0.008679 
0.77686 0.008672 
0.77722 0.008665 
0.77758 0.008657 
0.77794 0.008650 
0.77830 0.008642 
0.77865 0.008635 
0.77901 0.008628 
0.77937 0.008621 
0.77973 0.008613 
0.78009 0.008605 
0.78044 0.008598 
0.78080 0.008591 
0.78116 0.008584 
0.78152 0.008578 
0.78188 0.008571 
0.78223 0.008564 
0.78259 0.008557 
0.78295 0.008550 
0.78331 0.008544 
0.78367 0.008537 
0.78403 0.008530 
0.78438 0.008523 
0.78474 0.008516 
0.78510 0.008509 
0.78546 0.008503 
0.78582 0.008496 
0.78617 0.008488 
0.78653 0.008481 
0.78689 0.008474 
0.78725 0.008468 
0.78761 0.008461 
0.78797 0.008454 
0.78832 0.008447 
0.78868 0.008440 
0.78904 0.008433 
0.78940 0.008426 
0.78976 0.008419 
0.79011 0.008412 
0.79047 0.008405 
0.79083 0.008398 
0.79119 0.008392 
0.79155 0.008385 
0.79191 0.008378 
0.79226 0.008371 
0.79262 0.008365 
0.79298 0.008358 
0.79334 0.008352 
0.79370 0.008345 
0.79405 0.008338 
0.79441 0.008331 
0.79477 0.008325 
0.79513 0.008318 
0.79549 0.008311 
0.79585 0.008305 
0.79620 0.008298 
0.79656 0.008291 
0.79692 0.008284 
0.79728 0.008278 
0.79764 0.008271 
0.79799 0.008264 
0.79835 0.008258 
0.79871 0.008251 
0.79907 0.008245 
0.79943 0.008238 
0.79979 0.008232 
0.80014 0.008225 
0.80050 0.008219 
0.80086 0.008212 
0.80122 0.008206 
0.80158 0.008199 
0.80193 0.008192 
0.80229 0.008186 
0.80265 0.008179 
0.80301 0.008173 
0.80337 0.008167 
0.80372 0.008160 
0.80408 0.008153 
0.80444 0.008147 
0.80480 0.008141 
0.80516 0.008134 
0.80552 0.008128 
0.80587 0.008121 
0.80623 0.008115 
0.80659 0.008108 
0.80695 0.008102 
0.80731 0.008096 
0.80766 0.008089 
0.80802 0.008083 
0.80838 0.008077 
0.80874 0.008070 
0.80910 0.008064 
0.80946 0.008057 
0.80981 0.008051 
0.81017 0.008045 
0.81053 0.008039 
0.81089 0.008033 
0.81125 0.008027 
0.81160 0.008021 
0.81196 0.008014 
0.81232 0.008008 
0.81268 0.008002 
0.81304 0.007996 
0.81340 0.007990 
0.81375 0.007984 
0.81411 0.007978 
0.81447 0.007971 
0.81483 0.007965 
0.81519 0.007958 
0.81554 0.007953 
0.81590 0.007947 
0.81626 0.007941 
0.81662 0.007934 
0.81698 0.007928 
0.81734 0.007922 
0.81769 0.007915 
0.81805 0.007909 
0.81841 0.007903 
0.81877 0.007897 
0.81913 0.007890 
0.81948 0.007884 
0.81984 0.007878 
0.82020 0.007872 
0.82056 0.007866 
0.82092 0.007859 
0.82128 0.007853 
0.82163 0.007847 
0.82199 0.007841 
0.82235 0.007835 
0.82271 0.007829 
0.82307 0.007823 
0.82342 0.007817 
0.82378 0.007811 
0.82414 0.007805 
0.82450 0.007799 
0.82486 0.007793 
0.82521 0.007786 
0.82557 0.007780 
0.82593 0.007774 
0.82629 0.007768 
0.82665 0.007762 
0.82701 0.007756 
0.82736 0.007750 
0.82772 0.007744 
0.82808 0.007738 
0.82844 0.007732 
0.82880 0.007726 
0.82915 0.007720 
0.82951 0.007714 
0.82987 0.007708 
0.83023 0.007702 
0.83059 0.007696 
0.83095 0.007691 
0.83130 0.007685 
0.83166 0.007679 
0.83202 0.007673 
0.83238 0.007667 
0.83274 0.007661 
0.83309 0.007655 
0.83345 0.007649 
0.83381 0.007643 
0.83417 0.007638 
0.83453 0.007632 
0.83489 0.007626 
0.83524 0.007620 
0.83560 0.007614 
0.83596 0.007609 
0.83632 0.007603 
0.83668 0.007597 
0.83703 0.007591 
0.83739 0.007585 
0.83775 0.007579 
0.83811 0.007574 
0.83847 0.007568 
0.83883 0.007562 
0.83918 0.007557 
0.83954 0.007551 
0.83990 0.007546 
0.84026 0.007540 
0.84062 0.007534 
0.84097 0.007528 
0.84133 0.007522 
0.84169 0.007516 
0.84205 0.007510 
0.84241 0.007505 
0.84277 0.007499 
0.84312 0.007493 
0.84348 0.007488 
0.84384 0.007482 
0.84420 0.007477 
0.84456 0.007471 
0.84491 0.007466 
0.84527 0.007460 
0.84563 0.007454 
0.84599 0.007449 
0.84635 0.007443 
0.84670 0.007437 
0.84706 0.007431 
0.84742 0.007426 
0.84778 0.007420 
0.84814 0.007415 
0.84850 0.007409 
0.84885 0.007404 
0.84921 0.007398 
0.84957 0.007393 
0.84993 0.007387 
0.85029 0.007382 
0.85064 0.007376 
0.85100 0.007371 
0.85136 0.007365 
0.85172 0.007359 
0.85208 0.007354 
0.85244 0.007348 
0.85279 0.007343 
0.85315 0.007337 
0.85351 0.007331 
0.85387 0.007326 
0.85423 0.007320 
0.85458 0.007315 
0.85494 0.007310 
0.85530 0.007304 
0.85566 0.007299 
0.85602 0.007294 
0.85638 0.007288 
0.85673 0.007283 
0.85709 0.007277 
0.85745 0.007272 
0.85781 0.007267 
0.85817 0.007261 
0.85852 0.007256 
0.85888 0.007251 
0.85924 0.007245 
0.85960 0.007240 
0.85996 0.007234 
0.86032 0.007229 
0.86067 0.007224 
0.86103 0.007219 
0.86139 0.007213 
0.86175 0.007208 
0.86211 0.007203 
0.86246 0.007198 
0.86282 0.007192 
0.86318 0.007187 
0.86354 0.007182 
0.86390 0.007177 
0.86426 0.007171 
0.86461 0.007166 
0.86497 0.007161 
0.86533 0.007156 
0.86569 0.007150 
0.86605 0.007145 
0.86640 0.007140 
0.86676 0.007134 
0.86712 0.007129 
0.86748 0.007124 
0.86784 0.007119 
0.86819 0.007113 
0.86855 0.007108 
0.86891 0.007102 
0.86927 0.007097 
0.86963 0.007091 
0.86999 0.007086 
0.87034 0.007080 
0.87070 0.007075 
0.87106 0.007069 
0.87142 0.007064 
0.87178 0.007059 
0.87213 0.007053 
0.87249 0.007048 
0.87285 0.007042 
0.87321 0.007037 
0.87357 0.007031 
0.87393 0.007026 
0.87428 0.007020 
0.87464 0.007015 
0.87500 0.007010 
0.87536 0.007004 
0.87572 0.006998 
0.87607 0.006993 
0.87643 0.006988 
0.87679 0.006983 
0.87715 0.006978 
0.87751 0.006972 
0.87787 0.006967 
0.87822 0.006962 
0.87858 0.006956 
0.87894 0.006951 
0.87930 0.006946 
0.87966 0.006940 
0.88001 0.006935 
0.88037 0.006930 
0.88073 0.006925 
0.88109 0.006920 
0.88145 0.006914 
0.88181 0.006909 
0.88216 0.006904 
0.88252 0.006899 
0.88288 0.006894 
0.88324 0.006888 
0.88360 0.006883 
0.88395 0.006878 
0.88431 0.006873 
0.88467 0.006867 
0.88503 0.006862 
0.88539 0.006857 
0.88574 0.006852 
0.88610 0.006846 
0.88646 0.006841 
0.88682 0.006836 
0.88718 0.006831 
0.88754 0.006826 
0.88789 0.006821 
0.88825 0.006816 
0.88861 0.006810 
0.88897 0.006805 
0.88933 0.006800 
0.88968 0.006795 
0.89004 0.006790 
0.89040 0.006785 
0.89076 0.006780 
0.89112 0.006774 
0.89148 0.006769 
0.89183 0.006764 
0.89219 0.006759 
0.89255 0.006754 
0.89291 0.006749 
0.89327 0.006744 
0.89362 0.006739 
0.89398 0.006734 
0.89434 0.006730 
0.89470 0.006724 
0.89506 0.006720 
0.89542 0.006715 
0.89577 0.006710 
0.89613 0.006705 
0.89649 0.006700 
0.89685 0.006695 
0.89721 0.006690 
0.89756 0.006685 
0.89792 0.006680 
0.89828 0.006675 
0.89864 0.006670 
0.89900 0.006665 
0.89936 0.006660 
0.89971 0.006655 
0.90007 0.006650 
0.90043 0.006645 
0.90079 0.006640 
0.90115 0.006635 
0.90150 0.006630 
0.90186 0.006625 
0.90222 0.006620 
0.90258 0.006615 
0.90294 0.006610 
0.90330 0.006605 
0.90365 0.006600 
0.90401 0.006595 
0.90437 0.006591 
0.90473 0.006586 
0.90509 0.006581 
0.90544 0.006576 
0.90580 0.006571 
0.90616 0.006566 
0.90652 0.006561 
0.90688 0.006557 
0.90723 0.006552 
0.90759 0.006547 
0.90795 0.006542 
0.90831 0.006537 
0.90867 0.006532 
0.90903 0.006528 
0.90938 0.006523 
0.90974 0.006518 
0.91010 0.006513 
0.91046 0.006508 
0.91082 0.006503 
0.91117 0.006499 
0.91153 0.006494 
0.91189 0.006489 
0.91225 0.006484 
0.91261 0.006479 
0.91297 0.006475 
0.91332 0.006471 
0.91368 0.006466 
0.91404 0.006461 
0.91440 0.006456 
0.91476 0.006451 
0.91511 0.006447 
0.91547 0.006442 
0.91583 0.006437 
0.91619 0.006433 
0.91655 0.006428 
0.91691 0.006423 
0.91726 0.006419 
0.91762 0.006414 
0.91798 0.006410 
0.91834 0.006405 
0.91870 0.006400 
0.91905 0.006396 
0.91941 0.006391 
0.91977 0.006386 
0.92013 0.006382 
0.92049 0.006377 
0.92085 0.006372 
0.92120 0.006368 
0.92156 0.006363 
0.92192 0.006359 
0.92228 0.006354 
0.92264 0.006349 
0.92299 0.006345 
0.92335 0.006340 
0.92371 0.006335 
0.92407 0.006331 
0.92443 0.006326 
0.92479 0.006322 
0.92514 0.006317 
0.92550 0.006312 
0.92586 0.006308 
0.92622 0.006303 
0.92658 0.006299 
0.92693 0.006294 
0.92729 0.006290 
0.92765 0.006285 
0.92801 0.006280 
0.92837 0.006276 
0.92872 0.006271 
0.92908 0.006267 
0.92944 0.006262 
0.92980 0.006258 
0.93016 0.006253 
0.93052 0.006248 
0.93087 0.006244 
0.93123 0.006240 
0.93159 0.006235 
0.93195 0.006231 
0.93231 0.006226 
0.93266 0.006222 
0.93302 0.006217 
0.93338 0.006213 
0.93374 0.006209 
0.93410 0.006204 
0.93446 0.006200 
0.93481 0.006195 
0.93517 0.006191 
0.93553 0.006187 
0.93589 0.006182 
0.93625 0.006178 
0.93660 0.006173 
0.93696 0.006169 
0.93732 0.006164 
0.93768 0.006160 
0.93804 0.006156 
0.93840 0.006151 
0.93875 0.006147 
0.93911 0.006143 
0.93947 0.006139 
0.93983 0.006134 
0.94019 0.006130 
0.94054 0.006125 
0.94090 0.006121 
0.94126 0.006117 
0.94162 0.006112 
0.94198 0.006108 
0.94234 0.006103 
0.94269 0.006099 
0.94305 0.006095 
0.94341 0.006090 
0.94377 0.006086 
0.94413 0.006082 
0.94448 0.006077 
0.94484 0.006073 
0.94520 0.006069 
0.94556 0.006064 
0.94592 0.006060 
0.94628 0.006056 
0.94663 0.006051 
0.94699 0.006047 
0.94735 0.006043 
0.94771 0.006039 
0.94807 0.006035 
0.94842 0.006030 
0.94878 0.006026 
0.94914 0.006022 
0.94950 0.006018 
0.94986 0.006014 
0.95021 0.006009 
0.95057 0.006005 
0.95093 0.006001 
0.95129 0.005997 
0.95165 0.005993 
0.95201 0.005988 
0.95236 0.005984 
0.95272 0.005980 
0.95308 0.005975 
0.95344 0.005971 
0.95380 0.005967 
0.95415 0.005963 
0.95451 0.005959 
0.95487 0.005955 
0.95523 0.005951 
0.95559 0.005946 
0.95595 0.005942 
0.95630 0.005938 
0.95666 0.005934 
0.95702 0.005930 
0.95738 0.005926 
0.95774 0.005921 
0.95809 0.005917 
0.95845 0.005913 
0.95881 0.005909 
0.95917 0.005905 
0.95953 0.005901 
0.95989 0.005897 
0.96024 0.005892 
0.96060 0.005888 
0.96096 0.005884 
0.96132 0.005880 
0.96168 0.005876 
0.96203 0.005872 
0.96239 0.005868 
0.96275 0.005864 
0.96311 0.005860 
0.96347 0.005856 
0.96383 0.005852 
0.96418 0.005848 
0.96454 0.005844 
0.96490 0.005840 
0.96526 0.005836 
0.96562 0.005832 
0.96597 0.005828 
0.96633 0.005824 
0.96669 0.005820 
0.96705 0.005816 
0.96741 0.005812 
0.96777 0.005808 
0.96812 0.005804 
0.96848 0.005799 
0.96884 0.005795 
0.96920 0.005791 
0.96956 0.005787 
0.96991 0.005783 
0.97027 0.005779 
0.97063 0.005775 
0.97099 0.005771 
0.97135 0.005768 
0.97170 0.005764 
0.97206 0.005760 
0.97242 0.005756 
0.97278 0.005752 
0.97314 0.005748 
0.97350 0.005743 
0.97385 0.005739 
0.97421 0.005736 
0.97457 0.005732 
0.97493 0.005728 
0.97529 0.005724 
0.97564 0.005720 
0.97600 0.005716 
0.97636 0.005712 
0.97672 0.005708 
0.97708 0.005704 
0.97744 0.005700 
0.97779 0.005696 
0.97815 0.005692 
0.97851 0.005688 
0.97887 0.005685 
0.97923 0.005681 
0.97958 0.005677 
0.97994 0.005673 
0.98030 0.005669 
0.98066 0.005665 
0.98102 0.005661 
0.98138 0.005657 
0.98173 0.005654 
0.98209 0.005650 
0.98245 0.005646 
0.98281 0.005642 
0.98317 0.005638 
0.98352 0.005634 
0.98388 0.005630 
0.98424 0.005627 
0.98460 0.005623 
0.98496 0.005619 
0.98532 0.005615 
0.98567 0.005611 
0.98603 0.005608 
0.98639 0.005604 
0.98675 0.005600 
0.98711 0.005596 
0.98746 0.005592 
0.98782 0.005589 
0.98818 0.005585 
0.98854 0.005581 
0.98890 0.005577 
0.98926 0.005573 
0.98961 0.005570 
0.98997 0.005566 
0.99033 0.005562 
0.99069 0.005558 
0.99105 0.005555 
0.99140 0.005551 
0.99176 0.005547 
0.99212 0.005543 
0.99248 0.005540 
0.99284 0.005536 
0.99319 0.005532 
0.99355 0.005528 
0.99391 0.005525 
0.99427 0.005521 
0.99463 0.005517 
0.99499 0.005514 
0.99534 0.005510 
0.99570 0.005506 
0.99606 0.005502 
0.99642 0.005499 
0.99678 0.005495 
0.99713 0.005491 
0.99749 0.005488 
0.99785 0.005484 
0.99821 0.005480 
0.99857 0.005477 
0.99893 0.005473 
0.99928 0.005469 
0.99964 0.005466 
1.00000 0.005462 
