1 1
0.00067 1.000000 
0.00101 1.000000 
0.00135 1.000000 
0.00169 1.000000 
0.00202 1.000000 
0.00236 1.000000 
0.00270 1.000000 
0.00304 1.000000 
0.00337 1.000000 
0.00371 1.000000 
0.00405 1.000000 
0.00439 1.000000 
0.00472 1.000000 
0.00506 1.000000 
0.00540 1.000000 
0.00574 1.000000 
0.00607 1.000000 
0.00641 1.000000 
0.00675 1.000000 
0.00709 1.000000 
0.00742 1.000000 
0.00776 1.000000 
0.00810 1.000000 
0.00843 1.000000 
0.00877 1.000000 
0.00911 1.000000 
0.00945 1.000000 
0.00978 1.000000 
0.01012 1.000000 
0.01046 1.000000 
0.01080 1.000000 
0.01113 1.000000 
0.01147 1.000000 
0.01181 1.000000 
0.01215 1.000000 
0.01248 1.000000 
0.01282 1.000000 
0.01316 1.000000 
0.01350 1.000000 
0.01383 1.000000 
0.01417 1.000000 
0.01451 0.998893 
0.01484 0.998943 
0.01518 0.998990 
0.01552 0.999034 
0.01586 0.997225 
0.01619 0.997340 
0.01653 0.997449 
0.01687 0.996735 
0.01721 0.993725 
0.01754 0.993967 
0.01788 0.992743 
0.01822 0.991614 
0.01856 0.988552 
0.01889 0.988961 
0.01923 0.989348 
0.01957 0.988506 
0.01991 0.985389 
0.02024 0.982486 
0.02058 0.978142 
0.02092 0.977261 
0.02126 0.974910 
0.02159 0.974206 
0.02193 0.974038 
0.02227 0.972960 
0.02260 0.969697 
0.02294 0.968832 
0.02328 0.966326 
0.02362 0.963147 
0.02395 0.961771 
0.02429 0.959311 
0.02463 0.955099 
0.02497 0.953351 
0.02530 0.949910 
0.02564 0.945965 
0.02598 0.937457 
0.02632 0.935398 
0.02665 0.932489 
0.02699 0.928797 
0.02733 0.924383 
0.02767 0.919603 
0.02800 0.916838 
0.02834 0.911933 
0.02868 0.909524 
0.02901 0.906977 
0.02935 0.906709 
0.02969 0.902821 
0.03003 0.897855 
0.03036 0.894382 
0.03070 0.892063 
0.03104 0.889393 
0.03138 0.887097 
0.03171 0.883779 
0.03205 0.882643 
0.03239 0.879386 
0.03273 0.875644 
0.03306 0.871450 
0.03340 0.868893 
0.03374 0.863030 
0.03408 0.861584 
0.03441 0.858668 
0.03475 0.852275 
0.03509 0.851008 
0.03543 0.848718 
0.03576 0.843666 
0.03610 0.838476 
0.03644 0.833679 
0.03677 0.829596 
0.03711 0.824520 
0.03745 0.820966 
0.03779 0.818372 
0.03812 0.817004 
0.03846 0.812917 
0.03880 0.807628 
0.03914 0.804798 
0.03947 0.799145 
0.03981 0.793713 
0.04015 0.788349 
0.04049 0.785434 
0.04082 0.780303 
0.04116 0.777943 
0.04150 0.775023 
0.04184 0.769735 
0.04217 0.766452 
0.04251 0.760508 
0.04285 0.758655 
0.04318 0.755659 
0.04352 0.753270 
0.04386 0.750030 
0.04420 0.746565 
0.04453 0.743812 
0.04487 0.740146 
0.04521 0.736618 
0.04555 0.733554 
0.04588 0.730501 
0.04622 0.726814 
0.04656 0.722945 
0.04690 0.716505 
0.04723 0.713875 
0.04757 0.707700 
0.04791 0.705424 
0.04825 0.699990 
0.04858 0.697261 
0.04892 0.692433 
0.04926 0.687010 
0.04960 0.684186 
0.04993 0.682111 
0.05027 0.679394 
0.05061 0.676600 
0.05094 0.672494 
0.05128 0.670007 
0.05162 0.667183 
0.05196 0.663696 
0.05229 0.659405 
0.05263 0.656907 
0.05297 0.653846 
0.05331 0.651133 
0.05364 0.649152 
0.05398 0.646541 
0.05432 0.641382 
0.05466 0.638985 
0.05499 0.635159 
0.05533 0.632800 
0.05567 0.630599 
0.05601 0.627236 
0.05634 0.623837 
0.05668 0.620046 
0.05702 0.616159 
0.05735 0.613157 
0.05769 0.610045 
0.05803 0.608255 
0.05837 0.604920 
0.05870 0.602352 
0.05904 0.599934 
0.05938 0.596948 
0.05972 0.594761 
0.06005 0.591697 
0.06039 0.588287 
0.06073 0.583364 
0.06107 0.579804 
0.06140 0.577378 
0.06174 0.575032 
0.06208 0.573236 
0.06242 0.569976 
0.06275 0.566579 
0.06309 0.564027 
0.06343 0.560360 
0.06377 0.556231 
0.06410 0.552715 
0.06444 0.549904 
0.06478 0.546902 
0.06511 0.544473 
0.06545 0.541691 
0.06579 0.538462 
0.06613 0.535113 
0.06646 0.532632 
0.06680 0.530072 
0.06714 0.527638 
0.06748 0.524523 
0.06781 0.521692 
0.06815 0.519038 
0.06849 0.516168 
0.06883 0.514199 
0.06916 0.512195 
0.06950 0.510443 
0.06984 0.508607 
0.07018 0.505621 
0.07051 0.503128 
0.07085 0.499795 
0.07119 0.497495 
0.07152 0.494724 
0.07186 0.493091 
0.07220 0.490720 
0.07254 0.489024 
0.07287 0.486736 
0.07321 0.484511 
0.07355 0.482729 
0.07389 0.480876 
0.07422 0.479203 
0.07456 0.477293 
0.07490 0.474705 
0.07524 0.472145 
0.07557 0.469651 
0.07591 0.467421 
0.07625 0.465447 
0.07659 0.462984 
0.07692 0.460932 
0.07726 0.458439 
0.07760 0.456275 
0.07794 0.453981 
0.07827 0.451597 
0.07861 0.449312 
0.07895 0.447232 
0.07928 0.445463 
0.07962 0.443238 
0.07996 0.441107 
0.08030 0.439067 
0.08063 0.436904 
0.08097 0.434763 
0.08131 0.432573 
0.08165 0.430129 
0.08198 0.427916 
0.08232 0.425892 
0.08266 0.424189 
0.08300 0.421968 
0.08333 0.419670 
0.08367 0.417624 
0.08401 0.415177 
0.08435 0.413012 
0.08468 0.410645 
0.08502 0.408651 
0.08536 0.406174 
0.08570 0.404407 
0.08603 0.402532 
0.08637 0.400490 
0.08671 0.398954 
0.08704 0.397521 
0.08738 0.395379 
0.08772 0.393911 
0.08806 0.392367 
0.08839 0.390366 
0.08873 0.388442 
0.08907 0.386594 
0.08941 0.385220 
0.08974 0.383969 
0.09008 0.382501 
0.09042 0.380737 
0.09076 0.378905 
0.09109 0.377007 
0.09143 0.374744 
0.09177 0.373101 
0.09211 0.371068 
0.09244 0.369402 
0.09278 0.367724 
0.09312 0.366087 
0.09345 0.364490 
0.09379 0.362777 
0.09413 0.361002 
0.09447 0.359140 
0.09480 0.357626 
0.09514 0.355897 
0.09548 0.354585 
0.09582 0.353009 
0.09615 0.351495 
0.09649 0.349994 
0.09683 0.348237 
0.09717 0.346666 
0.09750 0.345204 
0.09784 0.343563 
0.09818 0.342126 
0.09852 0.340442 
0.09885 0.339029 
0.09919 0.337536 
0.09953 0.336031 
0.09987 0.334746 
0.10020 0.333242 
0.10054 0.331887 
0.10088 0.330341 
0.10121 0.328696 
0.10155 0.327243 
0.10189 0.325823 
0.10223 0.324831 
0.10256 0.322933 
0.10290 0.321721 
0.10324 0.320219 
0.10358 0.319048 
0.10391 0.317695 
0.10425 0.316164 
0.10459 0.314981 
0.10493 0.313577 
0.10526 0.312186 
0.10560 0.310928 
0.10594 0.309599 
0.10628 0.308341 
0.10661 0.307334 
0.10695 0.306034 
0.10729 0.304724 
0.10762 0.303641 
0.10796 0.302606 
0.10830 0.301402 
0.10864 0.300265 
0.10897 0.299175 
0.10931 0.298169 
0.10965 0.297132 
0.10999 0.295970 
0.11032 0.294835 
0.11066 0.293615 
0.11100 0.292164 
0.11134 0.291112 
0.11167 0.289994 
0.11201 0.288556 
0.11235 0.287438 
0.11269 0.286382 
0.11302 0.285280 
0.11336 0.283991 
0.11370 0.282959 
0.11404 0.281899 
0.11437 0.280533 
0.11471 0.279611 
0.11505 0.278316 
0.11538 0.277289 
0.11572 0.276320 
0.11606 0.275171 
0.11640 0.274132 
0.11673 0.273000 
0.11707 0.272109 
0.11741 0.271059 
0.11775 0.269934 
0.11808 0.268670 
0.11842 0.267709 
0.11876 0.266722 
0.11910 0.265436 
0.11943 0.264272 
0.11977 0.263197 
0.12011 0.262304 
0.12045 0.261354 
0.12078 0.260285 
0.12112 0.259333 
0.12146 0.258295 
0.12179 0.257325 
0.12213 0.256332 
0.12247 0.255133 
0.12281 0.254125 
0.12314 0.253124 
0.12348 0.252175 
0.12382 0.250994 
0.12416 0.250044 
0.12449 0.249087 
0.12483 0.248253 
0.12517 0.247250 
0.12551 0.246442 
0.12584 0.245582 
0.12618 0.244599 
0.12652 0.243879 
0.12686 0.242752 
0.12719 0.241788 
0.12753 0.240790 
0.12787 0.239812 
0.12821 0.238967 
0.12854 0.237947 
0.12888 0.237114 
0.12922 0.236217 
0.12955 0.235300 
0.12989 0.234456 
0.13023 0.233699 
0.13057 0.232933 
0.13090 0.231999 
0.13124 0.231217 
0.13158 0.230479 
0.13192 0.229772 
0.13225 0.229096 
0.13259 0.228359 
0.13293 0.227471 
0.13327 0.226602 
0.13360 0.225674 
0.13394 0.224856 
0.13428 0.224055 
0.13462 0.223247 
0.13495 0.222456 
0.13529 0.221546 
0.13563 0.220791 
0.13596 0.219930 
0.13630 0.219148 
0.13664 0.218286 
0.13698 0.217539 
0.13731 0.217027 
0.13765 0.216168 
0.13799 0.215518 
0.13833 0.214575 
0.13866 0.213768 
0.13900 0.213013 
0.13934 0.212299 
0.13968 0.211402 
0.14001 0.210733 
0.14035 0.209998 
0.14069 0.209267 
0.14103 0.208530 
0.14136 0.207649 
0.14170 0.206830 
0.14204 0.206164 
0.14238 0.205503 
0.14271 0.204800 
0.14305 0.204101 
0.14339 0.203263 
0.14372 0.202419 
0.14406 0.201581 
0.14440 0.200967 
0.14474 0.200227 
0.14507 0.199534 
0.14541 0.198781 
0.14575 0.198183 
0.14609 0.197588 
0.14642 0.197039 
0.14676 0.196292 
0.14710 0.195708 
0.14744 0.194980 
0.14777 0.194257 
0.14811 0.193632 
0.14845 0.193011 
0.14879 0.192259 
0.14912 0.191677 
0.14946 0.191026 
0.14980 0.190450 
0.15013 0.189867 
0.15047 0.189157 
0.15081 0.188511 
0.15115 0.187870 
0.15148 0.187172 
0.15182 0.186667 
0.15216 0.186085 
0.15250 0.185380 
0.15283 0.184756 
0.15317 0.184069 
0.15351 0.183521 
0.15385 0.182822 
0.15418 0.182243 
0.15452 0.181667 
0.15486 0.181161 
0.15520 0.180582 
0.15553 0.179883 
0.15587 0.179255 
0.15621 0.178677 
0.15655 0.178149 
0.15688 0.177577 
0.15722 0.176999 
0.15756 0.176407 
0.15789 0.175818 
0.15823 0.175332 
0.15857 0.174740 
0.15891 0.174143 
0.15924 0.173630 
0.15958 0.173021 
0.15992 0.172407 
0.16026 0.171859 
0.16059 0.171261 
0.16093 0.170692 
0.16127 0.170136 
0.16161 0.169539 
0.16194 0.169024 
0.16228 0.168451 
0.16262 0.167968 
0.16296 0.167453 
0.16329 0.166906 
0.16363 0.166397 
0.16397 0.165865 
0.16430 0.165344 
0.16464 0.164810 
0.16498 0.164312 
0.16532 0.163741 
0.16565 0.163249 
0.16599 0.162800 
0.16633 0.162247 
0.16667 0.161787 
0.16700 0.161297 
0.16734 0.160883 
0.16768 0.160341 
0.16802 0.159859 
0.16835 0.159379 
0.16869 0.158838 
0.16903 0.158347 
0.16937 0.157836 
0.16970 0.157311 
0.17004 0.156805 
0.17038 0.156381 
0.17072 0.155864 
0.17105 0.155405 
0.17139 0.154926 
0.17173 0.154479 
0.17206 0.153974 
0.17240 0.153524 
0.17274 0.153024 
0.17308 0.152618 
0.17341 0.152077 
0.17375 0.151653 
0.17409 0.151208 
0.17443 0.150743 
0.17476 0.150325 
0.17510 0.149895 
0.17544 0.149422 
0.17578 0.148952 
0.17611 0.148528 
0.17645 0.148107 
0.17679 0.147636 
0.17713 0.147183 
0.17746 0.146717 
0.17780 0.146218 
0.17814 0.145751 
0.17848 0.145329 
0.17881 0.144873 
0.17915 0.144476 
0.17949 0.144089 
0.17982 0.143640 
0.18016 0.143229 
0.18050 0.142861 
0.18084 0.142447 
0.18117 0.142020 
0.18151 0.141659 
0.18185 0.141250 
0.18219 0.140844 
0.18252 0.140405 
0.18286 0.140017 
0.18320 0.139617 
0.18354 0.139273 
0.18387 0.138863 
0.18421 0.138475 
0.18455 0.138096 
0.18489 0.137719 
0.18522 0.137303 
0.18556 0.136857 
0.18590 0.136486 
0.18623 0.136083 
0.18657 0.135657 
0.18691 0.135317 
0.18725 0.134933 
0.18758 0.134519 
0.18792 0.134166 
0.18826 0.133755 
0.18860 0.133367 
0.18893 0.133025 
0.18927 0.132614 
0.18961 0.132250 
0.18995 0.131869 
0.19028 0.131483 
0.19062 0.131074 
0.19096 0.130711 
0.19130 0.130356 
0.19163 0.129977 
0.19197 0.129650 
0.19231 0.129276 
0.19265 0.128915 
0.19298 0.128556 
0.19332 0.128217 
0.19366 0.127868 
0.19399 0.127508 
0.19433 0.127192 
0.19467 0.126841 
0.19501 0.126486 
0.19534 0.126169 
0.19568 0.125865 
0.19602 0.125568 
0.19636 0.125225 
0.19669 0.124843 
0.19703 0.124492 
0.19737 0.124119 
0.19771 0.123748 
0.19804 0.123402 
0.19838 0.123104 
0.19872 0.122807 
0.19906 0.122523 
0.19939 0.122194 
0.19973 0.121839 
0.20007 0.121542 
0.20040 0.121212 
0.20074 0.120873 
0.20108 0.120529 
0.20142 0.120210 
0.20175 0.119869 
0.20209 0.119564 
0.20243 0.119221 
0.20277 0.118924 
0.20310 0.118617 
0.20344 0.118235 
0.20378 0.117937 
0.20412 0.117596 
0.20445 0.117312 
0.20479 0.117007 
0.20513 0.116698 
0.20547 0.116401 
0.20580 0.116116 
0.20614 0.115838 
0.20648 0.115529 
0.20682 0.115259 
0.20715 0.114931 
0.20749 0.114594 
0.20783 0.114333 
0.20816 0.114057 
0.20850 0.113756 
0.20884 0.113446 
0.20918 0.113159 
0.20951 0.112867 
0.20985 0.112566 
0.21019 0.112287 
0.21053 0.111994 
0.21086 0.111692 
0.21120 0.111402 
0.21154 0.111103 
0.21188 0.110810 
0.21221 0.110493 
0.21255 0.110238 
0.21289 0.109959 
0.21323 0.109641 
0.21356 0.109365 
0.21390 0.109119 
0.21424 0.108801 
0.21457 0.108538 
0.21491 0.108241 
0.21525 0.107981 
0.21559 0.107687 
0.21592 0.107404 
0.21626 0.107147 
0.21660 0.106876 
0.21694 0.106636 
0.21727 0.106363 
0.21761 0.106067 
0.21795 0.105791 
0.21829 0.105555 
0.21862 0.105272 
0.21896 0.105024 
0.21930 0.104734 
0.21964 0.104450 
0.21997 0.104167 
0.22031 0.103900 
0.22065 0.103648 
0.22099 0.103397 
0.22132 0.103133 
0.22166 0.102888 
0.22200 0.102626 
0.22233 0.102398 
0.22267 0.102152 
0.22301 0.101907 
0.22335 0.101645 
0.22368 0.101384 
0.22402 0.101138 
0.22436 0.100910 
0.22470 0.100630 
0.22503 0.100409 
0.22537 0.100149 
0.22571 0.099894 
0.22605 0.099663 
0.22638 0.099415 
0.22672 0.099186 
0.22706 0.098957 
0.22740 0.098716 
0.22773 0.098499 
0.22807 0.098277 
0.22841 0.098035 
0.22874 0.097794 
0.22908 0.097554 
0.22942 0.097319 
0.22976 0.097076 
0.23009 0.096852 
0.23043 0.096628 
0.23077 0.096393 
0.23111 0.096145 
0.23144 0.095912 
0.23178 0.095679 
0.23212 0.095456 
0.23246 0.095238 
0.23279 0.094996 
0.23313 0.094755 
0.23347 0.094531 
0.23381 0.094296 
0.23414 0.094049 
0.23448 0.093811 
0.23482 0.093579 
0.23516 0.093376 
0.23549 0.093150 
0.23583 0.092949 
0.23617 0.092753 
0.23650 0.092553 
0.23684 0.092347 
0.23718 0.092133 
0.23752 0.091911 
0.23785 0.091695 
0.23819 0.091475 
0.23853 0.091257 
0.23887 0.091031 
0.23920 0.090814 
0.23954 0.090610 
0.23988 0.090406 
0.24022 0.090208 
0.24055 0.090006 
0.24089 0.089785 
0.24123 0.089573 
0.24157 0.089358 
0.24190 0.089132 
0.24224 0.088919 
0.24258 0.088706 
0.24291 0.088495 
0.24325 0.088288 
0.24359 0.088070 
0.24393 0.087884 
0.24426 0.087683 
0.24460 0.087499 
0.24494 0.087299 
0.24528 0.087120 
0.24561 0.086941 
0.24595 0.086740 
0.24629 0.086536 
0.24663 0.086341 
0.24696 0.086153 
0.24730 0.085982 
0.24764 0.085773 
0.24798 0.085596 
0.24831 0.085400 
0.24865 0.085205 
0.24899 0.085022 
0.24933 0.084825 
0.24966 0.084618 
0.25000 0.084429 
0.25034 0.084231 
0.25067 0.084040 
0.25101 0.083854 
0.25135 0.083669 
0.25169 0.083473 
0.25202 0.083293 
0.25236 0.083099 
0.25270 0.082916 
0.25304 0.082709 
0.25337 0.082532 
0.25371 0.082365 
0.25405 0.082168 
0.25439 0.081989 
0.25472 0.081817 
0.25506 0.081646 
0.25540 0.081476 
0.25574 0.081306 
0.25607 0.081137 
0.25641 0.080965 
0.25675 0.080787 
0.25709 0.080630 
0.25742 0.080464 
0.25776 0.080308 
0.25810 0.080129 
0.25843 0.079967 
0.25877 0.079786 
0.25911 0.079599 
0.25945 0.079429 
0.25978 0.079246 
0.26012 0.079057 
0.26046 0.078883 
0.26080 0.078709 
0.26113 0.078529 
0.26147 0.078360 
0.26181 0.078188 
0.26215 0.078019 
0.26248 0.077872 
0.26282 0.077702 
0.26316 0.077532 
0.26350 0.077350 
0.26383 0.077178 
0.26417 0.077017 
0.26451 0.076853 
0.26484 0.076680 
0.26518 0.076511 
0.26552 0.076365 
0.26586 0.076203 
0.26619 0.076030 
0.26653 0.075882 
0.26687 0.075713 
0.26721 0.075553 
0.26754 0.075395 
0.26788 0.075243 
0.26822 0.075072 
0.26856 0.074906 
0.26889 0.074737 
0.26923 0.074572 
0.26957 0.074407 
0.26991 0.074255 
0.27024 0.074092 
0.27058 0.073941 
0.27092 0.073794 
0.27126 0.073651 
0.27159 0.073490 
0.27193 0.073332 
0.27227 0.073184 
0.27260 0.073049 
0.27294 0.072893 
0.27328 0.072740 
0.27362 0.072601 
0.27395 0.072449 
0.27429 0.072304 
0.27463 0.072148 
0.27497 0.071995 
0.27530 0.071839 
0.27564 0.071678 
0.27598 0.071536 
0.27632 0.071388 
0.27665 0.071238 
0.27699 0.071097 
0.27733 0.070945 
0.27767 0.070799 
0.27800 0.070657 
0.27834 0.070524 
0.27868 0.070391 
0.27901 0.070256 
0.27935 0.070107 
0.27969 0.069978 
0.28003 0.069833 
0.28036 0.069691 
0.28070 0.069541 
0.28104 0.069403 
0.28138 0.069268 
0.28171 0.069139 
0.28205 0.069008 
0.28239 0.068878 
0.28273 0.068736 
0.28306 0.068604 
0.28340 0.068469 
0.28374 0.068326 
0.28408 0.068183 
0.28441 0.068047 
0.28475 0.067925 
0.28509 0.067787 
0.28543 0.067646 
0.28576 0.067511 
0.28610 0.067388 
0.28644 0.067238 
0.28677 0.067105 
0.28711 0.066972 
0.28745 0.066842 
0.28779 0.066705 
0.28812 0.066568 
0.28846 0.066434 
0.28880 0.066292 
0.28914 0.066157 
0.28947 0.066016 
0.28981 0.065884 
0.29015 0.065742 
0.29049 0.065611 
0.29082 0.065475 
0.29116 0.065355 
0.29150 0.065239 
0.29184 0.065117 
0.29217 0.064991 
0.29251 0.064870 
0.29285 0.064742 
0.29318 0.064617 
0.29352 0.064503 
0.29386 0.064378 
0.29420 0.064268 
0.29453 0.064136 
0.29487 0.064013 
0.29521 0.063895 
0.29555 0.063773 
0.29588 0.063648 
0.29622 0.063519 
0.29656 0.063393 
0.29690 0.063269 
0.29723 0.063149 
0.29757 0.063021 
0.29791 0.062901 
0.29825 0.062777 
0.29858 0.062653 
0.29892 0.062540 
0.29926 0.062419 
0.29960 0.062296 
0.29993 0.062186 
0.30027 0.062075 
0.30061 0.061960 
0.30094 0.061834 
0.30128 0.061708 
0.30162 0.061600 
0.30196 0.061485 
0.30229 0.061358 
0.30263 0.061241 
0.30297 0.061124 
0.30331 0.061003 
0.30364 0.060895 
0.30398 0.060774 
0.30432 0.060662 
0.30466 0.060550 
0.30499 0.060440 
0.30533 0.060321 
0.30567 0.060208 
0.30601 0.060097 
0.30634 0.059989 
0.30668 0.059878 
0.30702 0.059764 
0.30735 0.059657 
0.30769 0.059550 
0.30803 0.059434 
0.30837 0.059328 
0.30870 0.059205 
0.30904 0.059102 
0.30938 0.058992 
0.30972 0.058881 
0.31005 0.058778 
0.31039 0.058677 
0.31073 0.058571 
0.31107 0.058465 
0.31140 0.058350 
0.31174 0.058245 
0.31208 0.058133 
0.31242 0.058023 
0.31275 0.057915 
0.31309 0.057808 
0.31343 0.057702 
0.31377 0.057604 
0.31410 0.057496 
0.31444 0.057403 
0.31478 0.057289 
0.31511 0.057187 
0.31545 0.057097 
0.31579 0.056993 
0.31613 0.056892 
0.31646 0.056789 
0.31680 0.056677 
0.31714 0.056584 
0.31748 0.056477 
0.31781 0.056366 
0.31815 0.056262 
0.31849 0.056159 
0.31883 0.056056 
0.31916 0.055959 
0.31950 0.055857 
0.31984 0.055759 
0.32018 0.055657 
0.32051 0.055560 
0.32085 0.055465 
0.32119 0.055369 
0.32152 0.055270 
0.32186 0.055176 
0.32220 0.055087 
0.32254 0.054994 
0.32287 0.054892 
0.32321 0.054786 
0.32355 0.054691 
0.32389 0.054588 
0.32422 0.054488 
0.32456 0.054396 
0.32490 0.054300 
0.32524 0.054203 
0.32557 0.054112 
0.32591 0.054013 
0.32625 0.053916 
0.32659 0.053826 
0.32692 0.053732 
0.32726 0.053638 
0.32760 0.053538 
0.32794 0.053441 
0.32827 0.053352 
0.32861 0.053255 
0.32895 0.053152 
0.32928 0.053052 
0.32962 0.052954 
0.32996 0.052858 
0.33030 0.052762 
0.33063 0.052671 
0.33097 0.052579 
0.33131 0.052486 
0.33165 0.052400 
0.33198 0.052314 
0.33232 0.052216 
0.33266 0.052129 
0.33300 0.052042 
0.33333 0.051957 
0.33367 0.051868 
0.33401 0.051772 
0.33435 0.051679 
0.33468 0.051597 
0.33502 0.051506 
0.33536 0.051420 
0.33570 0.051333 
0.33603 0.051244 
0.33637 0.051153 
0.33671 0.051065 
0.33704 0.050975 
0.33738 0.050893 
0.33772 0.050805 
0.33806 0.050722 
0.33839 0.050640 
0.33873 0.050552 
0.33907 0.050467 
0.33941 0.050378 
0.33974 0.050298 
0.34008 0.050214 
0.34042 0.050126 
0.34076 0.050047 
0.34109 0.049955 
0.34143 0.049868 
0.34177 0.049778 
0.34211 0.049695 
0.34244 0.049615 
0.34278 0.049525 
0.34312 0.049437 
0.34345 0.049355 
0.34379 0.049270 
0.34413 0.049185 
0.34447 0.049104 
0.34480 0.049016 
0.34514 0.048937 
0.34548 0.048861 
0.34582 0.048779 
0.34615 0.048697 
0.34649 0.048611 
0.34683 0.048528 
0.34717 0.048443 
0.34750 0.048366 
0.34784 0.048284 
0.34818 0.048207 
0.34852 0.048131 
0.34885 0.048053 
0.34919 0.047973 
0.34953 0.047890 
0.34987 0.047819 
0.35020 0.047744 
0.35054 0.047663 
0.35088 0.047586 
0.35121 0.047506 
0.35155 0.047428 
0.35189 0.047346 
0.35223 0.047266 
0.35256 0.047191 
0.35290 0.047111 
0.35324 0.047040 
0.35358 0.046963 
0.35391 0.046884 
0.35425 0.046802 
0.35459 0.046733 
0.35493 0.046657 
0.35526 0.046579 
0.35560 0.046507 
0.35594 0.046431 
0.35628 0.046359 
0.35661 0.046286 
0.35695 0.046215 
0.35729 0.046136 
0.35762 0.046062 
0.35796 0.045994 
0.35830 0.045920 
0.35864 0.045850 
0.35897 0.045771 
0.35931 0.045697 
0.35965 0.045618 
0.35999 0.045545 
0.36032 0.045474 
0.36066 0.045405 
0.36100 0.045334 
0.36134 0.045263 
0.36167 0.045187 
0.36201 0.045115 
0.36235 0.045045 
0.36269 0.044972 
0.36302 0.044905 
0.36336 0.044834 
0.36370 0.044770 
0.36404 0.044699 
0.36437 0.044626 
0.36471 0.044554 
0.36505 0.044482 
0.36538 0.044405 
0.36572 0.044342 
0.36606 0.044275 
0.36640 0.044207 
0.36673 0.044143 
0.36707 0.044074 
0.36741 0.044008 
0.36775 0.043944 
0.36808 0.043872 
0.36842 0.043803 
0.36876 0.043738 
0.36910 0.043673 
0.36943 0.043602 
0.36977 0.043539 
0.37011 0.043468 
0.37045 0.043404 
0.37078 0.043338 
0.37112 0.043267 
0.37146 0.043199 
0.37179 0.043138 
0.37213 0.043072 
0.37247 0.043004 
0.37281 0.042934 
0.37314 0.042865 
0.37348 0.042805 
0.37382 0.042744 
0.37416 0.042675 
0.37449 0.042619 
0.37483 0.042549 
0.37517 0.042479 
0.37551 0.042412 
0.37584 0.042343 
0.37618 0.042275 
0.37652 0.042210 
0.37686 0.042148 
0.37719 0.042085 
0.37753 0.042018 
0.37787 0.041952 
0.37821 0.041889 
0.37854 0.041823 
0.37888 0.041763 
0.37922 0.041700 
0.37955 0.041634 
0.37989 0.041566 
0.38023 0.041507 
0.38057 0.041446 
0.38090 0.041380 
0.38124 0.041315 
0.38158 0.041253 
0.38192 0.041191 
0.38225 0.041129 
0.38259 0.041070 
0.38293 0.041004 
0.38327 0.040938 
0.38360 0.040871 
0.38394 0.040813 
0.38428 0.040755 
0.38462 0.040696 
0.38495 0.040637 
0.38529 0.040573 
0.38563 0.040515 
0.38596 0.040451 
0.38630 0.040388 
0.38664 0.040326 
0.38698 0.040267 
0.38731 0.040208 
0.38765 0.040145 
0.38799 0.040086 
0.38833 0.040021 
0.38866 0.039962 
0.38900 0.039905 
0.38934 0.039849 
0.38968 0.039786 
0.39001 0.039731 
0.39035 0.039677 
0.39069 0.039622 
0.39103 0.039563 
0.39136 0.039506 
0.39170 0.039452 
0.39204 0.039394 
0.39238 0.039334 
0.39271 0.039277 
0.39305 0.039220 
0.39339 0.039163 
0.39372 0.039104 
0.39406 0.039049 
0.39440 0.038990 
0.39474 0.038929 
0.39507 0.038871 
0.39541 0.038816 
0.39575 0.038763 
0.39609 0.038707 
0.39642 0.038656 
0.39676 0.038595 
0.39710 0.038538 
0.39744 0.038478 
0.39777 0.038421 
0.39811 0.038366 
0.39845 0.038310 
0.39879 0.038254 
0.39912 0.038201 
0.39946 0.038147 
0.39980 0.038089 
0.40013 0.038036 
0.40047 0.037979 
0.40081 0.037925 
0.40115 0.037868 
0.40148 0.037812 
0.40182 0.037758 
0.40216 0.037702 
0.40250 0.037647 
0.40283 0.037589 
0.40317 0.037532 
0.40351 0.037481 
0.40385 0.037426 
0.40418 0.037376 
0.40452 0.037324 
0.40486 0.037273 
0.40520 0.037220 
0.40553 0.037170 
0.40587 0.037119 
0.40621 0.037065 
0.40655 0.037016 
0.40688 0.036965 
0.40722 0.036914 
0.40756 0.036861 
0.40789 0.036813 
0.40823 0.036760 
0.40857 0.036706 
0.40891 0.036652 
0.40924 0.036602 
0.40958 0.036551 
0.40992 0.036500 
0.41026 0.036445 
0.41059 0.036390 
0.41093 0.036338 
0.41127 0.036285 
0.41161 0.036232 
0.41194 0.036181 
0.41228 0.036129 
0.41262 0.036075 
0.41296 0.036027 
0.41329 0.035978 
0.41363 0.035929 
0.41397 0.035881 
0.41430 0.035831 
0.41464 0.035779 
0.41498 0.035731 
0.41532 0.035689 
0.41565 0.035640 
0.41599 0.035594 
0.41633 0.035545 
0.41667 0.035496 
0.41700 0.035443 
0.41734 0.035395 
0.41768 0.035347 
0.41802 0.035299 
0.41835 0.035250 
0.41869 0.035201 
0.41903 0.035154 
0.41937 0.035109 
0.41970 0.035058 
0.42004 0.035008 
0.42038 0.034960 
0.42072 0.034913 
0.42105 0.034867 
0.42139 0.034821 
0.42173 0.034776 
0.42206 0.034732 
0.42240 0.034684 
0.42274 0.034638 
0.42308 0.034595 
0.42341 0.034546 
0.42375 0.034500 
0.42409 0.034450 
0.42443 0.034403 
0.42476 0.034359 
0.42510 0.034310 
0.42544 0.034265 
0.42578 0.034218 
0.42611 0.034170 
0.42645 0.034126 
0.42679 0.034082 
0.42713 0.034038 
0.42746 0.033991 
0.42780 0.033942 
0.42814 0.033891 
0.42848 0.033846 
0.42881 0.033804 
0.42915 0.033760 
0.42949 0.033713 
0.42982 0.033667 
0.43016 0.033622 
0.43050 0.033572 
0.43084 0.033528 
0.43117 0.033485 
0.43151 0.033440 
0.43185 0.033396 
0.43219 0.033350 
0.43252 0.033307 
0.43286 0.033257 
0.43320 0.033215 
0.43354 0.033171 
0.43387 0.033128 
0.43421 0.033085 
0.43455 0.033039 
0.43489 0.032995 
0.43522 0.032953 
0.43556 0.032910 
0.43590 0.032866 
0.43623 0.032824 
0.43657 0.032779 
0.43691 0.032737 
0.43725 0.032691 
0.43758 0.032648 
0.43792 0.032603 
0.43826 0.032560 
0.43860 0.032517 
0.43893 0.032476 
0.43927 0.032434 
0.43961 0.032390 
0.43995 0.032346 
0.44028 0.032304 
0.44062 0.032263 
0.44096 0.032219 
0.44130 0.032176 
0.44163 0.032135 
0.44197 0.032093 
0.44231 0.032048 
0.44265 0.032010 
0.44298 0.031969 
0.44332 0.031929 
0.44366 0.031889 
0.44399 0.031848 
0.44433 0.031805 
0.44467 0.031763 
0.44501 0.031720 
0.44534 0.031678 
0.44568 0.031636 
0.44602 0.031596 
0.44636 0.031557 
0.44669 0.031518 
0.44703 0.031477 
0.44737 0.031440 
0.44771 0.031400 
0.44804 0.031363 
0.44838 0.031323 
0.44872 0.031282 
0.44906 0.031242 
0.44939 0.031200 
0.44973 0.031155 
0.45007 0.031113 
0.45040 0.031078 
0.45074 0.031040 
0.45108 0.031000 
0.45142 0.030962 
0.45175 0.030926 
0.45209 0.030885 
0.45243 0.030844 
0.45277 0.030804 
0.45310 0.030765 
0.45344 0.030726 
0.45378 0.030684 
0.45412 0.030642 
0.45445 0.030606 
0.45479 0.030567 
0.45513 0.030526 
0.45547 0.030486 
0.45580 0.030449 
0.45614 0.030410 
0.45648 0.030375 
0.45682 0.030337 
0.45715 0.030299 
0.45749 0.030259 
0.45783 0.030221 
0.45816 0.030181 
0.45850 0.030140 
0.45884 0.030099 
0.45918 0.030061 
0.45951 0.030023 
0.45985 0.029987 
0.46019 0.029947 
0.46053 0.029911 
0.46086 0.029873 
0.46120 0.029837 
0.46154 0.029801 
0.46188 0.029765 
0.46221 0.029727 
0.46255 0.029691 
0.46289 0.029655 
0.46323 0.029621 
0.46356 0.029587 
0.46390 0.029551 
0.46424 0.029516 
0.46457 0.029476 
0.46491 0.029439 
0.46525 0.029399 
0.46559 0.029364 
0.46592 0.029327 
0.46626 0.029289 
0.46660 0.029254 
0.46694 0.029217 
0.46727 0.029179 
0.46761 0.029144 
0.46795 0.029108 
0.46829 0.029073 
0.46862 0.029036 
0.46896 0.029003 
0.46930 0.028965 
0.46964 0.028929 
0.46997 0.028890 
0.47031 0.028854 
0.47065 0.028818 
0.47099 0.028782 
0.47132 0.028747 
0.47166 0.028711 
0.47200 0.028676 
0.47233 0.028642 
0.47267 0.028604 
0.47301 0.028571 
0.47335 0.028536 
0.47368 0.028501 
0.47402 0.028467 
0.47436 0.028432 
0.47470 0.028395 
0.47503 0.028360 
0.47537 0.028327 
0.47571 0.028292 
0.47605 0.028258 
0.47638 0.028224 
0.47672 0.028192 
0.47706 0.028157 
0.47740 0.028124 
0.47773 0.028091 
0.47807 0.028055 
0.47841 0.028022 
0.47874 0.027989 
0.47908 0.027957 
0.47942 0.027922 
0.47976 0.027889 
0.48009 0.027856 
0.48043 0.027823 
0.48077 0.027791 
0.48111 0.027755 
0.48144 0.027723 
0.48178 0.027691 
0.48212 0.027658 
0.48246 0.027628 
0.48279 0.027593 
0.48313 0.027559 
0.48347 0.027524 
0.48381 0.027489 
0.48414 0.027455 
0.48448 0.027421 
0.48482 0.027391 
0.48516 0.027358 
0.48549 0.027325 
0.48583 0.027295 
0.48617 0.027265 
0.48650 0.027231 
0.48684 0.027200 
0.48718 0.027169 
0.48752 0.027136 
0.48785 0.027105 
0.48819 0.027074 
0.48853 0.027043 
0.48887 0.027010 
0.48920 0.026978 
0.48954 0.026945 
0.48988 0.026910 
0.49022 0.026877 
0.49055 0.026847 
0.49089 0.026815 
0.49123 0.026784 
0.49157 0.026752 
0.49190 0.026718 
0.49224 0.026686 
0.49258 0.026655 
0.49291 0.026624 
0.49325 0.026595 
0.49359 0.026563 
0.49393 0.026533 
0.49426 0.026504 
0.49460 0.026473 
0.49494 0.026444 
0.49528 0.026414 
0.49561 0.026384 
0.49595 0.026352 
0.49629 0.026321 
0.49663 0.026291 
0.49696 0.026259 
0.49730 0.026229 
0.49764 0.026197 
0.49798 0.026165 
0.49831 0.026132 
0.49865 0.026103 
0.49899 0.026072 
0.49933 0.026039 
0.49966 0.026008 
0.50000 0.025978 
0.50034 0.025948 
0.50067 0.025917 
0.50101 0.025887 
0.50135 0.025857 
0.50169 0.025825 
0.50202 0.025794 
0.50236 0.025765 
0.50270 0.025734 
0.50304 0.025705 
0.50337 0.025676 
0.50371 0.025647 
0.50405 0.025618 
0.50439 0.025586 
0.50472 0.025556 
0.50506 0.025528 
0.50540 0.025500 
0.50574 0.025470 
0.50607 0.025443 
0.50641 0.025415 
0.50675 0.025388 
0.50709 0.025360 
0.50742 0.025332 
0.50776 0.025302 
0.50810 0.025275 
0.50843 0.025245 
0.50877 0.025213 
0.50911 0.025187 
0.50945 0.025157 
0.50978 0.025127 
0.51012 0.025096 
0.51046 0.025069 
0.51080 0.025042 
0.51113 0.025013 
0.51147 0.024984 
0.51181 0.024957 
0.51215 0.024930 
0.51248 0.024900 
0.51282 0.024874 
0.51316 0.024847 
0.51350 0.024820 
0.51383 0.024791 
0.51417 0.024761 
0.51451 0.024735 
0.51484 0.024707 
0.51518 0.024681 
0.51552 0.024655 
0.51586 0.024628 
0.51619 0.024600 
0.51653 0.024574 
0.51687 0.024547 
0.51721 0.024521 
0.51754 0.024495 
0.51788 0.024467 
0.51822 0.024442 
0.51856 0.024415 
0.51889 0.024389 
0.51923 0.024361 
0.51957 0.024334 
0.51991 0.024309 
0.52024 0.024281 
0.52058 0.024254 
0.52092 0.024228 
0.52126 0.024202 
0.52159 0.024173 
0.52193 0.024146 
0.52227 0.024120 
0.52260 0.024093 
0.52294 0.024066 
0.52328 0.024038 
0.52362 0.024011 
0.52395 0.023986 
0.52429 0.023959 
0.52463 0.023932 
0.52497 0.023907 
0.52530 0.023883 
0.52564 0.023858 
0.52598 0.023830 
0.52632 0.023804 
0.52665 0.023778 
0.52699 0.023752 
0.52733 0.023725 
0.52767 0.023700 
0.52800 0.023673 
0.52834 0.023647 
0.52868 0.023622 
0.52901 0.023597 
0.52935 0.023571 
0.52969 0.023545 
0.53003 0.023518 
0.53036 0.023492 
0.53070 0.023466 
0.53104 0.023440 
0.53138 0.023414 
0.53171 0.023389 
0.53205 0.023363 
0.53239 0.023338 
0.53273 0.023312 
0.53306 0.023288 
0.53340 0.023263 
0.53374 0.023238 
0.53408 0.023211 
0.53441 0.023187 
0.53475 0.023161 
0.53509 0.023136 
0.53543 0.023112 
0.53576 0.023085 
0.53610 0.023060 
0.53644 0.023036 
0.53677 0.023012 
0.53711 0.022987 
0.53745 0.022963 
0.53779 0.022940 
0.53812 0.022914 
0.53846 0.022890 
0.53880 0.022865 
0.53914 0.022840 
0.53947 0.022816 
0.53981 0.022794 
0.54015 0.022770 
0.54049 0.022745 
0.54082 0.022720 
0.54116 0.022697 
0.54150 0.022673 
0.54184 0.022649 
0.54217 0.022626 
0.54251 0.022602 
0.54285 0.022578 
0.54318 0.022554 
0.54352 0.022531 
0.54386 0.022507 
0.54420 0.022484 
0.54453 0.022459 
0.54487 0.022436 
0.54521 0.022413 
0.54555 0.022388 
0.54588 0.022366 
0.54622 0.022341 
0.54656 0.022319 
0.54690 0.022294 
0.54723 0.022269 
0.54757 0.022246 
0.54791 0.022222 
0.54825 0.022200 
0.54858 0.022175 
0.54892 0.022152 
0.54926 0.022128 
0.54960 0.022103 
0.54993 0.022079 
0.55027 0.022056 
0.55061 0.022032 
0.55094 0.022009 
0.55128 0.021987 
0.55162 0.021965 
0.55196 0.021941 
0.55229 0.021918 
0.55263 0.021897 
0.55297 0.021876 
0.55331 0.021853 
0.55364 0.021830 
0.55398 0.021808 
0.55432 0.021786 
0.55466 0.021764 
0.55499 0.021742 
0.55533 0.021718 
0.55567 0.021695 
0.55601 0.021673 
0.55634 0.021650 
0.55668 0.021630 
0.55702 0.021608 
0.55735 0.021585 
0.55769 0.021564 
0.55803 0.021543 
0.55837 0.021521 
0.55870 0.021498 
0.55904 0.021477 
0.55938 0.021454 
0.55972 0.021433 
0.56005 0.021412 
0.56039 0.021392 
0.56073 0.021369 
0.56107 0.021348 
0.56140 0.021325 
0.56174 0.021301 
0.56208 0.021279 
0.56242 0.021258 
0.56275 0.021235 
0.56309 0.021211 
0.56343 0.021190 
0.56377 0.021168 
0.56410 0.021147 
0.56444 0.021126 
0.56478 0.021104 
0.56511 0.021083 
0.56545 0.021062 
0.56579 0.021040 
0.56613 0.021021 
0.56646 0.020998 
0.56680 0.020975 
0.56714 0.020953 
0.56748 0.020931 
0.56781 0.020911 
0.56815 0.020888 
0.56849 0.020868 
0.56883 0.020848 
0.56916 0.020826 
0.56950 0.020804 
0.56984 0.020783 
0.57018 0.020762 
0.57051 0.020743 
0.57085 0.020723 
0.57119 0.020701 
0.57152 0.020682 
0.57186 0.020660 
0.57220 0.020640 
0.57254 0.020618 
0.57287 0.020598 
0.57321 0.020577 
0.57355 0.020557 
0.57389 0.020535 
0.57422 0.020517 
0.57456 0.020497 
0.57490 0.020476 
0.57524 0.020456 
0.57557 0.020435 
0.57591 0.020415 
0.57625 0.020394 
0.57659 0.020373 
0.57692 0.020352 
0.57726 0.020333 
0.57760 0.020313 
0.57794 0.020292 
0.57827 0.020272 
0.57861 0.020252 
0.57895 0.020233 
0.57928 0.020213 
0.57962 0.020193 
0.57996 0.020173 
0.58030 0.020153 
0.58063 0.020132 
0.58097 0.020112 
0.58131 0.020091 
0.58165 0.020072 
0.58198 0.020052 
0.58232 0.020033 
0.58266 0.020013 
0.58300 0.019994 
0.58333 0.019974 
0.58367 0.019956 
0.58401 0.019935 
0.58435 0.019914 
0.58468 0.019895 
0.58502 0.019876 
0.58536 0.019856 
0.58570 0.019837 
0.58603 0.019817 
0.58637 0.019799 
0.58671 0.019780 
0.58704 0.019758 
0.58738 0.019738 
0.58772 0.019718 
0.58806 0.019699 
0.58839 0.019680 
0.58873 0.019660 
0.58907 0.019640 
0.58941 0.019621 
0.58974 0.019603 
0.59008 0.019586 
0.59042 0.019565 
0.59076 0.019546 
0.59109 0.019528 
0.59143 0.019508 
0.59177 0.019489 
0.59211 0.019469 
0.59244 0.019449 
0.59278 0.019431 
0.59312 0.019411 
0.59345 0.019392 
0.59379 0.019374 
0.59413 0.019353 
0.59447 0.019334 
0.59480 0.019316 
0.59514 0.019296 
0.59548 0.019278 
0.59582 0.019260 
0.59615 0.019241 
0.59649 0.019222 
0.59683 0.019204 
0.59717 0.019185 
0.59750 0.019166 
0.59784 0.019147 
0.59818 0.019128 
0.59852 0.019110 
0.59885 0.019092 
0.59919 0.019074 
0.59953 0.019057 
0.59987 0.019037 
0.60020 0.019020 
0.60054 0.019001 
0.60088 0.018983 
0.60121 0.018966 
0.60155 0.018948 
0.60189 0.018931 
0.60223 0.018913 
0.60256 0.018894 
0.60290 0.018877 
0.60324 0.018859 
0.60358 0.018841 
0.60391 0.018823 
0.60425 0.018804 
0.60459 0.018787 
0.60493 0.018768 
0.60526 0.018749 
0.60560 0.018732 
0.60594 0.018716 
0.60628 0.018698 
0.60661 0.018680 
0.60695 0.018663 
0.60729 0.018645 
0.60762 0.018629 
0.60796 0.018610 
0.60830 0.018593 
0.60864 0.018576 
0.60897 0.018559 
0.60931 0.018542 
0.60965 0.018525 
0.60999 0.018507 
0.61032 0.018490 
0.61066 0.018472 
0.61100 0.018456 
0.61134 0.018438 
0.61167 0.018421 
0.61201 0.018403 
0.61235 0.018387 
0.61269 0.018370 
0.61302 0.018353 
0.61336 0.018336 
0.61370 0.018319 
0.61404 0.018302 
0.61437 0.018285 
0.61471 0.018267 
0.61505 0.018250 
0.61538 0.018232 
0.61572 0.018215 
0.61606 0.018198 
0.61640 0.018182 
0.61673 0.018165 
0.61707 0.018149 
0.61741 0.018132 
0.61775 0.018116 
0.61808 0.018100 
0.61842 0.018082 
0.61876 0.018066 
0.61910 0.018049 
0.61943 0.018033 
0.61977 0.018017 
0.62011 0.017998 
0.62045 0.017982 
0.62078 0.017966 
0.62112 0.017949 
0.62146 0.017933 
0.62179 0.017916 
0.62213 0.017899 
0.62247 0.017882 
0.62281 0.017866 
0.62314 0.017850 
0.62348 0.017833 
0.62382 0.017817 
0.62416 0.017802 
0.62449 0.017786 
0.62483 0.017769 
0.62517 0.017752 
0.62551 0.017736 
0.62584 0.017719 
0.62618 0.017703 
0.62652 0.017686 
0.62686 0.017669 
0.62719 0.017652 
0.62753 0.017635 
0.62787 0.017619 
0.62821 0.017603 
0.62854 0.017586 
0.62888 0.017568 
0.62922 0.017552 
0.62955 0.017536 
0.62989 0.017520 
0.63023 0.017505 
0.63057 0.017488 
0.63090 0.017472 
0.63124 0.017455 
0.63158 0.017439 
0.63192 0.017423 
0.63225 0.017407 
0.63259 0.017391 
0.63293 0.017375 
0.63327 0.017359 
0.63360 0.017343 
0.63394 0.017327 
0.63428 0.017311 
0.63462 0.017294 
0.63495 0.017279 
0.63529 0.017264 
0.63563 0.017248 
0.63596 0.017232 
0.63630 0.017216 
0.63664 0.017201 
0.63698 0.017185 
0.63731 0.017170 
0.63765 0.017155 
0.63799 0.017138 
0.63833 0.017122 
0.63866 0.017107 
0.63900 0.017091 
0.63934 0.017076 
0.63968 0.017061 
0.64001 0.017045 
0.64035 0.017030 
0.64069 0.017015 
0.64103 0.016999 
0.64136 0.016984 
0.64170 0.016968 
0.64204 0.016951 
0.64238 0.016936 
0.64271 0.016921 
0.64305 0.016905 
0.64339 0.016890 
0.64372 0.016874 
0.64406 0.016858 
0.64440 0.016843 
0.64474 0.016828 
0.64507 0.016812 
0.64541 0.016798 
0.64575 0.016783 
0.64609 0.016769 
0.64642 0.016754 
0.64676 0.016740 
0.64710 0.016724 
0.64744 0.016709 
0.64777 0.016694 
0.64811 0.016680 
0.64845 0.016665 
0.64879 0.016650 
0.64912 0.016635 
0.64946 0.016621 
0.64980 0.016606 
0.65013 0.016591 
0.65047 0.016577 
0.65081 0.016563 
0.65115 0.016548 
0.65148 0.016533 
0.65182 0.016519 
0.65216 0.016504 
0.65250 0.016490 
0.65283 0.016475 
0.65317 0.016462 
0.65351 0.016447 
0.65385 0.016432 
0.65418 0.016418 
0.65452 0.016404 
0.65486 0.016390 
0.65520 0.016376 
0.65553 0.016361 
0.65587 0.016347 
0.65621 0.016331 
0.65655 0.016316 
0.65688 0.016301 
0.65722 0.016287 
0.65756 0.016272 
0.65789 0.016258 
0.65823 0.016243 
0.65857 0.016229 
0.65891 0.016215 
0.65924 0.016200 
0.65958 0.016185 
0.65992 0.016171 
0.66026 0.016157 
0.66059 0.016142 
0.66093 0.016128 
0.66127 0.016115 
0.66161 0.016101 
0.66194 0.016086 
0.66228 0.016072 
0.66262 0.016057 
0.66296 0.016043 
0.66329 0.016029 
0.66363 0.016016 
0.66397 0.016001 
0.66430 0.015989 
0.66464 0.015975 
0.66498 0.015961 
0.66532 0.015948 
0.66565 0.015933 
0.66599 0.015920 
0.66633 0.015906 
0.66667 0.015892 
0.66700 0.015879 
0.66734 0.015866 
0.66768 0.015852 
0.66802 0.015840 
0.66835 0.015827 
0.66869 0.015813 
0.66903 0.015799 
0.66937 0.015785 
0.66970 0.015772 
0.67004 0.015758 
0.67038 0.015744 
0.67072 0.015730 
0.67105 0.015716 
0.67139 0.015701 
0.67173 0.015688 
0.67206 0.015675 
0.67240 0.015662 
0.67274 0.015649 
0.67308 0.015635 
0.67341 0.015622 
0.67375 0.015609 
0.67409 0.015596 
0.67443 0.015582 
0.67476 0.015568 
0.67510 0.015555 
0.67544 0.015540 
0.67578 0.015527 
0.67611 0.015514 
0.67645 0.015500 
0.67679 0.015487 
0.67713 0.015475 
0.67746 0.015462 
0.67780 0.015449 
0.67814 0.015436 
0.67848 0.015423 
0.67881 0.015409 
0.67915 0.015396 
0.67949 0.015384 
0.67982 0.015370 
0.68016 0.015357 
0.68050 0.015344 
0.68084 0.015331 
0.68117 0.015318 
0.68151 0.015304 
0.68185 0.015290 
0.68219 0.015277 
0.68252 0.015264 
0.68286 0.015251 
0.68320 0.015239 
0.68354 0.015226 
0.68387 0.015213 
0.68421 0.015201 
0.68455 0.015188 
0.68489 0.015176 
0.68522 0.015163 
0.68556 0.015150 
0.68590 0.015138 
0.68623 0.015125 
0.68657 0.015112 
0.68691 0.015099 
0.68725 0.015087 
0.68758 0.015073 
0.68792 0.015060 
0.68826 0.015048 
0.68860 0.015036 
0.68893 0.015024 
0.68927 0.015010 
0.68961 0.014998 
0.68995 0.014984 
0.69028 0.014971 
0.69062 0.014958 
0.69096 0.014946 
0.69130 0.014933 
0.69163 0.014920 
0.69197 0.014908 
0.69231 0.014896 
0.69265 0.014883 
0.69298 0.014871 
0.69332 0.014859 
0.69366 0.014847 
0.69399 0.014833 
0.69433 0.014821 
0.69467 0.014809 
0.69501 0.014796 
0.69534 0.014784 
0.69568 0.014771 
0.69602 0.014758 
0.69636 0.014746 
0.69669 0.014734 
0.69703 0.014721 
0.69737 0.014709 
0.69771 0.014697 
0.69804 0.014685 
0.69838 0.014673 
0.69872 0.014661 
0.69906 0.014649 
0.69939 0.014636 
0.69973 0.014623 
0.70007 0.014611 
0.70040 0.014599 
0.70074 0.014588 
0.70108 0.014575 
0.70142 0.014562 
0.70175 0.014550 
0.70209 0.014538 
0.70243 0.014526 
0.70277 0.014513 
0.70310 0.014500 
0.70344 0.014488 
0.70378 0.014476 
0.70412 0.014463 
0.70445 0.014451 
0.70479 0.014440 
0.70513 0.014428 
0.70547 0.014415 
0.70580 0.014404 
0.70614 0.014392 
0.70648 0.014380 
0.70682 0.014368 
0.70715 0.014356 
0.70749 0.014345 
0.70783 0.014333 
0.70816 0.014322 
0.70850 0.014310 
0.70884 0.014298 
0.70918 0.014287 
0.70951 0.014275 
0.70985 0.014263 
0.71019 0.014252 
0.71053 0.014240 
0.71086 0.014227 
0.71120 0.014215 
0.71154 0.014204 
0.71188 0.014192 
0.71221 0.014181 
0.71255 0.014170 
0.71289 0.014158 
0.71323 0.014145 
0.71356 0.014134 
0.71390 0.014122 
0.71424 0.014111 
0.71457 0.014099 
0.71491 0.014088 
0.71525 0.014076 
0.71559 0.014065 
0.71592 0.014053 
0.71626 0.014042 
0.71660 0.014030 
0.71694 0.014019 
0.71727 0.014007 
0.71761 0.013996 
0.71795 0.013984 
0.71829 0.013973 
0.71862 0.013962 
0.71896 0.013951 
0.71930 0.013940 
0.71964 0.013928 
0.71997 0.013917 
0.72031 0.013905 
0.72065 0.013894 
0.72099 0.013883 
0.72132 0.013872 
0.72166 0.013861 
0.72200 0.013850 
0.72233 0.013838 
0.72267 0.013827 
0.72301 0.013817 
0.72335 0.013805 
0.72368 0.013794 
0.72402 0.013784 
0.72436 0.013772 
0.72470 0.013762 
0.72503 0.013751 
0.72537 0.013740 
0.72571 0.013729 
0.72605 0.013718 
0.72638 0.013707 
0.72672 0.013696 
0.72706 0.013685 
0.72740 0.013674 
0.72773 0.013664 
0.72807 0.013652 
0.72841 0.013640 
0.72874 0.013629 
0.72908 0.013619 
0.72942 0.013608 
0.72976 0.013596 
0.73009 0.013585 
0.73043 0.013575 
0.73077 0.013565 
0.73111 0.013554 
0.73144 0.013543 
0.73178 0.013533 
0.73212 0.013522 
0.73246 0.013511 
0.73279 0.013501 
0.73313 0.013491 
0.73347 0.013480 
0.73381 0.013470 
0.73414 0.013459 
0.73448 0.013448 
0.73482 0.013437 
0.73516 0.013426 
0.73549 0.013415 
0.73583 0.013404 
0.73617 0.013393 
0.73650 0.013383 
0.73684 0.013372 
0.73718 0.013361 
0.73752 0.013351 
0.73785 0.013340 
0.73819 0.013330 
0.73853 0.013319 
0.73887 0.013309 
0.73920 0.013298 
0.73954 0.013288 
0.73988 0.013277 
0.74022 0.013265 
0.74055 0.013255 
0.74089 0.013245 
0.74123 0.013234 
0.74157 0.013224 
0.74190 0.013213 
0.74224 0.013203 
0.74258 0.013193 
0.74291 0.013183 
0.74325 0.013173 
0.74359 0.013161 
0.74393 0.013152 
0.74426 0.013142 
0.74460 0.013131 
0.74494 0.013120 
0.74528 0.013110 
0.74561 0.013099 
0.74595 0.013089 
0.74629 0.013079 
0.74663 0.013069 
0.74696 0.013059 
0.74730 0.013049 
0.74764 0.013038 
0.74798 0.013027 
0.74831 0.013016 
0.74865 0.013006 
0.74899 0.012996 
0.74933 0.012986 
0.74966 0.012976 
0.75000 0.012965 
0.75034 0.012955 
0.75067 0.012945 
0.75101 0.012935 
0.75135 0.012924 
0.75169 0.012914 
0.75202 0.012904 
0.75236 0.012894 
0.75270 0.012884 
0.75304 0.012874 
0.75337 0.012864 
0.75371 0.012854 
0.75405 0.012843 
0.75439 0.012833 
0.75472 0.012823 
0.75506 0.012813 
0.75540 0.012803 
0.75574 0.012792 
0.75607 0.012782 
0.75641 0.012772 
0.75675 0.012762 
0.75709 0.012752 
0.75742 0.012743 
0.75776 0.012733 
0.75810 0.012723 
0.75843 0.012714 
0.75877 0.012704 
0.75911 0.012695 
0.75945 0.012685 
0.75978 0.012675 
0.76012 0.012665 
0.76046 0.012655 
0.76080 0.012645 
0.76113 0.012635 
0.76147 0.012626 
0.76181 0.012616 
0.76215 0.012606 
0.76248 0.012596 
0.76282 0.012586 
0.76316 0.012576 
0.76350 0.012567 
0.76383 0.012557 
0.76417 0.012548 
0.76451 0.012538 
0.76484 0.012529 
0.76518 0.012519 
0.76552 0.012509 
0.76586 0.012500 
0.76619 0.012491 
0.76653 0.012481 
0.76687 0.012471 
0.76721 0.012462 
0.76754 0.012452 
0.76788 0.012442 
0.76822 0.012433 
0.76856 0.012424 
0.76889 0.012414 
0.76923 0.012405 
0.76957 0.012396 
0.76991 0.012387 
0.77024 0.012378 
0.77058 0.012369 
0.77092 0.012359 
0.77126 0.012350 
0.77159 0.012341 
0.77193 0.012331 
0.77227 0.012321 
0.77260 0.012312 
0.77294 0.012303 
0.77328 0.012293 
0.77362 0.012284 
0.77395 0.012274 
0.77429 0.012265 
0.77463 0.012255 
0.77497 0.012246 
0.77530 0.012236 
0.77564 0.012226 
0.77598 0.012217 
0.77632 0.012207 
0.77665 0.012198 
0.77699 0.012188 
0.77733 0.012179 
0.77767 0.012169 
0.77800 0.012160 
0.77834 0.012151 
0.77868 0.012141 
0.77901 0.012132 
0.77935 0.012123 
0.77969 0.012113 
0.78003 0.012104 
0.78036 0.012095 
0.78070 0.012085 
0.78104 0.012075 
0.78138 0.012066 
0.78171 0.012057 
0.78205 0.012047 
0.78239 0.012038 
0.78273 0.012029 
0.78306 0.012020 
0.78340 0.012011 
0.78374 0.012001 
0.78408 0.011992 
0.78441 0.011983 
0.78475 0.011973 
0.78509 0.011965 
0.78543 0.011955 
0.78576 0.011946 
0.78610 0.011937 
0.78644 0.011928 
0.78677 0.011919 
0.78711 0.011909 
0.78745 0.011900 
0.78779 0.011891 
0.78812 0.011882 
0.78846 0.011873 
0.78880 0.011864 
0.78914 0.011856 
0.78947 0.011847 
0.78981 0.011838 
0.79015 0.011829 
0.79049 0.011820 
0.79082 0.011811 
0.79116 0.011802 
0.79150 0.011793 
0.79184 0.011784 
0.79217 0.011776 
0.79251 0.011767 
0.79285 0.011757 
0.79318 0.011748 
0.79352 0.011739 
0.79386 0.011731 
0.79420 0.011722 
0.79453 0.011713 
0.79487 0.011705 
0.79521 0.011696 
0.79555 0.011687 
0.79588 0.011679 
0.79622 0.011670 
0.79656 0.011661 
0.79690 0.011652 
0.79723 0.011643 
0.79757 0.011635 
0.79791 0.011626 
0.79825 0.011617 
0.79858 0.011609 
0.79892 0.011600 
0.79926 0.011592 
0.79960 0.011583 
0.79993 0.011574 
0.80027 0.011566 
0.80061 0.011557 
0.80094 0.011548 
0.80128 0.011539 
0.80162 0.011531 
0.80196 0.011522 
0.80229 0.011513 
0.80263 0.011505 
0.80297 0.011496 
0.80331 0.011487 
0.80364 0.011479 
0.80398 0.011471 
0.80432 0.011462 
0.80466 0.011454 
0.80499 0.011445 
0.80533 0.011437 
0.80567 0.011428 
0.80601 0.011420 
0.80634 0.011412 
0.80668 0.011403 
0.80702 0.011395 
0.80735 0.011387 
0.80769 0.011379 
0.80803 0.011370 
0.80837 0.011362 
0.80870 0.011354 
0.80904 0.011345 
0.80938 0.011337 
0.80972 0.011329 
0.81005 0.011321 
0.81039 0.011312 
0.81073 0.011304 
0.81107 0.011296 
0.81140 0.011287 
0.81174 0.011279 
0.81208 0.011272 
0.81242 0.011264 
0.81275 0.011255 
0.81309 0.011247 
0.81343 0.011239 
0.81377 0.011230 
0.81410 0.011222 
0.81444 0.011214 
0.81478 0.011206 
0.81511 0.011198 
0.81545 0.011189 
0.81579 0.011181 
0.81613 0.011173 
0.81646 0.011165 
0.81680 0.011157 
0.81714 0.011149 
0.81748 0.011141 
0.81781 0.011133 
0.81815 0.011124 
0.81849 0.011116 
0.81883 0.011108 
0.81916 0.011100 
0.81950 0.011092 
0.81984 0.011084 
0.82018 0.011076 
0.82051 0.011068 
0.82085 0.011060 
0.82119 0.011052 
0.82152 0.011044 
0.82186 0.011035 
0.82220 0.011027 
0.82254 0.011019 
0.82287 0.011011 
0.82321 0.011003 
0.82355 0.010995 
0.82389 0.010987 
0.82422 0.010979 
0.82456 0.010971 
0.82490 0.010963 
0.82524 0.010955 
0.82557 0.010947 
0.82591 0.010939 
0.82625 0.010931 
0.82659 0.010923 
0.82692 0.010915 
0.82726 0.010907 
0.82760 0.010900 
0.82794 0.010892 
0.82827 0.010884 
0.82861 0.010876 
0.82895 0.010868 
0.82928 0.010860 
0.82962 0.010852 
0.82996 0.010844 
0.83030 0.010836 
0.83063 0.010828 
0.83097 0.010820 
0.83131 0.010812 
0.83165 0.010805 
0.83198 0.010797 
0.83232 0.010789 
0.83266 0.010781 
0.83300 0.010773 
0.83333 0.010766 
0.83367 0.010758 
0.83401 0.010750 
0.83435 0.010743 
0.83468 0.010735 
0.83502 0.010727 
0.83536 0.010719 
0.83570 0.010712 
0.83603 0.010704 
0.83637 0.010696 
0.83671 0.010689 
0.83704 0.010681 
0.83738 0.010674 
0.83772 0.010666 
0.83806 0.010659 
0.83839 0.010651 
0.83873 0.010643 
0.83907 0.010636 
0.83941 0.010628 
0.83974 0.010620 
0.84008 0.010612 
0.84042 0.010605 
0.84076 0.010597 
0.84109 0.010590 
0.84143 0.010582 
0.84177 0.010574 
0.84211 0.010566 
0.84244 0.010559 
0.84278 0.010551 
0.84312 0.010544 
0.84345 0.010536 
0.84379 0.010529 
0.84413 0.010521 
0.84447 0.010514 
0.84480 0.010507 
0.84514 0.010499 
0.84548 0.010492 
0.84582 0.010485 
0.84615 0.010477 
0.84649 0.010470 
0.84683 0.010462 
0.84717 0.010455 
0.84750 0.010448 
0.84784 0.010440 
0.84818 0.010433 
0.84852 0.010426 
0.84885 0.010418 
0.84919 0.010411 
0.84953 0.010404 
0.84987 0.010397 
0.85020 0.010389 
0.85054 0.010382 
0.85088 0.010375 
0.85121 0.010367 
0.85155 0.010359 
0.85189 0.010352 
0.85223 0.010344 
0.85256 0.010337 
0.85290 0.010329 
0.85324 0.010321 
0.85358 0.010314 
0.85391 0.010307 
0.85425 0.010299 
0.85459 0.010291 
0.85493 0.010284 
0.85526 0.010277 
0.85560 0.010269 
0.85594 0.010262 
0.85628 0.010255 
0.85661 0.010247 
0.85695 0.010240 
0.85729 0.010232 
0.85762 0.010225 
0.85796 0.010218 
0.85830 0.010210 
0.85864 0.010203 
0.85897 0.010196 
0.85931 0.010188 
0.85965 0.010181 
0.85999 0.010174 
0.86032 0.010167 
0.86066 0.010159 
0.86100 0.010152 
0.86134 0.010144 
0.86167 0.010137 
0.86201 0.010130 
0.86235 0.010123 
0.86269 0.010116 
0.86302 0.010108 
0.86336 0.010101 
0.86370 0.010094 
0.86404 0.010087 
0.86437 0.010080 
0.86471 0.010073 
0.86505 0.010066 
0.86538 0.010058 
0.86572 0.010051 
0.86606 0.010044 
0.86640 0.010037 
0.86673 0.010030 
0.86707 0.010023 
0.86741 0.010015 
0.86775 0.010008 
0.86808 0.010002 
0.86842 0.009994 
0.86876 0.009987 
0.86910 0.009980 
0.86943 0.009973 
0.86977 0.009966 
0.87011 0.009959 
0.87045 0.009952 
0.87078 0.009946 
0.87112 0.009939 
0.87146 0.009932 
0.87179 0.009925 
0.87213 0.009918 
0.87247 0.009911 
0.87281 0.009904 
0.87314 0.009897 
0.87348 0.009891 
0.87382 0.009884 
0.87416 0.009876 
0.87449 0.009869 
0.87483 0.009862 
0.87517 0.009855 
0.87551 0.009848 
0.87584 0.009841 
0.87618 0.009834 
0.87652 0.009828 
0.87686 0.009821 
0.87719 0.009814 
0.87753 0.009807 
0.87787 0.009801 
0.87821 0.009794 
0.87854 0.009787 
0.87888 0.009780 
0.87922 0.009773 
0.87955 0.009766 
0.87989 0.009759 
0.88023 0.009753 
0.88057 0.009746 
0.88090 0.009739 
0.88124 0.009732 
0.88158 0.009725 
0.88192 0.009718 
0.88225 0.009712 
0.88259 0.009705 
0.88293 0.009698 
0.88327 0.009692 
0.88360 0.009685 
0.88394 0.009678 
0.88428 0.009671 
0.88462 0.009664 
0.88495 0.009658 
0.88529 0.009651 
0.88563 0.009645 
0.88596 0.009638 
0.88630 0.009631 
0.88664 0.009624 
0.88698 0.009618 
0.88731 0.009611 
0.88765 0.009604 
0.88799 0.009598 
0.88833 0.009591 
0.88866 0.009585 
0.88900 0.009578 
0.88934 0.009571 
0.88968 0.009564 
0.89001 0.009558 
0.89035 0.009551 
0.89069 0.009545 
0.89103 0.009538 
0.89136 0.009532 
0.89170 0.009525 
0.89204 0.009518 
0.89238 0.009512 
0.89271 0.009506 
0.89305 0.009499 
0.89339 0.009493 
0.89372 0.009486 
0.89406 0.009479 
0.89440 0.009473 
0.89474 0.009467 
0.89507 0.009460 
0.89541 0.009453 
0.89575 0.009447 
0.89609 0.009440 
0.89642 0.009434 
0.89676 0.009428 
0.89710 0.009421 
0.89744 0.009414 
0.89777 0.009408 
0.89811 0.009401 
0.89845 0.009394 
0.89879 0.009388 
0.89912 0.009381 
0.89946 0.009375 
0.89980 0.009368 
0.90013 0.009362 
0.90047 0.009355 
0.90081 0.009349 
0.90115 0.009342 
0.90148 0.009336 
0.90182 0.009329 
0.90216 0.009323 
0.90250 0.009316 
0.90283 0.009310 
0.90317 0.009304 
0.90351 0.009297 
0.90385 0.009291 
0.90418 0.009284 
0.90452 0.009278 
0.90486 0.009272 
0.90520 0.009265 
0.90553 0.009259 
0.90587 0.009253 
0.90621 0.009246 
0.90655 0.009239 
0.90688 0.009233 
0.90722 0.009227 
0.90756 0.009220 
0.90789 0.009214 
0.90823 0.009207 
0.90857 0.009201 
0.90891 0.009195 
0.90924 0.009189 
0.90958 0.009182 
0.90992 0.009176 
0.91026 0.009170 
0.91059 0.009163 
0.91093 0.009157 
0.91127 0.009151 
0.91161 0.009145 
0.91194 0.009139 
0.91228 0.009132 
0.91262 0.009126 
0.91296 0.009120 
0.91329 0.009114 
0.91363 0.009108 
0.91397 0.009102 
0.91430 0.009096 
0.91464 0.009090 
0.91498 0.009084 
0.91532 0.009077 
0.91565 0.009071 
0.91599 0.009065 
0.91633 0.009059 
0.91667 0.009053 
0.91700 0.009047 
0.91734 0.009041 
0.91768 0.009034 
0.91802 0.009028 
0.91835 0.009022 
0.91869 0.009016 
0.91903 0.009010 
0.91937 0.009004 
0.91970 0.008997 
0.92004 0.008991 
0.92038 0.008985 
0.92072 0.008979 
0.92105 0.008973 
0.92139 0.008967 
0.92173 0.008961 
0.92206 0.008955 
0.92240 0.008949 
0.92274 0.008943 
0.92308 0.008937 
0.92341 0.008931 
0.92375 0.008925 
0.92409 0.008919 
0.92443 0.008913 
0.92476 0.008907 
0.92510 0.008901 
0.92544 0.008896 
0.92578 0.008890 
0.92611 0.008884 
0.92645 0.008878 
0.92679 0.008872 
0.92713 0.008866 
0.92746 0.008860 
0.92780 0.008854 
0.92814 0.008848 
0.92848 0.008842 
0.92881 0.008836 
0.92915 0.008830 
0.92949 0.008824 
0.92982 0.008818 
0.93016 0.008811 
0.93050 0.008805 
0.93084 0.008799 
0.93117 0.008793 
0.93151 0.008787 
0.93185 0.008781 
0.93219 0.008775 
0.93252 0.008769 
0.93286 0.008763 
0.93320 0.008757 
0.93354 0.008750 
0.93387 0.008744 
0.93421 0.008738 
0.93455 0.008732 
0.93489 0.008726 
0.93522 0.008720 
0.93556 0.008714 
0.93590 0.008708 
0.93623 0.008702 
0.93657 0.008696 
0.93691 0.008690 
0.93725 0.008684 
0.93758 0.008678 
0.93792 0.008673 
0.93826 0.008667 
0.93860 0.008661 
0.93893 0.008655 
0.93927 0.008649 
0.93961 0.008643 
0.93995 0.008637 
0.94028 0.008631 
0.94062 0.008626 
0.94096 0.008620 
0.94130 0.008614 
0.94163 0.008608 
0.94197 0.008602 
0.94231 0.008596 
0.94265 0.008590 
0.94298 0.008584 
0.94332 0.008578 
0.94366 0.008572 
0.94399 0.008567 
0.94433 0.008561 
0.94467 0.008555 
0.94501 0.008549 
0.94534 0.008543 
0.94568 0.008538 
0.94602 0.008532 
0.94636 0.008526 
0.94669 0.008520 
0.94703 0.008514 
0.94737 0.008508 
0.94771 0.008503 
0.94804 0.008497 
0.94838 0.008491 
0.94872 0.008486 
0.94906 0.008480 
0.94939 0.008474 
0.94973 0.008468 
0.95007 0.008463 
0.95040 0.008457 
0.95074 0.008451 
0.95108 0.008445 
0.95142 0.008440 
0.95175 0.008434 
0.95209 0.008428 
0.95243 0.008423 
0.95277 0.008417 
0.95310 0.008411 
0.95344 0.008406 
0.95378 0.008400 
0.95412 0.008394 
0.95445 0.008389 
0.95479 0.008383 
0.95513 0.008377 
0.95547 0.008372 
0.95580 0.008366 
0.95614 0.008360 
0.95648 0.008355 
0.95682 0.008349 
0.95715 0.008344 
0.95749 0.008338 
0.95783 0.008332 
0.95816 0.008327 
0.95850 0.008321 
0.95884 0.008316 
0.95918 0.008310 
0.95951 0.008305 
0.95985 0.008299 
0.96019 0.008294 
0.96053 0.008288 
0.96086 0.008282 
0.96120 0.008277 
0.96154 0.008272 
0.96188 0.008266 
0.96221 0.008260 
0.96255 0.008255 
0.96289 0.008249 
0.96323 0.008244 
0.96356 0.008238 
0.96390 0.008233 
0.96424 0.008227 
0.96457 0.008222 
0.96491 0.008216 
0.96525 0.008211 
0.96559 0.008205 
0.96592 0.008200 
0.96626 0.008195 
0.96660 0.008189 
0.96694 0.008184 
0.96727 0.008178 
0.96761 0.008173 
0.96795 0.008167 
0.96829 0.008162 
0.96862 0.008157 
0.96896 0.008151 
0.96930 0.008146 
0.96964 0.008140 
0.96997 0.008135 
0.97031 0.008130 
0.97065 0.008124 
0.97099 0.008119 
0.97132 0.008114 
0.97166 0.008109 
0.97200 0.008103 
0.97233 0.008098 
0.97267 0.008093 
0.97301 0.008087 
0.97335 0.008082 
0.97368 0.008077 
0.97402 0.008071 
0.97436 0.008066 
0.97470 0.008060 
0.97503 0.008055 
0.97537 0.008050 
0.97571 0.008044 
0.97605 0.008039 
0.97638 0.008034 
0.97672 0.008029 
0.97706 0.008023 
0.97740 0.008018 
0.97773 0.008013 
0.97807 0.008007 
0.97841 0.008002 
0.97874 0.007997 
0.97908 0.007991 
0.97942 0.007986 
0.97976 0.007981 
0.98009 0.007976 
0.98043 0.007970 
0.98077 0.007965 
0.98111 0.007960 
0.98144 0.007954 
0.98178 0.007949 
0.98212 0.007944 
0.98246 0.007939 
0.98279 0.007934 
0.98313 0.007928 
0.98347 0.007923 
0.98381 0.007918 
0.98414 0.007913 
0.98448 0.007908 
0.98482 0.007902 
0.98516 0.007897 
0.98549 0.007892 
0.98583 0.007887 
0.98617 0.007882 
0.98650 0.007877 
0.98684 0.007871 
0.98718 0.007866 
0.98752 0.007861 
0.98785 0.007856 
0.98819 0.007851 
0.98853 0.007846 
0.98887 0.007841 
0.98920 0.007836 
0.98954 0.007830 
0.98988 0.007825 
0.99022 0.007820 
0.99055 0.007815 
0.99089 0.007810 
0.99123 0.007805 
0.99157 0.007800 
0.99190 0.007795 
0.99224 0.007790 
0.99258 0.007785 
0.99291 0.007780 
0.99325 0.007775 
0.99359 0.007769 
0.99393 0.007764 
0.99426 0.007759 
0.99460 0.007754 
0.99494 0.007749 
0.99528 0.007744 
0.99561 0.007739 
0.99595 0.007734 
0.99629 0.007729 
0.99663 0.007724 
0.99696 0.007719 
0.99730 0.007714 
0.99764 0.007709 
0.99798 0.007704 
0.99831 0.007699 
0.99865 0.007694 
0.99899 0.007689 
0.99933 0.007684 
0.99966 0.007679 
1.00000 0.007674 
