1724 1725
1725 1724
1725 522
522 1725
522 517
517 522
517 516
516 517
516 116
116 516
116 344
344 116
344 345
345 344
345 346
346 345
401 400
400 401
400 108
108 400
108 561
561 108
561 562
562 561
562 345
345 562
2354 1636-517
1636-517 2354
1636-517 317
317 1636-517
317 316
316 317
316 1342
1342 316
1342 1243
1243 1342
1243 934
934 1243
934 1322
1322 934
1322 1321-67
1321-67 1322
1321-67 1608
1608 1321-67
1608 1323
1323 1608
1323 345
345 1323
841 840
840 841
840 839
839 840
839 838
838 839
838 837
837 838
837 2222
2222 837
2222 2221
2221 2222
2221 1323
1323 2221
679 675
675 679
675 18
18 675
18 216
216 18
216 109
109 216
109 108
108 109
335 334
334 335
334 622
622 334
622 621
621 622
621 180-247
180-247 621
180-247 181
181 180-247
181 216
216 181
166 165
165 166
165 7
7 165
7 8
8 7
8 9
9 8
9 45
45 9
45 561
561 45
278 277
277 278
277 141
141 277
141 107-65
107-65 141
107-65 108
108 107-65
350 349
349 350
349 933
933 349
933 1931
1931 933
1931 562
562 1931
195 194
194 195
194 193
193 194
193 192
192 193
192 8
8 192
449 146
146 449
146 108
108 146
291 290
290 291
290 289
289 290
289 8
8 289
471 470
470 471
470 469
469 470
469 468
468 469
468 136
136 468
136 84
84 136
84 44
44 84
44 45
45 44
1386 1317
1317 1386
1317 1323
1323 1317
752 751
751 752
751 702
702 751
702 703
703 702
703 704-12
704-12 703
704-12 1695
1695 704-12
1695 1323
1323 1695
398 397
397 398
397 396
396 397
396 395
395 396
395 394
394 395
394 393
393 394
393 709
709 393
709 708
708 709
708 390
390 708
390 389
389 390
389 399
399 389
399 45
45 399
457 456
456 457
456 455
455 456
455 42
42 455
42 108
108 42
648 293
293 648
293 292
292 293
292 6
6 292
6 180-247
180-247 6
273 272
272 273
272 271
271 272
271 1813
1813 271
1813 42
42 1813
530 529
529 530
529 108
108 529
414 413
413 414
413 412
412 413
412 411
411 412
411 383
383 411
383 112
112 383
112 111
111 112
111 106
106 111
106 116
116 106
701 700
700 701
700 699
699 700
699 698-1
698-1 699
698-1 697
697 698-1
697 696
696 697
696 695
695 696
695 694
694 695
694 399
399 694
89 88
88 89
88 87
87 88
87 86
86 87
86 85
85 86
85 84
84 85
2338 2337
2337 2338
2337 2336
2336 2337
2336 1059-20
1059-20 2336
1059-20 1105
1105 1059-20
1105 1104
1104 1105
1104 1103
1103 1104
1103 1102
1102 1103
1102 1324
1324 1102
1324 1323
1323 1324
503 502
502 503
502 501
501 502
501 9
9 501
304 303
303 304
303 302
302 303
302 23
23 302
23 44
44 23
2280 501
501 2280
241 240
240 241
240 239
239 240
239 238
238 239
238 165
165 238
454 453
453 454
453 452
452 453
452 451-1
451-1 452
451-1 450
450 451-1
450 108
108 450
306 305
305 306
305 23
23 305
1848 1849
1849 1848
1849 1850
1850 1849
1850 289
289 1850
2125 2126
2126 2125
2126 2127
2127 2126
2127 416
416 2127
416 128
128 416
128 8
8 128
481 480
480 481
480 479
479 480
479 478
478 479
478 141
141 478
76 75
75 76
75 1373
1373 75
1373 866
866 1373
866 867
867 866
867 45
45 867
445 444
444 445
444 2162
2162 444
2162 1310
1310 2162
1310 2158
2158 1310
2158 1470
1470 2158
1470 1958
1958 1470
1958 640
640 1958
640 1334
1334 640
1334 1324
1324 1334
822 821
821 822
821 820
820 821
820 819
819 820
819 818
818 819
818 817
817 818
817 2110
2110 817
2110 2111
2111 2110
2111 2117
2117 2111
2117 1345-17
1345-17 2117
1345-17 640
640 1345-17
282 281
281 282
281 280
280 281
280 279
279 280
279 42
42 279
158 157
157 158
157 156
156 157
156 155
155 156
155 579
579 155
579 9
9 579
835 834
834 835
834 833
833 834
833 832
832 833
832 1061
1061 832
1061 1060
1060 1061
1060 1104
1104 1060
554 553
553 554
553 552-1
552-1 553
552-1 551
551 552-1
551 550
550 551
550 549
549 550
549 662
662 549
662 1734
1734 662
1734 1726
1726 1734
1726 57
57 1726
57 42
42 57
382 381
381 382
381 380
380 381
380 379
379 380
379 77
77 379
77 9
9 77
571 52
52 571
52 53-1
53-1 52
53-1 63
63 53-1
63 55
55 63
55 56
56 55
56 57
57 56
2187 217
217 2187
217 165
165 217
1680 1679
1679 1680
1679 452
452 1679
1 2
2 1
2 3
3 2
3 4
4 3
4 59
59 4
59 60
60 59
60 1041
1041 60
1041 1042
1042 1041
1042 562
562 1042
1774 226
226 1774
226 225
225 226
225 224
224 225
224 378
378 224
378 1997
1997 378
1997 383
383 1997
542 541
541 542
541 661
661 541
661 524
524 661
524 21
21 524
21 581
581 21
581 20
20 581
20 108
108 20
2346 2347
2347 2346
2347 2348-1
2348-1 2347
2348-1 2349
2349 2348-1
2349 529
529 2349
1995 1996
1996 1995
1996 1997
1997 1996
473 472
472 473
472 209
209 472
209 46
46 209
46 45
45 46
423 422
422 423
422 421
421 422
421 420-9
420-9 421
420-9 121
121 420-9
121 2276
2276 121
2276 1470
1470 2276
2009 2008
2008 2009
2008 2088
2088 2008
2088 1534
1534 2088
1534 565
565 1534
565 562
562 565
1972 1973
1973 1972
1973 1974
1974 1973
1974 1975
1975 1974
1975 1323
1323 1975
500 499
499 500
499 498
498 499
498 497
497 498
497 496
496 497
496 361
361 496
361 23
23 361
1507 1506
1506 1507
1506 645-1
645-1 1506
645-1 579
579 645-1
1939 142
142 1939
142 141
141 142
974 378
378 974
467 165
165 467
176 9
9 176
534 533
533 534
533 532
532 533
532 531
531 532
531 116
116 531
2152 435
435 2152
435 436
436 435
436 437-2
437-2 436
437-2 562
562 437-2
2130 2131
2131 2130
2131 2132
2132 2131
2132 2133
2133 2132
2133 828
828 2133
828 1056
1056 828
1056 1055
1055 1056
1055 1054
1054 1055
1054 1177
1177 1054
1177 1927
1927 1177
1927 1608
1608 1927
228 227
227 228
227 226
226 227
74 73-1
73-1 74
73-1 867
867 73-1
369 368
368 369
368 367
367 368
367 366
366 367
366 22
22 366
22 23
23 22
975 668
668 975
668 669
669 668
669 182
182 669
182 44
44 182
365 364
364 365
364 363
363 364
363 362
362 363
362 361
361 362
519 518
518 519
518 517
517 518
1992 376
376 1992
376 375
375 376
375 1309
1309 375
1309 1993
1993 1309
1993 102
102 1993
102 9
9 102
678 677
677 678
677 676
676 677
676 675
675 676
1933 1932
1932 1933
1932 63
63 1932
301 300
300 301
300 299
299 300
299 298
298 299
298 42
42 298
2089 2090
2090 2089
2090 409
409 2090
409 410
410 409
410 128
128 410
51 50
50 51
50 49
49 50
49 48
48 49
48 47
47 48
47 46
46 47
145 144
144 145
144 108
108 144
1886 1887
1887 1886
1887 1888
1888 1887
1888 337
337 1888
337 324
324 337
324 323
323 324
323 106
106 323
2364 544
544 2364
544 543
543 544
543 136
136 543
1881 649
649 1881
649 621
621 649
27 26
26 27
26 1216
1216 26
1216 1217
1217 1216
1217 1218
1218 1217
1218 305
305 1218
1617 1616
1616 1617
1616 1615
1615 1616
1615 2181
2181 1615
2181 450
450 2181
1998 967
967 1998
967 337
337 967
1854 295
295 1854
295 294
294 295
294 293
293 294
184 180-247
180-247 184
462 461
461 462
461 646
646 461
646 459
459 646
459 458
458 459
458 1726
1726 458
526 525
525 526
525 524
524 525
407 406
406 407
406 110
110 406
110 109
109 110
1969 1970
1970 1969
1970 1971
1971 1970
1971 1218
1218 1971
1832 274
274 1832
274 112
112 274
134 133
133 134
133 1315
1315 133
1315 1316
1316 1315
1316 1317
1317 1316
630 344
344 630
1638 163
163 1638
163 531
531 163
284 283
283 284
283 46
46 283
2355 2356
2356 2355
2356 2357
2357 2356
2357 535
535 2357
535 269
269 535
269 42
42 269
609 608
608 609
608 607
607 608
607 285
285 607
285 575
575 285
575 574
574 575
574 45
45 574
2372 567
567 2372
567 1402
1402 567
1402 170
170 1402
170 84
84 170
115 114
114 115
114 113
113 114
113 112
112 113
1942 40
40 1942
40 41
41 40
41 1198
1198 41
1198 1311
1311 1198
1311 216
216 1311
693 692
692 693
692 691
691 692
691 690
690 691
690 689
689 690
689 688
688 689
688 687
687 688
687 686
686 687
686 671
671 686
671 181
181 671
2300 2299
2299 2300
2299 516
516 2299
2236 2237
2237 2236
2237 472
472 2237
1067 674
674 1067
674 673
673 674
673 1069
1069 673
1069 1070
1070 1069
1070 1071
1071 1070
1071 1078
1078 1071
1078 1079
1079 1078
1079 1089
1089 1079
1089 1090
1090 1089
1090 1359
1359 1090
1359 952
952 1359
952 1342
1342 952
2301 2302
2302 2301
2302 520-33
520-33 2302
520-33 1530
1530 520-33
1530 1529
1529 1530
1529 1924
1924 1529
1924 437-2
437-2 1924
343 342
342 343
342 341
341 342
341 1466
1466 341
1466 1465
1465 1466
1465 2344
2344 1465
2344 1924
1924 2344
297 296
296 297
296 295
295 296
521 520-33
520-33 521
179 7
7 179
1613 1612
1612 1613
1612 406
406 1612
508 507
507 508
507 506
506 507
506 505
505 506
505 504
504 505
504 208
208 504
208 201
201 208
201 200
200 201
200 112
112 200
2018 383
383 2018
1609 1608
1608 1609
1692 706
706 1692
706 705
705 706
705 704-12
704-12 705
560 559
559 560
559 2100
2100 559
2100 1268
1268 2100
1268 1269
1269 1268
1269 1287
1287 1269
1287 1334
1334 1287
276 275
275 276
275 2334
2334 275
2334 112
112 2334
211 210
210 211
210 209
209 210
403 402
402 403
402 108
108 402
585 584
584 585
584 583-1
583-1 584
583-1 164
164 583-1
164 1389
1389 164
1389 1361
1361 1389
1361 1272
1272 1361
1272 1317
1317 1272
237 236
236 237
236 235
235 236
235 234
234 235
234 28
28 234
28 10
10 28
10 9
9 10
169 168
168 169
168 167-1
167-1 168
167-1 46
46 167-1
2093 583-1
583-1 2093
288 287
287 288
287 286
286 287
286 285
285 286
1708 1709
1709 1708
1709 188
188 1709
188 187
187 188
187 464
464 187
464 2183
2183 464
2183 186
186 2183
186 185
185 186
185 42
42 185
140 139
139 140
139 2092
2092 139
2092 920
920 2092
920 137
137 920
137 136
136 137
765 764
764 765
764 763
763 764
763 762
762 763
762 761
761 762
761 760
760 761
760 759
759 760
759 106
106 759
739 738
738 739
738 582
582 738
582 106
106 582
1871 1872
1872 1871
1872 1873
1873 1872
1873 326
326 1873
326 325
325 326
325 338
338 325
338 620
620 338
620 7
7 620
2273 2274
2274 2273
2274 1198
1198 2274
2277 488
488 2277
488 621
621 488
513 512
512 513
512 511
511 512
511 510
510 511
510 509
509 510
509 106
106 509
569 568
568 569
568 567
567 568
222 221
221 222
221 1757
1757 221
1757 219
219 1757
219 165
165 219
2321 1195
1195 2321
1195 57
57 1195
1212 1211
1211 1212
1211 1345-17
1345-17 1211
126 127
127 126
127 156
156 127
1371 1372
1372 1371
1372 1373
1373 1372
1189 1190
1190 1189
1190 640
640 1190
1646 1647
1647 1646
1647 1657
1657 1647
1657 1133
1133 1657
1133 907
907 1133
907 1210
1210 907
1210 2083
2083 1210
2083 952
952 2083
2113 2114
2114 2113
2114 1018
1018 2114
1018 1017
1017 1018
1017 1927
1927 1017
2200 1805
1805 2200
1805 2198
2198 1805
2198 256
256 2198
256 1447
1447 256
1447 108
108 1447
268 267
267 268
267 266
266 267
266 265
265 266
265 264
264 265
264 269
269 264
1910 913
913 1910
913 1322
1322 913
391 390
390 391
2272 360
360 2272
360 937
937 360
937 936
936 937
936 2136
2136 936
2136 1177
1177 2136
2340 2339
2339 2340
2339 337
337 2339
1759 217
217 1759
1348 1272
1272 1348
1012 1011
1011 1012
1011 992
992 1011
992 976
976 992
976 977
977 976
977 998
998 977
998 1017
1017 998
2039 1011
1011 2039
876 111
111 876
1840 1833
1833 1840
1833 465
465 1833
465 42
42 465
2137 2138
2138 2137
2138 425
425 2138
425 1307
1307 425
1307 121
121 1307
247 246
246 247
246 245
245 246
245 196
196 245
196 197
197 196
197 574
574 197
1191 1192
1192 1191
1192 640
640 1192
2087 1231
1231 2087
1231 315
315 1231
315 952
952 315
872 873
873 872
873 617
617 873
617 618
618 617
618 619
619 618
619 315
315 619
1611 1475
1475 1611
1475 1474
1474 1475
1474 980
980 1474
980 1473-1
1473-1 980
1473-1 1463
1463 1473-1
1463 1190
1190 1463
658 46
46 658
392 391
391 392
2262 2261
2261 2262
2261 2260
2260 2261
2260 2259
2259 2260
2259 1180
1180 2259
1180 1521
1521 1180
1521 2170
2170 1521
2170 2171
2171 2170
2171 2168
2168 2171
2168 450
450 2168
1241 1018
1018 1241
744 745
745 744
745 1019
1019 745
1019 1018
1018 1019
985 984
984 985
984 983
983 984
983 982
982 983
982 981
981 982
981 980
980 981
1825 1018
1018 1825
2360 1093
1093 2360
1093 771
771 1093
771 1102
1102 771
2374 1402
1402 2374
2248 1749
1749 2248
1749 2241
2241 1749
2241 1350
1350 2241
1350 1349
1349 1350
1349 574
574 1349
1125 1126
1126 1125
1126 11
11 1126
11 106
106 11
1453 1452
1452 1453
1452 1605
1605 1452
1605 260-15
260-15 1605
260-15 259
259 260-15
259 258
258 259
258 9
9 258
1261 1262
1262 1261
1262 1268
1268 1262
1626 1627
1627 1626
1627 1628
1628 1627
1628 1629
1629 1628
1629 1630
1630 1629
1630 1373
1373 1630
734 733
733 734
733 709
709 733
770 771
771 770
1875 324
324 1875
2035 43
43 2035
43 19
19 43
19 20
20 19
2314 957
957 2314
957 1235
1235 957
1235 1334
1334 1235
495 340
340 495
340 44
44 340
1894 1018
1018 1894
1578 151
151 1578
151 150
150 151
150 57
57 150
2298 256
256 2298
1304 337
337 1304
736 737
737 736
737 738
738 737
1826 737
737 1826
2019 337
337 2019
2069 1463
1463 2069
1228 1229
1229 1228
1229 1190
1190 1229
1375 1374
1374 1375
1374 1370
1370 1374
1370 1417
1417 1370
1417 1418
1418 1417
1418 46
46 1418
758 757
757 758
757 756
756 757
756 755
755 756
755 1024
1024 755
1024 1023
1023 1024
1023 1022
1022 1023
1022 44
44 1022
1676 1671
1671 1676
1671 1670
1670 1671
1670 924
924 1670
924 898
898 924
898 84
84 898
351 252
252 351
252 251
251 252
251 250
250 251
250 1193
1193 250
1193 1192
1192 1193
2066 2067
2067 2066
2067 2068
2068 2067
2068 1968
1968 2068
1968 1463
1463 1968
1919 1059-20
1059-20 1919
2073 980
980 2073
2061 1449
1449 2061
1449 1448
1448 1449
1448 1357
1357 1448
1357 1361
1361 1357
1704 1703
1703 1704
1703 1702
1702 1703
1702 704-12
704-12 1702
2307 2306
2306 2307
2306 2305
2305 2306
2305 2304
2304 2305
2304 2303-1
2303-1 2304
2303-1 520-3
520-3 2303-1
520-3 1530
1530 520-3
2072 980
980 2072
1742 1741
1741 1742
1741 1463
1463 1741
774 773
773 774
773 772
772 773
772 771
771 772
1751 100
100 1751
100 1298
1298 100
1298 956-3
956-3 1298
956-3 640
640 956-3
2094 174
174 2094
174 588
588 174
588 18
18 588
1707 1706
1706 1707
1706 928
928 1706
928 934
934 928
754 753
753 754
753 581
581 753
1762 1763-1
1763-1 1762
1763-1 1764
1764 1763-1
1764 1765
1765 1764
1765 255
255 1765
255 256
256 255
1961 828
828 1961
159 108
108 159
1631 1623
1623 1631
1623 1622
1622 1623
1622 1397
1397 1622
1397 1621
1621 1397
1621 164
164 1621
853 111
111 853
2122 1090
1090 2122
1868 303
303 1868
1021 749
749 1021
749 750
750 749
750 1242
1242 750
1242 1243
1243 1242
728 727
727 728
727 726
726 727
726 1005
1005 726
1005 1004
1004 1005
1004 1003
1003 1004
1003 1926
1926 1003
1926 1977
1977 1926
1977 1404
1404 1977
1404 1976
1976 1404
1976 1975
1975 1976
589 7
7 589
68 69
69 68
69 1742
1742 69
448 447
447 448
447 446
446 447
446 340
340 446
359 360
360 359
1610 372
372 1610
372 371
371 372
371 370
370 371
370 289
289 370
1335 1334
1334 1335
578 577
577 578
577 1567
1567 577
1567 1560
1560 1567
1560 9
9 1560
1987 1270
1270 1987
1270 1093
1093 1270
827 826
826 827
826 825
825 826
825 1113
1113 825
1113 1068
1068 1113
1068 1974
1974 1068
1539 1063
1063 1539
1063 1064
1064 1063
1064 1115-1
1115-1 1064
1115-1 1103
1103 1115-1
2227 2228
2228 2227
2228 1018
1018 2228
893 9
9 893
309 310
310 309
310 311
311 310
311 312
312 311
312 313
313 312
313 2279
2279 313
2279 934
934 2279
175 174
174 175
2255 2254
2254 2255
2254 2253
2253 2254
2253 1180
1180 2253
1589 1361
1361 1589
856 857
857 856
857 174
174 857
1186 1185
1185 1186
1185 106
106 1185
1860 1859
1859 1860
1859 1510
1510 1859
1510 1509
1509 1510
1509 1878
1878 1509
1878 881
881 1878
881 640
640 881
2312 2311
2311 2312
2311 1530
1530 2311
1281 1269
1269 1281
2007 1534
1534 2007
1258 847
847 1258
847 117
117 847
117 302
302 117
1336 409
409 1336
1662 1190
1190 1662
1908 1909
1909 1908
1909 1910
1910 1909
1718 1093
1093 1718
1846 1845
1845 1846
1845 465
465 1845
1245 1246
1246 1245
1246 784
784 1246
784 2256
2256 784
2256 1929
1929 2256
1929 1928
1928 1929
1928 1321-67
1321-67 1928
1635 1636-517
1636-517 1635
1770 1769
1769 1770
1769 318
318 1769
318 1329
1329 318
1329 315
315 1329
1094 1074
1074 1094
1074 1862
1862 1074
1862 1713
1713 1862
1713 2358
2358 1713
2358 535
535 2358
1432 1431
1431 1432
1431 1430
1430 1431
1430 1781
1781 1430
1781 1400
1400 1781
1400 1675
1675 1400
1675 934
934 1675
1861 1713
1713 1861
1134 1133
1133 1134
1493 1400
1400 1493
2159 442
442 2159
442 38
38 442
38 851
851 38
851 852
852 851
852 9
9 852
1516 1517
1517 1516
1517 1344
1344 1517
1344 141
141 1344
1215 315
315 1215
2192 950-16
950-16 2192
950-16 1853
1853 950-16
1853 1327
1327 1853
1327 1328
1328 1327
1328 1342
1342 1328
647 468
468 647
1396 1395
1395 1396
1395 1389
1389 1395
486 485
485 486
485 331
331 485
331 1193
1193 331
2366 2100
2100 2366
1559 1122
1122 1559
1122 1018
1018 1122
1967 1968
1968 1967
1737 210
210 1737
1085 38
38 1085
2034 782
782 2034
782 783
783 782
783 784
784 783
2185 2184
2184 2185
2184 1615
1615 2184
629 624
624 629
624 625
625 624
625 1306
1306 625
1306 337
337 1306
1468 1469
1469 1468
1469 1470
1470 1469
1994 1309
1309 1994
2153 1470
1470 2153
2003 377
377 2003
377 376
376 377
1450 1449
1449 1450
1669 925
925 1669
925 924
924 925
12 3
3 12
1205 1345-17
1345-17 1205
244 242
242 244
242 84
84 242
2231 2230
2230 2231
2230 2218
2218 2230
2218 2217
2217 2218
2217 2216
2216 2217
2216 2215
2215 2216
2215 837
837 2215
1720 186
186 1720
356 355
355 356
355 354
354 355
354 936
936 354
1076 1077
1077 1076
1077 1002
1002 1077
1002 1405
1405 1002
1405 1404
1404 1405
811 810
810 811
810 809
809 810
809 1704
1704 809
794 793
793 794
793 388
388 793
388 399
399 388
805 667-4
667-4 805
667-4 99
99 667-4
99 98
98 99
98 97
97 98
97 44
44 97
779 778
778 779
778 766
766 778
766 767
767 766
767 768
768 767
768 1802
1802 768
1802 1801
1801 1802
1801 1345-17
1345-17 1801
1044 1045
1045 1044
1045 1697
1697 1045
1697 1695
1695 1697
1920 562
562 1920
1735 1525
1525 1735
1525 1524
1524 1525
1524 1345-17
1345-17 1524
1489 1488
1488 1489
1488 1487
1487 1488
1487 1486-15
1486-15 1487
1486-15 1355
1355 1486-15
1355 108
108 1355
799 800
800 799
800 801
801 800
801 1053
1053 801
1053 21
21 1053
781 782
782 781
796 795
795 796
795 794
794 795
1163 1033
1033 1163
1033 1032
1032 1033
1032 1031
1031 1032
1031 1030
1030 1031
1030 1029-1
1029-1 1030
1029-1 998
998 1029-1
808 807
807 808
807 702
702 807
1685 1293
1293 1685
1293 1292
1292 1293
1292 1291
1291 1292
1291 316
316 1291
1379 1380
1380 1379
1380 2172
2172 1380
2172 450
450 2172
1748 1417
1417 1748
1700 1695
1695 1700
1536 532
532 1536
2049 2048
2048 2049
2048 2047
2047 2048
2047 2042
2042 2047
2042 400
400 2042
1698 1697
1697 1698
218 219
219 218
1753 1754
1754 1753
1754 1574
1574 1754
1574 1687
1687 1574
1687 1688
1688 1687
1688 1359
1359 1688
2353 2352
2352 2353
2352 1865
1865 2352
1865 1320
1320 1865
1320 1319
1319 1320
1319 1318
1318 1319
1318 1317
1317 1318
1820 1819
1819 1820
1819 1818
1818 1819
1818 1817
1817 1818
1817 1823
1823 1817
1823 1825
1825 1823
2275 885
885 2275
885 411
411 885
598 19
19 598
790 776-4
776-4 790
776-4 775
775 776-4
775 774
774 775
2107 2106
2106 2107
2106 2105
2105 2106
2105 2104
2104 2105
2104 1893
1893 2104
1893 1894
1894 1893
2225 2224
2224 2225
2224 836
836 2224
836 2221
2221 836
1885 1193
1193 1885
1278 1269
1269 1278
1537 1440
1440 1537
1440 243
243 1440
243 242
242 243
1966 1967
1967 1966
476 475
475 476
475 474
474 475
474 269
269 474
190 189
189 190
189 188
188 189
2188 514
514 2188
514 108
108 514
2032 2031
2031 2032
2031 1687
1687 2031
1170 1169
1169 1170
1169 1168
1168 1169
1168 1157
1157 1168
1157 1176
1176 1157
1176 1695
1695 1176
719 718
718 719
718 717
717 718
717 601
601 717
601 633
633 601
633 634
634 633
634 635
635 634
635 636
636 635
636 640
640 636
995 916
916 995
916 915
915 916
915 914
914 915
914 913
913 914
1542 1541
1541 1542
1541 1540
1540 1541
1540 1063
1063 1540
2190 2189
2189 2190
2189 459
459 2189
15 16-213
16-213 15
16-213 106
106 16-213
1201 1200
1200 1201
1200 1199
1199 1200
1199 1198
1198 1199
1527 1356
1356 1527
1356 1403
1403 1356
1403 1404
1404 1403
2139 2140
2140 2139
2140 2141
2141 2140
2141 1470
1470 2141
2006 315
315 2006
1858 1650
1650 1858
1650 1651
1651 1650
1651 1653
1653 1651
1653 256
256 1653
812 811
811 812
2120 216
216 2120
842 759
759 842
2115 2114
2114 2115
731 730
730 731
730 729
729 730
729 728
728 729
1302 1345-17
1345-17 1302
959 960
960 959
960 932
932 960
932 929
929 932
929 928
928 929
563 562
562 563
2071 1624
1624 2071
1624 1623
1623 1624
2060 1361
1361 2060
612 611
611 612
611 610-4
610-4 611
610-4 1368
1368 610-4
1368 634
634 1368
716 390
390 716
606 256
256 606
1110 738
738 1110
261 260-15
260-15 261
1194 1192
1192 1194
1837 1838
1838 1837
1838 2272
2272 1838
433 434
434 433
434 435
435 434
2001 318
318 2001
1828 785
785 1828
785 786
786 785
786 1158
1158 786
1158 1157
1157 1158
2369 2368
2368 2369
2368 2371
2371 2368
2371 913
913 2371
120 848
848 120
848 847
847 848
1979 1978
1978 1979
1978 1975
1975 1978
1663 1661
1661 1663
1661 167-1
167-1 1661
1792 1793
1793 1792
1793 242
242 1793
1256 1257
1257 1256
1257 1253
1253 1257
1253 1254
1254 1253
1254 1178
1178 1254
1178 1129
1129 1178
1129 634
634 1129
484 328
328 484
328 56
56 328
2250 1749
1749 2250
996 995
995 996
1962 1061
1061 1962
2150 2151
2151 2150
2151 354
354 2151
322 1333
1333 322
1333 1332
1332 1333
1332 1331
1331 1332
1331 135
135 1331
135 129
129 135
129 128
128 129
682 681
681 682
681 680
680 681
680 399
399 680
813 812
812 813
1444 1443-8
1443-8 1444
1443-8 1442
1442 1443-8
1442 767
767 1442
1989 1988
1988 1989
1988 1475
1475 1988
1412 1411
1411 1412
1411 1410
1410 1411
1410 1409
1409 1410
1409 1345-17
1345-17 1409
2309 1545
1545 2309
1545 2069
2069 1545
948 949
949 948
949 1319
1319 949
1896 389
389 1896
846 37
37 846
37 214
214 37
214 215
215 214
215 596
596 215
596 216
216 596
1413 1414
1414 1413
1414 591
591 1414
591 590
590 591
590 6
6 590
25 24
24 25
24 23
23 24
2165 1603
1603 2165
1603 2240
2240 1603
2240 1502
1502 2240
1502 1391
1391 1502
1391 1390
1390 1391
1390 936
936 1390
1600 1599
1599 1600
1599 46
46 1599
385 384
384 385
384 383
383 384
1690 1687
1687 1690
1579 153
153 1579
153 42
42 153
1001 1002
1002 1001
748 749
749 748
714 713
713 714
713 712
712 713
712 711
711 712
711 710
710 711
710 709
709 710
515 514
514 515
896 509
509 896
206 205
205 206
205 204
204 205
204 203
203 204
203 202
202 203
202 201
201 202
1294 121
121 1294
2213 2214
2214 2213
2214 165
165 2214
1640 404
404 1640
404 402
402 404
2046 2045
2045 2046
2045 2044
2044 2045
2044 2043
2043 2044
2043 2051
2051 2043
2051 1363
1363 2051
1363 957
957 1363
1518 1192
1192 1518
1515 1437
1437 1515
1437 1356
1356 1437
2135 1177
1177 2135
1889 1207
1207 1889
1207 1877
1877 1207
1877 637
637 1877
637 2124
2124 637
2124 640
640 2124
1427 1356
1356 1427
845 844
844 845
844 843
843 844
843 680
680 843
1151 1150
1150 1151
1150 1157
1157 1150
890 340
340 890
1856 1857
1857 1856
1857 1372
1372 1857
652 511
511 652
1778 1779
1779 1778
1779 1357
1357 1779
1025 181
181 1025
910 69
69 910
1288 121
121 1288
1619 1620
1620 1619
1620 1637
1637 1620
1637 1636-517
1636-517 1637
593 16-213
16-213 593
1806 582
582 1806
1946 1137
1137 1946
1137 696
696 1137
2203 337
337 2203
2246 1418
1418 2246
1213 1214
1214 1213
1214 1215
1215 1214
441 128
128 441
1672 1671
1671 1672
2345 2333
2333 2345
2333 2199
2199 2333
2199 2196
2196 2199
2196 2195
2195 2196
2195 185
185 2195
1279 1278
1278 1279
1394 161
161 1394
161 160
160 161
160 46
46 160
2021 675
675 2021
220 219
219 220
1501 1500
1500 1501
1500 1499
1499 1500
1499 636
636 1499
1674 1671
1671 1674
1224 1225
1225 1224
1225 862
862 1225
862 863
863 862
863 864
864 863
864 256
256 864
1915 1914
1914 1915
1914 1913
1913 1914
1913 1912
1912 1913
1912 562
562 1912
1652 1651
1651 1652
1381 110
110 1381
1065 1030
1030 1065
1283 318
318 1283
1426 230
230 1426
230 229
229 230
229 7
7 229
1811 582
582 1811
1952 1017
1017 1952
803 802
802 803
802 1100
1100 802
1100 181
181 1100
1883 1882
1882 1883
1882 332
332 1882
332 331
331 332
1943 377
377 1943
1694 1693
1693 1694
1693 399
399 1693
2326 2325
2325 2326
2325 2333
2333 2325
1726 1725
1725 1726
1636-517 1535
1535 1636-517
1535 517
517 1535
837 836
836 837
836 399
399 836
399 16-213
16-213 399
112 57
57 112
174 173-41
173-41 174
173-41 56
56 173-41
56 1726
1726 56
181 62
62 181
62 57
57 62
7 42
42 7
277 574
574 277
197 522
522 197
933 347
347 933
347 344
344 347
192 154
154 192
154 153
153 154
146 107-65
107-65 146
8 21
21 8
21 42
42 21
84 8
8 84
640 1733
1733 640
1733 1732
1732 1733
1732 1731
1731 1732
1731 1726
1726 1731
702 387
387 702
387 963
963 387
963 42
42 963
6 5
5 6
5 57
57 5
1059-20 2335
2335 1059-20
2335 980
980 2335
2073 2074
2074 2073
2074 1195
1195 2074
1195 1726
1726 1195
302 366
366 302
22 21
21 22
416 573
573 416
573 660
660 573
660 112
112 660
75 39
39 75
39 38
38 39
38 121
121 38
121 112
112 121
444 443
443 444
443 442
442 443
1061 1108
1108 1061
1108 30
30 1108
30 31
31 30
31 860
860 31
860 1685
1685 860
1293 57
57 1293
77 884
884 77
884 38
38 884
217 175
175 217
4 95
95 4
95 57
57 95
1534 1535
1535 1534
1068 823
823 1068
823 38
38 823
531 516
516 531
433 37
37 433
37 458
458 37
1054 998
998 1054
998 1006
1006 998
1006 1149
1149 1006
1149 216
216 1149
214 95
95 214
73-1 75
75 73-1
375 374
374 375
374 123
123 374
123 122
122 123
122 121
121 122
1218 1226
1226 1218
1226 947
947 1226
947 942
942 947
942 298
298 942
133 132
132 133
132 131
131 132
131 130
130 131
130 129
129 130
163 517
517 163
40 39
39 40
671 38
38 671
1078 1072
1072 1078
1072 1073
1073 1072
1073 1074
1074 1073
520-33 84
84 520-33
1465 1057
1057 1465
1057 1464
1464 1057
1464 1463
1463 1464
703 399
399 703
2100 2101
2101 2100
2101 1713
1713 2101
164 163
163 164
235 1429
1429 235
1429 1428
1428 1429
1428 1370
1370 1428
1417 1349
1349 1417
582 42
42 582
1199 2119
2119 1199
2119 1293
1293 2119
1212 1208
1208 1212
1208 1207
1207 1208
637 1733
1733 637
126 123
123 126
1371 1370
1370 1371
1646 1643
1643 1646
1643 1642
1642 1643
1642 1758
1758 1642
1758 217
217 1758
2113 2112
2112 2113
2112 2111
2111 2112
1805 270
270 1805
270 264
264 270
936 318
318 936
318 163
163 318
1348 1346
1346 1348
1346 1345-17
1345-17 1346
976 666
666 976
666 702
702 666
245 1195
1195 245
1192 1732
1732 1192
1018 2219
2219 1018
2219 1164
1164 2219
1164 399
399 1164
744 743
743 744
743 831
831 743
831 832
832 831
2360 1715
1715 2360
1715 1513
1513 1715
1513 1345-17
1345-17 1513
1261 1260
1260 1261
1260 1259
1259 1260
1259 118
118 1259
118 117
117 118
866 865
865 866
865 38
38 865
734 735
735 734
735 736
736 735
1875 1711
1711 1875
1711 1710
1710 1711
1710 188
188 1710
43 42
42 43
1363 1345-17
1345-17 1363
755 754
754 755
252 253
253 252
253 254
254 253
254 255
255 254
255 943
943 255
943 942
942 943
2061 2055
2055 2061
2055 2056
2056 2055
2056 2057
2057 2056
2057 944
944 2057
944 1985
1985 944
1985 980
980 1985
809 808
808 809
2307 2308
2308 2307
2308 2309
2309 2308
69 1197
1197 69
1197 1684
1684 1197
1684 1195
1195 1684
100 57
57 100
1707 832
832 1707
853 38
38 853
1090 1327
1327 1090
1327 1329
1329 1327
1356 1367
1367 1356
1367 1192
1192 1367
359 358
358 359
358 357
357 358
357 263
263 357
263 269
269 263
371 177
177 371
177 21
21 177
578 223
223 578
223 151
151 223
1987 1986
1986 1987
1986 980
980 1986
825 824
824 825
824 823
823 824
1539 1463
1463 1539
893 892
892 893
892 38
38 892
309 308
308 309
308 859
859 308
859 860
860 859
1589 1481
1481 1589
1481 1594
1594 1481
1594 1345-17
1345-17 1594
1860 1861
1861 1860
2312 1345-17
1345-17 2312
1908 1907
1907 1908
1907 341
341 1907
102 101
101 102
101 100
100 101
1245 1218
1218 1245
1430 1370
1370 1430
907 2002
2002 907
2002 2001
2001 2002
1400 1399
1399 1400
1399 1370
1370 1399
2192 1729
1729 2192
1729 1728
1728 1729
1728 1727
1727 1728
1727 1726
1726 1727
485 330
330 485
330 484
484 330
1122 30
30 1122
2034 2033
2033 2034
2033 2032
2032 2033
1994 213
213 1994
213 1295
1295 213
1295 121
121 1295
1357 956-26
956-26 1357
956-26 640
640 956-26
2218 1165
1165 2218
1165 1164
1164 1165
1076 1075
1075 1076
1075 1074
1074 1075
97 963
963 97
1802 1800
1800 1802
1800 1499
1499 1800
1500 1292
1292 1500
1045 1046
1046 1045
1046 1101
1101 1046
1101 702
702 1101
781 780
780 781
780 779
779 780
1163 1035
1035 1163
1035 1036
1036 1035
1036 1186
1186 1036
1748 1749
1749 1748
1700 1701
1701 1700
1701 1052
1052 1701
1052 1345-17
1345-17 1052
1536 1535
1535 1536
1698 1018
1018 1698
218 217
217 218
1753 1752
1752 1753
1752 1751
1751 1752
2353 1986
1986 2353
1170 1171
1171 1170
1171 1172
1172 1171
1172 121
121 1172
601 632
632 601
632 599
599 632
599 598
598 599
916 616
616 916
616 1790
1790 616
1790 619
619 1790
1542 567
567 1542
1201 861
861 1201
861 860
860 861
2139 641
641 2139
641 1307
1307 641
842 6
6 842
2115 1140
1140 2115
1140 1141
1141 1140
1141 1269
1269 1141
959 958
958 959
958 98
98 958
2060 1463
1463 2060
1837 1836
1836 1837
1836 1835
1835 1836
1835 1834
1834 1835
1834 1833
1833 1834
1828 1827
1827 1828
1827 1826
1826 1827
2369 2370
2370 2369
2370 930
930 2370
930 1276
1276 930
1276 1746
1746 1276
1746 256
256 1746
1978 998
998 1978
1029-1 1390
1390 1029-1
1129 1148
1148 1129
1148 1149
1149 1148
996 676
676 996
2150 2145
2145 2150
2145 2374
2374 2145
680 814
814 680
814 702
702 814
1444 1445
1445 1444
1445 1798
1798 1445
1798 246
246 1798
1510 1511
1511 1510
1511 298
298 1511
949 1327
1327 949
590 201
201 590
25 26
26 25
2165 2164
2164 2165
2164 2325
2325 2164
2325 2324
2324 2325
2324 2323
2323 2324
2323 2322
2322 2323
2322 2321
2321 2322
1690 1689-7
1689-7 1690
1689-7 1407
1407 1689-7
1407 1408
1408 1407
1408 174
174 1408
2214 217
217 2214
2046 69
69 2046
1437 1532
1532 1437
1532 1416
1416 1532
1416 573
573 1416
1151 1152
1152 1151
1152 1189
1189 1152
890 38
38 890
1856 1855
1855 1856
1855 1462
1462 1855
1462 294
294 1462
1213 318
318 1213
441 440
440 441
440 643
643 440
643 383
383 643
2345 2324
2324 2345
1929 1030
1030 1929
1501 439
439 1501
439 1308-4
1308-4 439
1308-4 643
643 1308-4
862 861
861 862
1915 1059-20
1059-20 1915
802 801
801 802
116 107-65
107-65 116
9 108
108 9
412 2119
2119 412
1270 256
256 1270
38 103
103 38
103 18
18 103
2043 2042
2042 2043
831 1179
1179 831
1179 1178
1178 1179
1041 20
20 1041
420-9 38
38 420-9
1068 10
10 1068
106 107-65
107-65 106
406 1640
1640 406
404 400
400 404
344 1042
1042 344
163 46
46 163
285 141
141 285
341 1900
1900 341
1900 1901
1901 1900
1901 1905-5
1905-5 1901
1905-5 1906
1906 1905-5
1906 605
605 1906
605 1339
1339 605
1339 2174
2174 1339
2174 2173
2173 2174
2173 450
450 2173
2100 2235
2235 2100
2235 468
468 2235
582 581
581 582
1190 1358
1358 1190
1358 957
957 1358
1647 1648
1648 1647
1648 1654
1654 1648
1654 1651
1651 1654
360 2151
2151 360
354 353
353 354
353 1339
1339 353
245 57
57 245
1356 1363
1363 1356
1231 1569
1569 1231
1569 1387
1387 1569
1387 1388
1388 1387
1388 1560
1560 1388
318 1756
1756 318
1756 46
46 1756
1611 1610
1610 1611
985 986
986 985
986 987
987 986
987 988
988 987
988 989
989 988
989 665
665 989
665 664
664 665
664 588
588 664
1715 1716
1716 1715
1716 1717
1717 1716
1717 1270
1270 1717
11 10
10 11
351 352
352 351
352 353
353 352
2066 2065
2065 2066
2065 2064
2064 2065
2064 405
405 2064
405 404
404 405
1448 1356
1356 1448
2304 2303-3
2303-3 2304
2303-3 520-18
520-18 2303-3
520-18 84
84 520-18
1631 1632
1632 1631
1632 1633-2
1633-2 1632
1633-2 1634
1634 1633-2
1634 966
966 1634
966 256
256 966
1335 957
957 1335
577 180-247
180-247 577
308 2270-12
2270-12 308
2270-12 2268
2268 2270-12
2268 2267
2267 2268
2267 293
293 2267
1481 2167
2167 1481
2167 1358
1358 2167
1269 1286
1286 1269
1286 957
957 1286
1635 1621
1621 1635
1430 1863
1863 1430
1863 298
298 1863
907 1209-3
1209-3 907
1209-3 1208
1208 1209-3
1493 1492
1492 1493
1492 1497
1497 1492
1497 1651
1651 1497
1389 1358
1358 1389
486 487
487 486
487 488
488 487
1122 2219
2219 1122
629 628
628 629
628 627
627 628
627 338
338 627
1046 771
771 1046
1052 957
957 1052
2352 2350
2350 2352
2350 2349
2349 2350
2275 2274
2274 2275
16-213 17
17 16-213
17 588
588 17
932 931
931 932
931 256
256 931
2071 2070
2070 2071
2070 1491
1491 2070
1491 1492
1492 1491
1361 1363
1363 1361
635 1421
1421 635
1421 1149
1149 1421
30 2220
2220 30
2220 570
570 2220
570 60
60 570
948 943
943 948
1177 1976
1976 1177
1152 1153
1153 1152
1153 1180
1180 1153
652 651
651 652
651 77
77 651
1779 1363
1363 1779
1620 164
164 1620
1672 1602
1602 1672
1602 2285
2285 1602
2285 1521
1521 2285
1394 1393
1393 1394
1393 1180
1180 1393
1308-4 2119
2119 1308-4
332 649
649 332
675 738
738 675
180-247 106
106 180-247
1642 1784
1784 1642
1784 1785
1785 1784
1785 1789
1789 1785
1789 1790
1790 1789
192 555
555 192
555 1721
1721 555
1721 1327
1327 1721
1272 1328
1328 1272
387 922
922 387
922 11
11 922
271 270
270 271
270 523
523 270
523 153
153 523
153 582
582 153
383 1293
1293 383
86 897
897 86
897 900
900 897
900 901
901 900
901 911
911 901
911 949
949 911
1105 1061
1061 1105
1108 1327
1327 1108
117 11
11 117
239 1435
1435 239
1435 1434
1434 1435
1434 1433
1433 1434
1433 1784
1784 1433
1180 1392
1392 1180
1392 874
874 1392
874 875
875 874
875 317
317 875
1849 1851
1851 1849
1851 1852
1852 1851
1852 1853
1853 1852
1288 1289
1289 1288
1289 1290
1290 1289
1290 1291
1291 1290
1345-17 1361
1361 1345-17
280 43
43 280
43 582
582 43
157 1482
1482 157
1482 1481
1481 1482
2167 1361
1361 2167
2 30
30 2
524 2318
2318 524
2318 2320
2320 2318
2320 1853
1853 2320
1975 1321-67
1321-67 1975
434 1289
1289 434
298 153
153 298
128 61
61 128
61 1126
1126 61
1615 1614
1614 1615
1614 645-1
645-1 1614
1345-17 1328
1328 1345-17
2100 1262
1262 2100
1262 1263
1263 1262
1263 1271
1271 1263
1271 1272
1272 1271
1428 1351
1351 1428
1351 1352
1352 1351
1352 1353
1353 1352
1353 1231
1231 1353
325 324
324 325
219 2332
2332 219
2332 1984
1984 2332
1984 980
980 1984
1190 1272
1272 1190
1370 1369
1369 1370
1369 1190
1190 1369
2200 1810
1810 2200
1810 949
949 1810
992 993
993 992
993 928
928 993
1191 1190
1190 1191
2145 2146
2146 2145
2146 2147
2147 2146
2147 929
929 2147
1749 1353
1353 1749
1452 1451
1451 1452
1451 1450
1450 1451
771 1557
1557 771
1557 1533
1533 1557
1533 1328
1328 1533
2314 1345-17
1345-17 2314
2298 1556
1556 2298
1556 1557
1557 1556
1229 1230
1230 1229
1230 1354
1354 1230
1354 1342
1342 1354
753 19
19 753
1676 1602
1602 1676
1968 2086
2086 1968
2086 2087
2087 2086
2072 2068
2068 2072
69 2243
2243 69
2243 1598
1598 2243
1598 1391
1391 1598
1391 1392
1392 1391
1397 1620
1620 1397
1404 2083
2083 1404
358 1810
1810 358
1358 1272
1272 1358
313 314
314 313
314 1342
1342 314
856 855
855 856
855 38
38 855
1510 1866
1866 1510
1866 1867
1867 1866
1867 1327
1327 1867
1281 1282
1282 1281
1282 914
914 1282
914 2361
2361 914
2361 1844
1844 2361
1844 1342
1342 1844
1713 1714
1714 1713
1714 1715
1715 1714
1432 1433
1433 1432
1396 1397
1397 1396
1885 1730
1730 1885
1730 950-16
950-16 1730
1470 2142
2142 1470
2142 1301
1301 2142
1301 1300
1300 1301
1300 318
318 1300
97 582
582 97
1920 1608
1608 1920
1735 1736
1736 1735
1736 1091
1091 1736
1091 1667
1667 1091
1667 1327
1327 1667
1489 1490
1490 1489
1490 1491
1491 1490
1053 106
106 1053
1380 1782
1782 1380
1782 1783
1783 1782
1783 1722
1722 1783
1722 619
619 1722
1320 904
904 1320
904 1327
1327 904
1279 914
914 1279
636 1365
1365 636
1365 1345-17
1345-17 1365
1064 1061
1061 1064
1858 1648
1648 1858
1140 2111
2111 1140
563 564
564 563
564 565
565 564
612 613
613 612
613 614
614 613
614 615
615 614
615 616
616 615
785 784
784 785
1793 902
902 1793
902 911
911 902
1989 1990
1990 1989
1990 1991
1991 1990
1991 1853
1853 1991
37 411
411 37
1437 1357
1357 1437
2135 1557
1557 2135
1372 1781
1781 1372
1025 106
106 1025
910 909
909 910
909 908
908 909
908 907
907 908
1308-4 1292
1292 1308-4
1674 1602
1602 1674
1381 1380
1380 1381
1283 1284
1284 1283
1284 1285
1285 1284
1285 316
316 1285
1426 1425
1425 1426
1425 1778
1778 1425
702 388
388 702
38 791
791 38
791 16-213
16-213 791
817 816
816 817
816 815
815 816
815 814
814 815
1534 1844
1844 1534
458 173-41
173-41 458
1090 1108
1108 1090
188 589
589 188
759 16-160
16-160 759
16-160 399
399 16-160
1195 173-41
173-41 1195
1643 1644
1644 1643
1644 1372
1372 1644
772 2229
2229 772
2229 2218
2218 2229
1339 919
919 1339
919 84
84 919
255 263
263 255
263 262
262 263
262 8
8 262
69 945
945 69
945 1723
1723 945
1723 192
192 1723
357 1343
1343 357
1343 919
919 1343
1068 815
815 1068
2227 2226
2226 2227
2226 2225
2225 2226
12 13
13 12
13 14
14 13
14 15
15 14
99 666
666 99
1046 1165
1165 1046
799 798
798 799
798 1112
1112 798
1112 791
791 1112
1754 1755
1755 1754
1755 31
31 1755
885 39
39 885
19 588
588 19
1838 1839-3
1839-3 1838
1839-3 2270-8
2270-8 1839-3
2270-8 2268
2268 2270-8
2267 483
483 2267
483 482-2
482-2 483
482-2 111
111 482-2
434 642
642 434
642 38
38 642
1179 1559
1559 1179
1442 1378
1378 1442
1378 1369
1369 1378
2325 2281-2
2281-2 2325
2281-2 1523
1523 2281-2
1523 501
501 1523
21 738
738 21
963 582
582 963
9 849
849 9
849 103
103 849
4 5
5 4
5 216
216 5
524 523
523 524
1309 1173-6
1173-6 1309
1173-6 442
442 1173-6
1190 1387
1387 1190
392 393
393 392
263 270
270 263
245 173-26
173-26 245
173-26 174
174 173-26
1192 1364
1364 1192
1364 636
636 1364
617 916
916 617
1356 1365
1365 1356
151 152
152 151
152 153
153 152
1228 1227-1
1227-1 1228
1227-1 305
305 1227-1
19 18
18 19
944 255
255 944
1482 1505
1505 1482
1505 1506
1506 1505
1449 2056
2056 1449
798 2021
2021 798
776-4 788
788 776-4
788 786
786 788
1527 1528
1528 1527
1528 2310
2310 1528
2310 1447
1447 2310
716 709
709 716
1412 1413
1413 1412
37 38
38 37
1001 1000
1000 1001
1000 999
999 1000
999 998
998 999
637 636
636 637
1053 582
582 1053
7 6
6 7
332 333
333 332
333 334
334 333
38 888
888 38
888 889
889 888
889 621
621 889
573 6
6 573
63 64
64 63
64 249
249 64
249 250
250 249
224 223
223 224
46 1388
1388 46
274 573
573 274
1901 1902
1902 1901
1902 1911
1911 1902
1911 956-26
956-26 1911
637 1192
1192 637
617 906
906 617
906 1209-3
1209-3 906
1513 1367
1367 1513
1578 442
442 1578
1024 1086
1086 1024
1086 1085
1085 1086
68 67
67 68
67 66
66 67
66 65
65 66
65 64
64 65
1481 1485
1485 1481
1485 1364
1364 1485
1509 1508
1508 1509
1508 1367
1367 1508
102 572
572 102
572 38
38 572
356 36
36 356
36 639
639 36
639 638
638 639
638 637
637 638
798 797
797 798
797 18
18 797
1754 1729
1729 1754
1729 1730
1730 1729
1790 950-16
950-16 1790
1491 2068
2068 1491
1194 331
331 1194
1661 1662
1662 1661
69 2269
2269 69
2269 2268
2268 2269
1518 331
331 1518
1499 2124
2124 1499
146 147
147 146
147 579
579 147
77 7
7 77
1327 1722
1722 1327
1782 1642
1642 1782
324 7
7 324
686 991
991 686
991 990
990 991
990 77
77 990
1429 1780
1780 1429
1780 1782
1782 1780
906 905
905 906
905 1785
1785 905
666 44
44 666
876 38
38 876
1474 1984
1984 1474
2171 2172
2172 2171
1762 1761
1761 1762
1761 1760
1760 1761
1760 1759
1759 1760
1492 1782
1782 1492
1437 1439
1439 1437
1439 1440
1440 1439
1657 1768
1768 1657
1768 1767
1767 1768
1767 1643
1643 1767
355 1577
1577 355
1577 1660
1660 1577
1660 1659
1659 1660
1659 1791
1791 1659
1791 1643
1643 1791
1378 1379
1379 1378
1525 1526
1526 1525
1526 201
201 1526
861 1312
1312 861
1312 2319
2319 1312
2319 2318
2318 2319
1648 1768
1768 1648
606 605
605 606
1256 1250
1250 1256
1250 1249
1249 1250
1249 1248
1248 1249
1248 1247
1247 1248
1247 1227-1
1227-1 1247
37 57
57 37
1177 1176
1176 1177
1427 1424
1424 1427
1424 1425
1425 1424
582 21
21 582
1225 1870
1870 1225
1870 1313
1313 1870
1313 1312
1312 1313
38 105
105 38
105 106
106 105
1345-17 1344
1344 1345-17
155 146
146 155
173-41 196
196 173-41
541 2363
2363 541
2363 1430
1430 2363
645-1 146
146 645-1
360 1750
1750 360
1750 1749
1749 1750
957 1346
1346 957
1448 1360
1360 1448
1360 1346
1346 1360
1356 1360
1360 1356
354 1750
1750 354
1357 1346
1346 1357
1515 1516
1516 1515
1806 1807
1807 1806
1807 107-65
107-65 1807
922 44
44 922
1528 1529
1529 1528
2006 2005
2005 2006
2005 565
565 2005
1294 102
102 1294
