1 1
0.00065 1.000000 
0.00098 1.000000 
0.00131 1.000000 
0.00163 1.000000 
0.00196 1.000000 
0.00229 1.000000 
0.00261 1.000000 
0.00294 1.000000 
0.00327 1.000000 
0.00359 1.000000 
0.00392 1.000000 
0.00425 1.000000 
0.00457 1.000000 
0.00490 1.000000 
0.00523 1.000000 
0.00555 1.000000 
0.00588 1.000000 
0.00621 1.000000 
0.00653 1.000000 
0.00686 1.000000 
0.00718 1.000000 
0.00751 1.000000 
0.00784 1.000000 
0.00816 1.000000 
0.00849 1.000000 
0.00882 1.000000 
0.00914 1.000000 
0.00947 1.000000 
0.00980 1.000000 
0.01012 1.000000 
0.01045 1.000000 
0.01078 1.000000 
0.01110 1.000000 
0.01143 1.000000 
0.01176 1.000000 
0.01208 1.000000 
0.01241 1.000000 
0.01274 1.000000 
0.01306 1.000000 
0.01339 1.000000 
0.01372 1.000000 
0.01404 1.000000 
0.01437 1.000000 
0.01470 1.000000 
0.01502 1.000000 
0.01535 1.000000 
0.01568 1.000000 
0.01600 1.000000 
0.01633 1.000000 
0.01666 1.000000 
0.01698 1.000000 
0.01731 1.000000 
0.01764 0.998602 
0.01796 0.998653 
0.01829 0.998701 
0.01862 0.998747 
0.01894 0.998790 
0.01927 0.998831 
0.01960 0.998870 
0.01992 0.998907 
0.02025 0.998414 
0.02057 0.998464 
0.02090 0.998512 
0.02123 0.998558 
0.02155 0.997203 
0.02188 0.996382 
0.02221 0.996488 
0.02253 0.995737 
0.02286 0.995859 
0.02319 0.995171 
0.02351 0.995305 
0.02384 0.995053 
0.02417 0.994817 
0.02449 0.994595 
0.02482 0.994737 
0.02515 0.994532 
0.02547 0.994006 
0.02580 0.993509 
0.02613 0.993671 
0.02645 0.991975 
0.02678 0.990665 
0.02711 0.987658 
0.02743 0.986231 
0.02776 0.985434 
0.02809 0.984679 
0.02841 0.983160 
0.02874 0.981191 
0.02907 0.980337 
0.02939 0.980275 
0.02972 0.979731 
0.03005 0.978978 
0.03037 0.978261 
0.03070 0.977808 
0.03103 0.976036 
0.03135 0.975000 
0.03168 0.969072 
0.03201 0.969072 
0.03233 0.967223 
0.03266 0.964646 
0.03298 0.964356 
0.03331 0.963891 
0.03364 0.962878 
0.03396 0.961912 
0.03429 0.961905 
0.03462 0.960288 
0.03494 0.958737 
0.03527 0.957598 
0.03560 0.956507 
0.03592 0.954629 
0.03625 0.951351 
0.03658 0.947876 
0.03690 0.946113 
0.03723 0.944263 
0.03756 0.942792 
0.03788 0.941679 
0.03821 0.938550 
0.03854 0.936404 
0.03886 0.934625 
0.03919 0.933193 
0.03952 0.931267 
0.03984 0.926568 
0.04017 0.922964 
0.04050 0.921322 
0.04082 0.917032 
0.04115 0.915429 
0.04148 0.914011 
0.04180 0.911048 
0.04213 0.906856 
0.04246 0.905069 
0.04278 0.903934 
0.04311 0.902151 
0.04344 0.901458 
0.04376 0.897430 
0.04409 0.895412 
0.04442 0.889434 
0.04474 0.885895 
0.04507 0.883846 
0.04540 0.880930 
0.04572 0.880370 
0.04605 0.878926 
0.04637 0.876736 
0.04670 0.875406 
0.04703 0.872280 
0.04735 0.868966 
0.04768 0.867454 
0.04801 0.865437 
0.04833 0.864038 
0.04866 0.860421 
0.04899 0.858434 
0.04931 0.852892 
0.04964 0.850993 
0.04997 0.848899 
0.05029 0.844835 
0.05062 0.841475 
0.05095 0.838544 
0.05127 0.836600 
0.05160 0.834556 
0.05193 0.832577 
0.05225 0.829481 
0.05258 0.827562 
0.05291 0.823556 
0.05323 0.822616 
0.05356 0.820590 
0.05389 0.818699 
0.05421 0.816648 
0.05454 0.814588 
0.05487 0.811520 
0.05519 0.808185 
0.05552 0.804107 
0.05585 0.799518 
0.05617 0.797362 
0.05650 0.794932 
0.05683 0.791775 
0.05715 0.787915 
0.05748 0.784416 
0.05781 0.781587 
0.05813 0.777820 
0.05846 0.774528 
0.05879 0.771570 
0.05911 0.769552 
0.05944 0.768017 
0.05976 0.764547 
0.06009 0.761404 
0.06042 0.757932 
0.06074 0.756292 
0.06107 0.754011 
0.06140 0.752190 
0.06172 0.750591 
0.06205 0.748928 
0.06238 0.745825 
0.06270 0.742365 
0.06303 0.740015 
0.06336 0.737247 
0.06368 0.734021 
0.06401 0.731293 
0.06434 0.727546 
0.06466 0.724453 
0.06499 0.722298 
0.06532 0.719698 
0.06564 0.716617 
0.06597 0.712576 
0.06630 0.708384 
0.06662 0.706414 
0.06695 0.703443 
0.06728 0.700876 
0.06760 0.698701 
0.06793 0.696210 
0.06826 0.693504 
0.06858 0.689770 
0.06891 0.686707 
0.06924 0.684298 
0.06956 0.681548 
0.06989 0.679742 
0.07022 0.677983 
0.07054 0.676012 
0.07087 0.673408 
0.07120 0.669091 
0.07152 0.666834 
0.07185 0.664010 
0.07218 0.662608 
0.07250 0.659859 
0.07283 0.656365 
0.07315 0.653708 
0.07348 0.650754 
0.07381 0.649007 
0.07413 0.646563 
0.07446 0.644099 
0.07479 0.641423 
0.07511 0.639036 
0.07544 0.636589 
0.07577 0.633639 
0.07609 0.631345 
0.07642 0.628884 
0.07675 0.627132 
0.07707 0.624702 
0.07740 0.622077 
0.07773 0.619792 
0.07805 0.617102 
0.07838 0.614854 
0.07871 0.612206 
0.07903 0.609273 
0.07936 0.606299 
0.07969 0.604702 
0.08001 0.602710 
0.08034 0.599867 
0.08067 0.597545 
0.08099 0.594913 
0.08132 0.592791 
0.08165 0.590747 
0.08197 0.588940 
0.08230 0.586511 
0.08263 0.584510 
0.08295 0.581183 
0.08328 0.579219 
0.08361 0.577145 
0.08393 0.574173 
0.08426 0.572105 
0.08459 0.570172 
0.08491 0.567211 
0.08524 0.564663 
0.08556 0.562341 
0.08589 0.560096 
0.08622 0.557898 
0.08654 0.555031 
0.08687 0.552617 
0.08720 0.550477 
0.08752 0.548801 
0.08785 0.546552 
0.08818 0.544376 
0.08850 0.542435 
0.08883 0.540536 
0.08916 0.538623 
0.08948 0.536269 
0.08981 0.534599 
0.09014 0.532780 
0.09046 0.531131 
0.09079 0.528946 
0.09112 0.526443 
0.09144 0.524680 
0.09177 0.521607 
0.09210 0.519724 
0.09242 0.517405 
0.09275 0.515254 
0.09308 0.513343 
0.09340 0.511250 
0.09373 0.508808 
0.09406 0.506775 
0.09438 0.505046 
0.09471 0.502899 
0.09504 0.501386 
0.09536 0.499600 
0.09569 0.497475 
0.09602 0.495391 
0.09634 0.494108 
0.09667 0.492258 
0.09700 0.490536 
0.09732 0.488509 
0.09765 0.487127 
0.09798 0.485284 
0.09830 0.483234 
0.09863 0.481156 
0.09895 0.479094 
0.09928 0.477245 
0.09961 0.474914 
0.09993 0.473181 
0.10026 0.471227 
0.10059 0.469669 
0.10091 0.467680 
0.10124 0.465769 
0.10157 0.463790 
0.10189 0.462054 
0.10222 0.460146 
0.10255 0.458395 
0.10287 0.456273 
0.10320 0.454732 
0.10353 0.453220 
0.10385 0.451799 
0.10418 0.450149 
0.10451 0.448687 
0.10483 0.446807 
0.10516 0.444864 
0.10549 0.443205 
0.10581 0.441176 
0.10614 0.439601 
0.10647 0.437942 
0.10679 0.436146 
0.10712 0.434400 
0.10745 0.432760 
0.10777 0.431150 
0.10810 0.429662 
0.10843 0.427984 
0.10875 0.426083 
0.10908 0.424682 
0.10941 0.423291 
0.10973 0.421713 
0.11006 0.420376 
0.11039 0.418749 
0.11071 0.417430 
0.11104 0.415756 
0.11137 0.414042 
0.11169 0.412821 
0.11202 0.411317 
0.11234 0.409655 
0.11267 0.408375 
0.11300 0.406735 
0.11332 0.405074 
0.11365 0.403889 
0.11398 0.402529 
0.11430 0.401244 
0.11463 0.399902 
0.11496 0.398569 
0.11528 0.397244 
0.11561 0.395928 
0.11594 0.394478 
0.11626 0.393132 
0.11659 0.391638 
0.11692 0.390342 
0.11724 0.388976 
0.11757 0.387697 
0.11790 0.386319 
0.11822 0.385271 
0.11855 0.384305 
0.11888 0.382920 
0.11920 0.381665 
0.11953 0.380522 
0.11986 0.379357 
0.12018 0.377725 
0.12051 0.376384 
0.12084 0.375038 
0.12116 0.373614 
0.12149 0.372460 
0.12182 0.371328 
0.12214 0.370274 
0.12247 0.369127 
0.12280 0.367986 
0.12312 0.366669 
0.12345 0.365514 
0.12378 0.364284 
0.12410 0.363116 
0.12443 0.361776 
0.12476 0.360707 
0.12508 0.359261 
0.12541 0.358097 
0.12573 0.356926 
0.12606 0.355548 
0.12639 0.354942 
0.12671 0.353526 
0.12704 0.352556 
0.12737 0.351671 
0.12769 0.350344 
0.12802 0.349066 
0.12835 0.348133 
0.12867 0.346805 
0.12900 0.345859 
0.12933 0.344687 
0.12965 0.343625 
0.12998 0.342607 
0.13031 0.341620 
0.13063 0.340464 
0.13096 0.339302 
0.13129 0.338172 
0.13161 0.336938 
0.13194 0.336032 
0.13227 0.334898 
0.13259 0.333686 
0.13292 0.332857 
0.13325 0.331491 
0.13357 0.330433 
0.13390 0.329441 
0.13423 0.328408 
0.13455 0.327227 
0.13488 0.326065 
0.13521 0.325122 
0.13553 0.324044 
0.13586 0.323019 
0.13619 0.322150 
0.13651 0.320964 
0.13684 0.319798 
0.13717 0.318866 
0.13749 0.317928 
0.13782 0.316905 
0.13815 0.315754 
0.13847 0.314856 
0.13880 0.313885 
0.13912 0.313030 
0.13945 0.311893 
0.13978 0.310972 
0.14010 0.310045 
0.14043 0.308928 
0.14076 0.307657 
0.14108 0.306737 
0.14141 0.305823 
0.14174 0.304743 
0.14206 0.303766 
0.14239 0.302763 
0.14272 0.301839 
0.14304 0.300722 
0.14337 0.299955 
0.14370 0.298892 
0.14402 0.297980 
0.14435 0.297124 
0.14468 0.295966 
0.14500 0.295030 
0.14533 0.293947 
0.14566 0.293112 
0.14598 0.292262 
0.14631 0.291327 
0.14664 0.290407 
0.14696 0.289592 
0.14729 0.288712 
0.14762 0.287915 
0.14794 0.286898 
0.14827 0.285916 
0.14860 0.285037 
0.14892 0.283960 
0.14925 0.283053 
0.14958 0.282304 
0.14990 0.281426 
0.15023 0.280354 
0.15056 0.279421 
0.15088 0.278502 
0.15121 0.277655 
0.15153 0.276849 
0.15186 0.275834 
0.15219 0.274946 
0.15251 0.274072 
0.15284 0.273166 
0.15317 0.272384 
0.15349 0.271624 
0.15382 0.270805 
0.15415 0.269810 
0.15447 0.268929 
0.15480 0.268222 
0.15513 0.267431 
0.15545 0.266590 
0.15578 0.265754 
0.15611 0.265054 
0.15643 0.264297 
0.15676 0.263526 
0.15709 0.262751 
0.15741 0.261842 
0.15774 0.260904 
0.15807 0.260202 
0.15839 0.259410 
0.15872 0.258555 
0.15905 0.257772 
0.15937 0.256901 
0.15970 0.256127 
0.16003 0.255448 
0.16035 0.254641 
0.16068 0.253895 
0.16101 0.253146 
0.16133 0.252384 
0.16166 0.251495 
0.16199 0.250880 
0.16231 0.250235 
0.16264 0.249497 
0.16297 0.248698 
0.16329 0.247984 
0.16362 0.247138 
0.16395 0.246439 
0.16427 0.245729 
0.16460 0.244904 
0.16492 0.244138 
0.16525 0.243478 
0.16558 0.242775 
0.16590 0.242044 
0.16623 0.241434 
0.16656 0.240718 
0.16688 0.240045 
0.16721 0.239290 
0.16754 0.238533 
0.16786 0.237832 
0.16819 0.237158 
0.16852 0.236570 
0.16884 0.235954 
0.16917 0.235237 
0.16950 0.234606 
0.16982 0.233882 
0.17015 0.233235 
0.17048 0.232510 
0.17080 0.231885 
0.17113 0.231241 
0.17146 0.230607 
0.17178 0.229933 
0.17211 0.229277 
0.17244 0.228660 
0.17276 0.228053 
0.17309 0.227342 
0.17342 0.226706 
0.17374 0.226095 
0.17407 0.225529 
0.17440 0.224810 
0.17472 0.224075 
0.17505 0.223434 
0.17538 0.222741 
0.17570 0.222135 
0.17603 0.221517 
0.17636 0.220903 
0.17668 0.220264 
0.17701 0.219731 
0.17734 0.219078 
0.17766 0.218415 
0.17799 0.217802 
0.17831 0.217219 
0.17864 0.216633 
0.17897 0.215982 
0.17929 0.215422 
0.17962 0.214777 
0.17995 0.214130 
0.18027 0.213584 
0.18060 0.213067 
0.18093 0.212455 
0.18125 0.211871 
0.18158 0.211284 
0.18191 0.210700 
0.18223 0.210144 
0.18256 0.209578 
0.18289 0.208983 
0.18321 0.208378 
0.18354 0.207852 
0.18387 0.207310 
0.18419 0.206795 
0.18452 0.206283 
0.18485 0.205716 
0.18517 0.205140 
0.18550 0.204635 
0.18583 0.204126 
0.18615 0.203472 
0.18648 0.202962 
0.18681 0.202460 
0.18713 0.201937 
0.18746 0.201458 
0.18779 0.200927 
0.18811 0.200356 
0.18844 0.199812 
0.18877 0.199301 
0.18909 0.198750 
0.18942 0.198255 
0.18975 0.197709 
0.19007 0.197219 
0.19040 0.196666 
0.19073 0.196110 
0.19105 0.195563 
0.19138 0.195000 
0.19170 0.194464 
0.19203 0.193993 
0.19236 0.193496 
0.19268 0.192979 
0.19301 0.192435 
0.19334 0.191950 
0.19366 0.191445 
0.19399 0.190943 
0.19432 0.190403 
0.19464 0.189888 
0.19497 0.189342 
0.19530 0.188854 
0.19562 0.188396 
0.19595 0.187969 
0.19628 0.187515 
0.19660 0.187053 
0.19693 0.186614 
0.19726 0.186166 
0.19758 0.185710 
0.19791 0.185299 
0.19824 0.184846 
0.19856 0.184357 
0.19889 0.183838 
0.19922 0.183300 
0.19954 0.182834 
0.19987 0.182375 
0.20020 0.181850 
0.20052 0.181364 
0.20085 0.180912 
0.20118 0.180477 
0.20150 0.180024 
0.20183 0.179536 
0.20216 0.179128 
0.20248 0.178644 
0.20281 0.178178 
0.20314 0.177698 
0.20346 0.177226 
0.20379 0.176791 
0.20411 0.176338 
0.20444 0.175913 
0.20477 0.175444 
0.20509 0.174992 
0.20542 0.174592 
0.20575 0.174159 
0.20607 0.173763 
0.20640 0.173323 
0.20673 0.172851 
0.20705 0.172450 
0.20738 0.171996 
0.20771 0.171530 
0.20803 0.171134 
0.20836 0.170701 
0.20869 0.170299 
0.20901 0.169870 
0.20934 0.169472 
0.20967 0.169075 
0.20999 0.168646 
0.21032 0.168233 
0.21065 0.167808 
0.21097 0.167384 
0.21130 0.167006 
0.21163 0.166605 
0.21195 0.166229 
0.21228 0.165779 
0.21261 0.165365 
0.21293 0.164999 
0.21326 0.164625 
0.21359 0.164215 
0.21391 0.163844 
0.21424 0.163429 
0.21457 0.163033 
0.21489 0.162602 
0.21522 0.162174 
0.21555 0.161769 
0.21587 0.161431 
0.21620 0.161072 
0.21653 0.160690 
0.21685 0.160270 
0.21718 0.159879 
0.21750 0.159489 
0.21783 0.159114 
0.21816 0.158719 
0.21848 0.158343 
0.21881 0.157999 
0.21914 0.157599 
0.21946 0.157197 
0.21979 0.156840 
0.22012 0.156446 
0.22044 0.156066 
0.22077 0.155700 
0.22110 0.155319 
0.22142 0.154952 
0.22175 0.154609 
0.22208 0.154267 
0.22240 0.153904 
0.22273 0.153556 
0.22306 0.153193 
0.22338 0.152852 
0.22371 0.152512 
0.22404 0.152131 
0.22436 0.151777 
0.22469 0.151451 
0.22502 0.151108 
0.22534 0.150750 
0.22567 0.150402 
0.22600 0.150055 
0.22632 0.149680 
0.22665 0.149319 
0.22698 0.149006 
0.22730 0.148669 
0.22763 0.148337 
0.22796 0.147969 
0.22828 0.147591 
0.22861 0.147247 
0.22894 0.146908 
0.22926 0.146563 
0.22959 0.146247 
0.22992 0.145925 
0.23024 0.145588 
0.23057 0.145231 
0.23089 0.144893 
0.23122 0.144563 
0.23155 0.144251 
0.23187 0.143896 
0.23220 0.143587 
0.23253 0.143274 
0.23285 0.142931 
0.23318 0.142586 
0.23351 0.142230 
0.23383 0.141927 
0.23416 0.141601 
0.23449 0.141280 
0.23481 0.140953 
0.23514 0.140651 
0.23547 0.140322 
0.23579 0.139995 
0.23612 0.139700 
0.23645 0.139405 
0.23677 0.139097 
0.23710 0.138767 
0.23743 0.138453 
0.23775 0.138141 
0.23808 0.137804 
0.23841 0.137490 
0.23873 0.137200 
0.23906 0.136896 
0.23939 0.136586 
0.23971 0.136277 
0.24004 0.135962 
0.24037 0.135644 
0.24069 0.135353 
0.24102 0.135064 
0.24135 0.134746 
0.24167 0.134429 
0.24200 0.134169 
0.24233 0.133865 
0.24265 0.133577 
0.24298 0.133323 
0.24331 0.133045 
0.24363 0.132738 
0.24396 0.132430 
0.24428 0.132161 
0.24461 0.131866 
0.24494 0.131571 
0.24526 0.131292 
0.24559 0.131020 
0.24592 0.130743 
0.24624 0.130456 
0.24657 0.130149 
0.24690 0.129882 
0.24722 0.129609 
0.24755 0.129340 
0.24788 0.129058 
0.24820 0.128784 
0.24853 0.128501 
0.24886 0.128250 
0.24918 0.127979 
0.24951 0.127682 
0.24984 0.127396 
0.25016 0.127135 
0.25049 0.126879 
0.25082 0.126626 
0.25114 0.126358 
0.25147 0.126121 
0.25180 0.125875 
0.25212 0.125626 
0.25245 0.125361 
0.25278 0.125084 
0.25310 0.124845 
0.25343 0.124586 
0.25376 0.124338 
0.25408 0.124088 
0.25441 0.123812 
0.25474 0.123531 
0.25506 0.123264 
0.25539 0.122985 
0.25572 0.122759 
0.25604 0.122491 
0.25637 0.122234 
0.25669 0.122001 
0.25702 0.121743 
0.25735 0.121489 
0.25767 0.121226 
0.25800 0.120951 
0.25833 0.120680 
0.25865 0.120427 
0.25898 0.120184 
0.25931 0.119916 
0.25963 0.119677 
0.25996 0.119443 
0.26029 0.119184 
0.26061 0.118927 
0.26094 0.118670 
0.26127 0.118420 
0.26159 0.118184 
0.26192 0.117942 
0.26225 0.117685 
0.26257 0.117458 
0.26290 0.117218 
0.26323 0.116980 
0.26355 0.116739 
0.26388 0.116496 
0.26421 0.116251 
0.26453 0.116025 
0.26486 0.115775 
0.26519 0.115536 
0.26551 0.115291 
0.26584 0.115056 
0.26617 0.114834 
0.26649 0.114601 
0.26682 0.114371 
0.26715 0.114148 
0.26747 0.113908 
0.26780 0.113684 
0.26813 0.113440 
0.26845 0.113211 
0.26878 0.112989 
0.26911 0.112751 
0.26943 0.112515 
0.26976 0.112299 
0.27008 0.112092 
0.27041 0.111841 
0.27074 0.111609 
0.27106 0.111410 
0.27139 0.111171 
0.27172 0.110956 
0.27204 0.110753 
0.27237 0.110548 
0.27270 0.110323 
0.27302 0.110105 
0.27335 0.109894 
0.27368 0.109688 
0.27400 0.109489 
0.27433 0.109251 
0.27466 0.109037 
0.27498 0.108820 
0.27531 0.108607 
0.27564 0.108392 
0.27596 0.108189 
0.27629 0.107980 
0.27662 0.107762 
0.27694 0.107535 
0.27727 0.107318 
0.27760 0.107110 
0.27792 0.106894 
0.27825 0.106682 
0.27858 0.106484 
0.27890 0.106270 
0.27923 0.106047 
0.27956 0.105834 
0.27988 0.105642 
0.28021 0.105431 
0.28054 0.105223 
0.28086 0.105027 
0.28119 0.104840 
0.28152 0.104624 
0.28184 0.104430 
0.28217 0.104228 
0.28250 0.104046 
0.28282 0.103841 
0.28315 0.103641 
0.28347 0.103432 
0.28380 0.103233 
0.28413 0.103038 
0.28445 0.102831 
0.28478 0.102629 
0.28511 0.102433 
0.28543 0.102233 
0.28576 0.102044 
0.28609 0.101847 
0.28641 0.101667 
0.28674 0.101477 
0.28707 0.101275 
0.28739 0.101078 
0.28772 0.100885 
0.28805 0.100690 
0.28837 0.100503 
0.28870 0.100326 
0.28903 0.100128 
0.28935 0.099945 
0.28968 0.099753 
0.29001 0.099574 
0.29033 0.099378 
0.29066 0.099182 
0.29099 0.099005 
0.29131 0.098826 
0.29164 0.098642 
0.29197 0.098457 
0.29229 0.098277 
0.29262 0.098072 
0.29295 0.097896 
0.29327 0.097717 
0.29360 0.097525 
0.29393 0.097353 
0.29425 0.097181 
0.29458 0.096993 
0.29491 0.096819 
0.29523 0.096632 
0.29556 0.096443 
0.29589 0.096269 
0.29621 0.096074 
0.29654 0.095901 
0.29686 0.095734 
0.29719 0.095552 
0.29752 0.095379 
0.29784 0.095206 
0.29817 0.095038 
0.29850 0.094864 
0.29882 0.094685 
0.29915 0.094514 
0.29948 0.094344 
0.29980 0.094167 
0.30013 0.093992 
0.30046 0.093819 
0.30078 0.093651 
0.30111 0.093485 
0.30144 0.093325 
0.30176 0.093160 
0.30209 0.092985 
0.30242 0.092828 
0.30274 0.092665 
0.30307 0.092491 
0.30340 0.092324 
0.30372 0.092147 
0.30405 0.091979 
0.30438 0.091816 
0.30470 0.091640 
0.30503 0.091471 
0.30536 0.091305 
0.30568 0.091151 
0.30601 0.090991 
0.30634 0.090838 
0.30666 0.090676 
0.30699 0.090520 
0.30732 0.090363 
0.30764 0.090201 
0.30797 0.090039 
0.30830 0.089891 
0.30862 0.089725 
0.30895 0.089567 
0.30927 0.089402 
0.30960 0.089243 
0.30993 0.089090 
0.31025 0.088929 
0.31058 0.088764 
0.31091 0.088600 
0.31123 0.088440 
0.31156 0.088283 
0.31189 0.088143 
0.31221 0.087991 
0.31254 0.087831 
0.31287 0.087678 
0.31319 0.087537 
0.31352 0.087391 
0.31385 0.087240 
0.31417 0.087078 
0.31450 0.086927 
0.31483 0.086779 
0.31515 0.086619 
0.31548 0.086463 
0.31581 0.086306 
0.31613 0.086153 
0.31646 0.086018 
0.31679 0.085877 
0.31711 0.085719 
0.31744 0.085581 
0.31777 0.085439 
0.31809 0.085293 
0.31842 0.085132 
0.31875 0.084977 
0.31907 0.084830 
0.31940 0.084682 
0.31973 0.084532 
0.32005 0.084384 
0.32038 0.084235 
0.32071 0.084089 
0.32103 0.083938 
0.32136 0.083805 
0.32169 0.083668 
0.32201 0.083527 
0.32234 0.083380 
0.32266 0.083228 
0.32299 0.083084 
0.32332 0.082949 
0.32364 0.082794 
0.32397 0.082659 
0.32430 0.082519 
0.32462 0.082386 
0.32495 0.082246 
0.32528 0.082107 
0.32560 0.081963 
0.32593 0.081811 
0.32626 0.081677 
0.32658 0.081538 
0.32691 0.081397 
0.32724 0.081262 
0.32756 0.081120 
0.32789 0.080984 
0.32822 0.080841 
0.32854 0.080708 
0.32887 0.080571 
0.32920 0.080447 
0.32952 0.080311 
0.32985 0.080175 
0.33018 0.080044 
0.33050 0.079906 
0.33083 0.079779 
0.33116 0.079641 
0.33148 0.079498 
0.33181 0.079353 
0.33214 0.079220 
0.33246 0.079084 
0.33279 0.078965 
0.33312 0.078845 
0.33344 0.078702 
0.33377 0.078563 
0.33410 0.078431 
0.33442 0.078289 
0.33475 0.078150 
0.33508 0.078016 
0.33540 0.077889 
0.33573 0.077757 
0.33605 0.077624 
0.33638 0.077496 
0.33671 0.077376 
0.33703 0.077249 
0.33736 0.077124 
0.33769 0.076993 
0.33801 0.076859 
0.33834 0.076737 
0.33867 0.076598 
0.33899 0.076473 
0.33932 0.076346 
0.33965 0.076212 
0.33997 0.076088 
0.34030 0.075962 
0.34063 0.075841 
0.34095 0.075725 
0.34128 0.075594 
0.34161 0.075475 
0.34193 0.075357 
0.34226 0.075229 
0.34259 0.075110 
0.34291 0.074990 
0.34324 0.074862 
0.34357 0.074741 
0.34389 0.074619 
0.34422 0.074498 
0.34455 0.074373 
0.34487 0.074255 
0.34520 0.074132 
0.34553 0.074016 
0.34585 0.073895 
0.34618 0.073776 
0.34651 0.073658 
0.34683 0.073539 
0.34716 0.073416 
0.34749 0.073308 
0.34781 0.073190 
0.34814 0.073076 
0.34847 0.072954 
0.34879 0.072844 
0.34912 0.072727 
0.34944 0.072614 
0.34977 0.072505 
0.35010 0.072395 
0.35042 0.072271 
0.35075 0.072147 
0.35108 0.072033 
0.35140 0.071920 
0.35173 0.071802 
0.35206 0.071686 
0.35238 0.071570 
0.35271 0.071457 
0.35304 0.071349 
0.35336 0.071232 
0.35369 0.071114 
0.35402 0.071002 
0.35434 0.070893 
0.35467 0.070781 
0.35500 0.070671 
0.35532 0.070560 
0.35565 0.070450 
0.35598 0.070347 
0.35630 0.070231 
0.35663 0.070121 
0.35696 0.070011 
0.35728 0.069901 
0.35761 0.069787 
0.35794 0.069668 
0.35826 0.069566 
0.35859 0.069456 
0.35892 0.069346 
0.35924 0.069238 
0.35957 0.069134 
0.35990 0.069020 
0.36022 0.068913 
0.36055 0.068801 
0.36088 0.068700 
0.36120 0.068595 
0.36153 0.068487 
0.36185 0.068383 
0.36218 0.068275 
0.36251 0.068168 
0.36283 0.068060 
0.36316 0.067949 
0.36349 0.067846 
0.36381 0.067745 
0.36414 0.067640 
0.36447 0.067536 
0.36479 0.067438 
0.36512 0.067333 
0.36545 0.067232 
0.36577 0.067125 
0.36610 0.067022 
0.36643 0.066914 
0.36675 0.066819 
0.36708 0.066716 
0.36741 0.066613 
0.36773 0.066515 
0.36806 0.066410 
0.36839 0.066309 
0.36871 0.066206 
0.36904 0.066109 
0.36937 0.066014 
0.36969 0.065913 
0.37002 0.065817 
0.37035 0.065723 
0.37067 0.065618 
0.37100 0.065524 
0.37133 0.065427 
0.37165 0.065328 
0.37198 0.065232 
0.37231 0.065137 
0.37263 0.065034 
0.37296 0.064935 
0.37329 0.064837 
0.37361 0.064736 
0.37394 0.064635 
0.37427 0.064536 
0.37459 0.064437 
0.37492 0.064346 
0.37524 0.064251 
0.37557 0.064159 
0.37590 0.064062 
0.37622 0.063969 
0.37655 0.063878 
0.37688 0.063781 
0.37720 0.063693 
0.37753 0.063596 
0.37786 0.063501 
0.37818 0.063405 
0.37851 0.063312 
0.37884 0.063217 
0.37916 0.063125 
0.37949 0.063027 
0.37982 0.062933 
0.38014 0.062837 
0.38047 0.062746 
0.38080 0.062658 
0.38112 0.062573 
0.38145 0.062479 
0.38178 0.062386 
0.38210 0.062297 
0.38243 0.062204 
0.38276 0.062115 
0.38308 0.062024 
0.38341 0.061930 
0.38374 0.061836 
0.38406 0.061738 
0.38439 0.061649 
0.38472 0.061565 
0.38504 0.061473 
0.38537 0.061389 
0.38570 0.061300 
0.38602 0.061209 
0.38635 0.061121 
0.38668 0.061032 
0.38700 0.060932 
0.38733 0.060842 
0.38766 0.060751 
0.38798 0.060666 
0.38831 0.060578 
0.38863 0.060489 
0.38896 0.060408 
0.38929 0.060318 
0.38961 0.060230 
0.38994 0.060148 
0.39027 0.060063 
0.39059 0.059982 
0.39092 0.059904 
0.39125 0.059823 
0.39157 0.059733 
0.39190 0.059647 
0.39223 0.059561 
0.39255 0.059475 
0.39288 0.059388 
0.39321 0.059301 
0.39353 0.059223 
0.39386 0.059136 
0.39419 0.059053 
0.39451 0.058972 
0.39484 0.058885 
0.39517 0.058800 
0.39549 0.058717 
0.39582 0.058635 
0.39615 0.058549 
0.39647 0.058469 
0.39680 0.058385 
0.39713 0.058301 
0.39745 0.058216 
0.39778 0.058132 
0.39811 0.058053 
0.39843 0.057970 
0.39876 0.057887 
0.39909 0.057803 
0.39941 0.057723 
0.39974 0.057645 
0.40007 0.057563 
0.40039 0.057480 
0.40072 0.057401 
0.40105 0.057319 
0.40137 0.057234 
0.40170 0.057150 
0.40202 0.057069 
0.40235 0.056990 
0.40268 0.056908 
0.40300 0.056823 
0.40333 0.056746 
0.40366 0.056663 
0.40398 0.056585 
0.40431 0.056506 
0.40464 0.056423 
0.40496 0.056349 
0.40529 0.056271 
0.40562 0.056193 
0.40594 0.056116 
0.40627 0.056040 
0.40660 0.055960 
0.40692 0.055885 
0.40725 0.055805 
0.40758 0.055727 
0.40790 0.055645 
0.40823 0.055568 
0.40856 0.055488 
0.40888 0.055413 
0.40921 0.055339 
0.40954 0.055264 
0.40986 0.055188 
0.41019 0.055112 
0.41052 0.055036 
0.41084 0.054966 
0.41117 0.054889 
0.41150 0.054815 
0.41182 0.054741 
0.41215 0.054669 
0.41248 0.054594 
0.41280 0.054519 
0.41313 0.054443 
0.41346 0.054368 
0.41378 0.054291 
0.41411 0.054213 
0.41444 0.054141 
0.41476 0.054071 
0.41509 0.053996 
0.41541 0.053924 
0.41574 0.053847 
0.41607 0.053774 
0.41639 0.053704 
0.41672 0.053632 
0.41705 0.053562 
0.41737 0.053489 
0.41770 0.053415 
0.41803 0.053339 
0.41835 0.053270 
0.41868 0.053200 
0.41901 0.053130 
0.41933 0.053061 
0.41966 0.052989 
0.41999 0.052913 
0.42031 0.052843 
0.42064 0.052768 
0.42097 0.052696 
0.42129 0.052625 
0.42162 0.052555 
0.42195 0.052484 
0.42227 0.052414 
0.42260 0.052342 
0.42293 0.052271 
0.42325 0.052205 
0.42358 0.052136 
0.42391 0.052068 
0.42423 0.052000 
0.42456 0.051930 
0.42489 0.051862 
0.42521 0.051795 
0.42554 0.051730 
0.42587 0.051668 
0.42619 0.051601 
0.42652 0.051535 
0.42685 0.051467 
0.42717 0.051399 
0.42750 0.051332 
0.42782 0.051268 
0.42815 0.051202 
0.42848 0.051134 
0.42880 0.051072 
0.42913 0.051008 
0.42946 0.050945 
0.42978 0.050880 
0.43011 0.050817 
0.43044 0.050755 
0.43076 0.050693 
0.43109 0.050628 
0.43142 0.050562 
0.43174 0.050495 
0.43207 0.050429 
0.43240 0.050365 
0.43272 0.050299 
0.43305 0.050230 
0.43338 0.050165 
0.43370 0.050099 
0.43403 0.050033 
0.43436 0.049970 
0.43468 0.049909 
0.43501 0.049848 
0.43534 0.049788 
0.43566 0.049728 
0.43599 0.049668 
0.43632 0.049609 
0.43664 0.049540 
0.43697 0.049476 
0.43730 0.049410 
0.43762 0.049347 
0.43795 0.049280 
0.43828 0.049220 
0.43860 0.049158 
0.43893 0.049094 
0.43926 0.049029 
0.43958 0.048963 
0.43991 0.048903 
0.44024 0.048839 
0.44056 0.048773 
0.44089 0.048715 
0.44121 0.048654 
0.44154 0.048590 
0.44187 0.048527 
0.44219 0.048463 
0.44252 0.048398 
0.44285 0.048339 
0.44317 0.048278 
0.44350 0.048215 
0.44383 0.048150 
0.44415 0.048092 
0.44448 0.048033 
0.44481 0.047973 
0.44513 0.047914 
0.44546 0.047852 
0.44579 0.047793 
0.44611 0.047737 
0.44644 0.047679 
0.44677 0.047622 
0.44709 0.047560 
0.44742 0.047502 
0.44775 0.047446 
0.44807 0.047386 
0.44840 0.047326 
0.44873 0.047266 
0.44905 0.047207 
0.44938 0.047149 
0.44971 0.047087 
0.45003 0.047029 
0.45036 0.046971 
0.45069 0.046913 
0.45101 0.046854 
0.45134 0.046795 
0.45167 0.046736 
0.45199 0.046672 
0.45232 0.046615 
0.45265 0.046562 
0.45297 0.046505 
0.45330 0.046448 
0.45363 0.046390 
0.45395 0.046335 
0.45428 0.046279 
0.45460 0.046223 
0.45493 0.046168 
0.45526 0.046108 
0.45558 0.046052 
0.45591 0.045997 
0.45624 0.045937 
0.45656 0.045878 
0.45689 0.045826 
0.45722 0.045768 
0.45754 0.045710 
0.45787 0.045653 
0.45820 0.045595 
0.45852 0.045537 
0.45885 0.045482 
0.45918 0.045426 
0.45950 0.045374 
0.45983 0.045319 
0.46016 0.045259 
0.46048 0.045206 
0.46081 0.045150 
0.46114 0.045093 
0.46146 0.045037 
0.46179 0.044983 
0.46212 0.044929 
0.46244 0.044876 
0.46277 0.044824 
0.46310 0.044772 
0.46342 0.044721 
0.46375 0.044669 
0.46408 0.044613 
0.46440 0.044557 
0.46473 0.044505 
0.46506 0.044446 
0.46538 0.044393 
0.46571 0.044339 
0.46604 0.044285 
0.46636 0.044234 
0.46669 0.044180 
0.46702 0.044127 
0.46734 0.044073 
0.46767 0.044021 
0.46799 0.043972 
0.46832 0.043917 
0.46865 0.043866 
0.46897 0.043817 
0.46930 0.043768 
0.46963 0.043716 
0.46995 0.043664 
0.47028 0.043612 
0.47061 0.043562 
0.47093 0.043512 
0.47126 0.043461 
0.47159 0.043409 
0.47191 0.043361 
0.47224 0.043310 
0.47257 0.043260 
0.47289 0.043211 
0.47322 0.043163 
0.47355 0.043114 
0.47387 0.043065 
0.47420 0.043012 
0.47453 0.042965 
0.47485 0.042914 
0.47518 0.042862 
0.47551 0.042809 
0.47583 0.042759 
0.47616 0.042708 
0.47649 0.042657 
0.47681 0.042605 
0.47714 0.042553 
0.47747 0.042505 
0.47779 0.042455 
0.47812 0.042406 
0.47845 0.042356 
0.47877 0.042306 
0.47910 0.042257 
0.47943 0.042206 
0.47975 0.042158 
0.48008 0.042108 
0.48040 0.042059 
0.48073 0.042010 
0.48106 0.041959 
0.48138 0.041911 
0.48171 0.041862 
0.48204 0.041815 
0.48236 0.041767 
0.48269 0.041718 
0.48302 0.041669 
0.48334 0.041619 
0.48367 0.041571 
0.48400 0.041525 
0.48432 0.041477 
0.48465 0.041425 
0.48498 0.041378 
0.48530 0.041328 
0.48563 0.041282 
0.48596 0.041236 
0.48628 0.041191 
0.48661 0.041139 
0.48694 0.041093 
0.48726 0.041045 
0.48759 0.041001 
0.48792 0.040954 
0.48824 0.040905 
0.48857 0.040857 
0.48890 0.040810 
0.48922 0.040763 
0.48955 0.040715 
0.48988 0.040671 
0.49020 0.040625 
0.49053 0.040578 
0.49086 0.040530 
0.49118 0.040482 
0.49151 0.040437 
0.49184 0.040391 
0.49216 0.040344 
0.49249 0.040299 
0.49282 0.040254 
0.49314 0.040206 
0.49347 0.040161 
0.49379 0.040118 
0.49412 0.040070 
0.49445 0.040022 
0.49477 0.039980 
0.49510 0.039937 
0.49543 0.039891 
0.49575 0.039846 
0.49608 0.039800 
0.49641 0.039753 
0.49673 0.039709 
0.49706 0.039664 
0.49739 0.039619 
0.49771 0.039572 
0.49804 0.039529 
0.49837 0.039486 
0.49869 0.039443 
0.49902 0.039400 
0.49935 0.039353 
0.49967 0.039311 
0.50000 0.039267 
0.50033 0.039224 
0.50065 0.039182 
0.50098 0.039140 
0.50131 0.039098 
0.50163 0.039056 
0.50196 0.039012 
0.50229 0.038965 
0.50261 0.038922 
0.50294 0.038877 
0.50327 0.038834 
0.50359 0.038790 
0.50392 0.038747 
0.50425 0.038703 
0.50457 0.038659 
0.50490 0.038616 
0.50523 0.038576 
0.50555 0.038534 
0.50588 0.038492 
0.50621 0.038450 
0.50653 0.038408 
0.50686 0.038367 
0.50718 0.038325 
0.50751 0.038284 
0.50784 0.038244 
0.50816 0.038201 
0.50849 0.038158 
0.50882 0.038114 
0.50914 0.038069 
0.50947 0.038028 
0.50980 0.037984 
0.51012 0.037945 
0.51045 0.037904 
0.51078 0.037864 
0.51110 0.037821 
0.51143 0.037780 
0.51176 0.037739 
0.51208 0.037699 
0.51241 0.037659 
0.51274 0.037618 
0.51306 0.037575 
0.51339 0.037535 
0.51372 0.037492 
0.51404 0.037451 
0.51437 0.037409 
0.51470 0.037369 
0.51502 0.037327 
0.51535 0.037288 
0.51568 0.037246 
0.51600 0.037205 
0.51633 0.037165 
0.51666 0.037123 
0.51698 0.037084 
0.51731 0.037043 
0.51764 0.037003 
0.51796 0.036963 
0.51829 0.036924 
0.51862 0.036884 
0.51894 0.036846 
0.51927 0.036805 
0.51960 0.036765 
0.51992 0.036726 
0.52025 0.036686 
0.52057 0.036647 
0.52090 0.036610 
0.52123 0.036569 
0.52155 0.036532 
0.52188 0.036491 
0.52221 0.036452 
0.52253 0.036413 
0.52286 0.036372 
0.52319 0.036331 
0.52351 0.036293 
0.52384 0.036253 
0.52417 0.036214 
0.52449 0.036175 
0.52482 0.036136 
0.52515 0.036098 
0.52547 0.036057 
0.52580 0.036020 
0.52613 0.035982 
0.52645 0.035946 
0.52678 0.035908 
0.52711 0.035869 
0.52743 0.035829 
0.52776 0.035792 
0.52809 0.035753 
0.52841 0.035712 
0.52874 0.035675 
0.52907 0.035637 
0.52939 0.035600 
0.52972 0.035562 
0.53005 0.035522 
0.53037 0.035484 
0.53070 0.035444 
0.53103 0.035405 
0.53135 0.035367 
0.53168 0.035330 
0.53201 0.035295 
0.53233 0.035259 
0.53266 0.035220 
0.53298 0.035183 
0.53331 0.035143 
0.53364 0.035103 
0.53396 0.035066 
0.53429 0.035030 
0.53462 0.034994 
0.53494 0.034956 
0.53527 0.034918 
0.53560 0.034881 
0.53592 0.034845 
0.53625 0.034806 
0.53658 0.034767 
0.53690 0.034730 
0.53723 0.034693 
0.53756 0.034655 
0.53788 0.034620 
0.53821 0.034586 
0.53854 0.034549 
0.53886 0.034515 
0.53919 0.034480 
0.53952 0.034443 
0.53984 0.034407 
0.54017 0.034370 
0.54050 0.034334 
0.54082 0.034297 
0.54115 0.034261 
0.54148 0.034224 
0.54180 0.034184 
0.54213 0.034149 
0.54246 0.034112 
0.54278 0.034075 
0.54311 0.034040 
0.54344 0.034003 
0.54376 0.033969 
0.54409 0.033933 
0.54442 0.033896 
0.54474 0.033859 
0.54507 0.033823 
0.54540 0.033789 
0.54572 0.033754 
0.54605 0.033719 
0.54637 0.033686 
0.54670 0.033651 
0.54703 0.033617 
0.54735 0.033583 
0.54768 0.033548 
0.54801 0.033513 
0.54833 0.033480 
0.54866 0.033445 
0.54899 0.033412 
0.54931 0.033377 
0.54964 0.033344 
0.54997 0.033309 
0.55029 0.033276 
0.55062 0.033243 
0.55095 0.033207 
0.55127 0.033173 
0.55160 0.033138 
0.55193 0.033105 
0.55225 0.033072 
0.55258 0.033038 
0.55291 0.033003 
0.55323 0.032969 
0.55356 0.032936 
0.55389 0.032901 
0.55421 0.032868 
0.55454 0.032835 
0.55487 0.032803 
0.55519 0.032768 
0.55552 0.032734 
0.55585 0.032701 
0.55617 0.032666 
0.55650 0.032634 
0.55683 0.032601 
0.55715 0.032569 
0.55748 0.032536 
0.55781 0.032502 
0.55813 0.032470 
0.55846 0.032436 
0.55879 0.032405 
0.55911 0.032371 
0.55944 0.032337 
0.55976 0.032303 
0.56009 0.032269 
0.56042 0.032236 
0.56074 0.032205 
0.56107 0.032174 
0.56140 0.032142 
0.56172 0.032110 
0.56205 0.032075 
0.56238 0.032043 
0.56270 0.032011 
0.56303 0.031980 
0.56336 0.031948 
0.56368 0.031918 
0.56401 0.031887 
0.56434 0.031856 
0.56466 0.031823 
0.56499 0.031790 
0.56532 0.031759 
0.56564 0.031729 
0.56597 0.031697 
0.56630 0.031665 
0.56662 0.031633 
0.56695 0.031599 
0.56728 0.031568 
0.56760 0.031535 
0.56793 0.031505 
0.56826 0.031473 
0.56858 0.031442 
0.56891 0.031408 
0.56924 0.031378 
0.56956 0.031348 
0.56989 0.031318 
0.57022 0.031286 
0.57054 0.031256 
0.57087 0.031226 
0.57120 0.031195 
0.57152 0.031165 
0.57185 0.031135 
0.57218 0.031104 
0.57250 0.031073 
0.57283 0.031042 
0.57315 0.031010 
0.57348 0.030979 
0.57381 0.030949 
0.57413 0.030917 
0.57446 0.030887 
0.57479 0.030857 
0.57511 0.030825 
0.57544 0.030793 
0.57577 0.030762 
0.57609 0.030734 
0.57642 0.030703 
0.57675 0.030675 
0.57707 0.030646 
0.57740 0.030615 
0.57773 0.030585 
0.57805 0.030554 
0.57838 0.030524 
0.57871 0.030494 
0.57903 0.030463 
0.57936 0.030433 
0.57969 0.030405 
0.58001 0.030374 
0.58034 0.030345 
0.58067 0.030314 
0.58099 0.030285 
0.58132 0.030254 
0.58165 0.030225 
0.58197 0.030195 
0.58230 0.030165 
0.58263 0.030136 
0.58295 0.030107 
0.58328 0.030075 
0.58361 0.030045 
0.58393 0.030017 
0.58426 0.029989 
0.58459 0.029958 
0.58491 0.029928 
0.58524 0.029899 
0.58556 0.029870 
0.58589 0.029842 
0.58622 0.029815 
0.58654 0.029786 
0.58687 0.029758 
0.58720 0.029729 
0.58752 0.029702 
0.58785 0.029674 
0.58818 0.029645 
0.58850 0.029615 
0.58883 0.029588 
0.58916 0.029559 
0.58948 0.029530 
0.58981 0.029501 
0.59014 0.029472 
0.59046 0.029444 
0.59079 0.029419 
0.59112 0.029392 
0.59144 0.029364 
0.59177 0.029336 
0.59210 0.029309 
0.59242 0.029281 
0.59275 0.029253 
0.59308 0.029225 
0.59340 0.029198 
0.59373 0.029169 
0.59406 0.029142 
0.59438 0.029116 
0.59471 0.029089 
0.59504 0.029061 
0.59536 0.029032 
0.59569 0.029004 
0.59602 0.028977 
0.59634 0.028950 
0.59667 0.028922 
0.59700 0.028895 
0.59732 0.028867 
0.59765 0.028838 
0.59798 0.028812 
0.59830 0.028784 
0.59863 0.028755 
0.59895 0.028727 
0.59928 0.028700 
0.59961 0.028673 
0.59993 0.028645 
0.60026 0.028617 
0.60059 0.028590 
0.60091 0.028563 
0.60124 0.028537 
0.60157 0.028509 
0.60189 0.028482 
0.60222 0.028456 
0.60255 0.028428 
0.60287 0.028402 
0.60320 0.028373 
0.60353 0.028347 
0.60385 0.028319 
0.60418 0.028292 
0.60451 0.028264 
0.60483 0.028237 
0.60516 0.028212 
0.60549 0.028187 
0.60581 0.028160 
0.60614 0.028135 
0.60647 0.028108 
0.60679 0.028083 
0.60712 0.028058 
0.60745 0.028032 
0.60777 0.028005 
0.60810 0.027979 
0.60843 0.027952 
0.60875 0.027926 
0.60908 0.027902 
0.60941 0.027876 
0.60973 0.027851 
0.61006 0.027825 
0.61039 0.027799 
0.61071 0.027775 
0.61104 0.027750 
0.61137 0.027725 
0.61169 0.027699 
0.61202 0.027673 
0.61234 0.027647 
0.61267 0.027622 
0.61300 0.027596 
0.61332 0.027569 
0.61365 0.027542 
0.61398 0.027516 
0.61430 0.027488 
0.61463 0.027462 
0.61496 0.027435 
0.61528 0.027410 
0.61561 0.027385 
0.61594 0.027359 
0.61626 0.027334 
0.61659 0.027310 
0.61692 0.027284 
0.61724 0.027258 
0.61757 0.027232 
0.61790 0.027207 
0.61822 0.027183 
0.61855 0.027158 
0.61888 0.027133 
0.61920 0.027108 
0.61953 0.027084 
0.61986 0.027060 
0.62018 0.027037 
0.62051 0.027013 
0.62084 0.026988 
0.62116 0.026964 
0.62149 0.026938 
0.62182 0.026914 
0.62214 0.026890 
0.62247 0.026865 
0.62280 0.026841 
0.62312 0.026817 
0.62345 0.026792 
0.62378 0.026766 
0.62410 0.026741 
0.62443 0.026716 
0.62476 0.026690 
0.62508 0.026666 
0.62541 0.026642 
0.62573 0.026617 
0.62606 0.026592 
0.62639 0.026568 
0.62671 0.026545 
0.62704 0.026519 
0.62737 0.026495 
0.62769 0.026471 
0.62802 0.026446 
0.62835 0.026422 
0.62867 0.026398 
0.62900 0.026374 
0.62933 0.026351 
0.62965 0.026326 
0.62998 0.026302 
0.63031 0.026277 
0.63063 0.026254 
0.63096 0.026230 
0.63129 0.026206 
0.63161 0.026181 
0.63194 0.026156 
0.63227 0.026132 
0.63259 0.026109 
0.63292 0.026084 
0.63325 0.026060 
0.63357 0.026037 
0.63390 0.026013 
0.63423 0.025990 
0.63455 0.025966 
0.63488 0.025943 
0.63521 0.025921 
0.63553 0.025897 
0.63586 0.025874 
0.63619 0.025852 
0.63651 0.025829 
0.63684 0.025806 
0.63717 0.025783 
0.63749 0.025760 
0.63782 0.025736 
0.63815 0.025712 
0.63847 0.025690 
0.63880 0.025665 
0.63912 0.025643 
0.63945 0.025620 
0.63978 0.025598 
0.64010 0.025575 
0.64043 0.025552 
0.64076 0.025530 
0.64108 0.025508 
0.64141 0.025486 
0.64174 0.025463 
0.64206 0.025441 
0.64239 0.025418 
0.64272 0.025396 
0.64304 0.025374 
0.64337 0.025352 
0.64370 0.025330 
0.64402 0.025308 
0.64435 0.025286 
0.64468 0.025264 
0.64500 0.025243 
0.64533 0.025221 
0.64566 0.025198 
0.64598 0.025175 
0.64631 0.025154 
0.64664 0.025133 
0.64696 0.025111 
0.64729 0.025089 
0.64762 0.025067 
0.64794 0.025045 
0.64827 0.025022 
0.64860 0.025000 
0.64892 0.024978 
0.64925 0.024956 
0.64958 0.024934 
0.64990 0.024911 
0.65023 0.024889 
0.65056 0.024868 
0.65088 0.024847 
0.65121 0.024825 
0.65153 0.024803 
0.65186 0.024779 
0.65219 0.024758 
0.65251 0.024737 
0.65284 0.024716 
0.65317 0.024692 
0.65349 0.024670 
0.65382 0.024650 
0.65415 0.024629 
0.65447 0.024607 
0.65480 0.024586 
0.65513 0.024564 
0.65545 0.024543 
0.65578 0.024521 
0.65611 0.024500 
0.65643 0.024478 
0.65676 0.024457 
0.65709 0.024436 
0.65741 0.024415 
0.65774 0.024395 
0.65807 0.024373 
0.65839 0.024352 
0.65872 0.024330 
0.65905 0.024310 
0.65937 0.024288 
0.65970 0.024267 
0.66003 0.024246 
0.66035 0.024226 
0.66068 0.024205 
0.66101 0.024185 
0.66133 0.024165 
0.66166 0.024144 
0.66199 0.024124 
0.66231 0.024104 
0.66264 0.024082 
0.66297 0.024061 
0.66329 0.024041 
0.66362 0.024020 
0.66395 0.024000 
0.66427 0.023979 
0.66460 0.023959 
0.66492 0.023939 
0.66525 0.023919 
0.66558 0.023898 
0.66590 0.023879 
0.66623 0.023859 
0.66656 0.023838 
0.66688 0.023817 
0.66721 0.023798 
0.66754 0.023778 
0.66786 0.023758 
0.66819 0.023736 
0.66852 0.023714 
0.66884 0.023696 
0.66917 0.023675 
0.66950 0.023655 
0.66982 0.023635 
0.67015 0.023615 
0.67048 0.023595 
0.67080 0.023575 
0.67113 0.023555 
0.67146 0.023535 
0.67178 0.023514 
0.67211 0.023494 
0.67244 0.023475 
0.67276 0.023455 
0.67309 0.023436 
0.67342 0.023416 
0.67374 0.023396 
0.67407 0.023376 
0.67440 0.023357 
0.67472 0.023336 
0.67505 0.023317 
0.67538 0.023297 
0.67570 0.023278 
0.67603 0.023258 
0.67636 0.023237 
0.67668 0.023218 
0.67701 0.023198 
0.67734 0.023179 
0.67766 0.023160 
0.67799 0.023140 
0.67831 0.023121 
0.67864 0.023102 
0.67897 0.023082 
0.67929 0.023063 
0.67962 0.023043 
0.67995 0.023025 
0.68027 0.023005 
0.68060 0.022987 
0.68093 0.022967 
0.68125 0.022948 
0.68158 0.022930 
0.68191 0.022910 
0.68223 0.022890 
0.68256 0.022871 
0.68289 0.022852 
0.68321 0.022833 
0.68354 0.022813 
0.68387 0.022794 
0.68419 0.022774 
0.68452 0.022756 
0.68485 0.022738 
0.68517 0.022719 
0.68550 0.022700 
0.68583 0.022681 
0.68615 0.022662 
0.68648 0.022643 
0.68681 0.022624 
0.68713 0.022604 
0.68746 0.022586 
0.68779 0.022567 
0.68811 0.022549 
0.68844 0.022530 
0.68877 0.022511 
0.68909 0.022492 
0.68942 0.022474 
0.68975 0.022455 
0.69007 0.022437 
0.69040 0.022418 
0.69073 0.022398 
0.69105 0.022380 
0.69138 0.022362 
0.69170 0.022344 
0.69203 0.022325 
0.69236 0.022306 
0.69268 0.022288 
0.69301 0.022270 
0.69334 0.022251 
0.69366 0.022232 
0.69399 0.022212 
0.69432 0.022194 
0.69464 0.022175 
0.69497 0.022157 
0.69530 0.022139 
0.69562 0.022121 
0.69595 0.022103 
0.69628 0.022084 
0.69660 0.022065 
0.69693 0.022047 
0.69726 0.022030 
0.69758 0.022011 
0.69791 0.021994 
0.69824 0.021976 
0.69856 0.021958 
0.69889 0.021940 
0.69922 0.021921 
0.69954 0.021902 
0.69987 0.021884 
0.70020 0.021866 
0.70052 0.021847 
0.70085 0.021828 
0.70118 0.021811 
0.70150 0.021792 
0.70183 0.021774 
0.70216 0.021756 
0.70248 0.021739 
0.70281 0.021722 
0.70314 0.021704 
0.70346 0.021687 
0.70379 0.021669 
0.70411 0.021651 
0.70444 0.021633 
0.70477 0.021616 
0.70509 0.021598 
0.70542 0.021581 
0.70575 0.021563 
0.70607 0.021546 
0.70640 0.021528 
0.70673 0.021510 
0.70705 0.021493 
0.70738 0.021475 
0.70771 0.021458 
0.70803 0.021440 
0.70836 0.021423 
0.70869 0.021405 
0.70901 0.021387 
0.70934 0.021370 
0.70967 0.021354 
0.70999 0.021336 
0.71032 0.021319 
0.71065 0.021301 
0.71097 0.021285 
0.71130 0.021267 
0.71163 0.021249 
0.71195 0.021233 
0.71228 0.021216 
0.71261 0.021199 
0.71293 0.021182 
0.71326 0.021164 
0.71359 0.021147 
0.71391 0.021130 
0.71424 0.021112 
0.71457 0.021095 
0.71489 0.021079 
0.71522 0.021063 
0.71555 0.021045 
0.71587 0.021029 
0.71620 0.021012 
0.71653 0.020996 
0.71685 0.020978 
0.71718 0.020961 
0.71750 0.020945 
0.71783 0.020928 
0.71816 0.020911 
0.71848 0.020894 
0.71881 0.020877 
0.71914 0.020860 
0.71946 0.020843 
0.71979 0.020827 
0.72012 0.020810 
0.72044 0.020793 
0.72077 0.020776 
0.72110 0.020760 
0.72142 0.020744 
0.72175 0.020728 
0.72208 0.020711 
0.72240 0.020695 
0.72273 0.020678 
0.72306 0.020661 
0.72338 0.020645 
0.72371 0.020629 
0.72404 0.020612 
0.72436 0.020596 
0.72469 0.020579 
0.72502 0.020562 
0.72534 0.020545 
0.72567 0.020529 
0.72600 0.020513 
0.72632 0.020496 
0.72665 0.020480 
0.72698 0.020463 
0.72730 0.020446 
0.72763 0.020430 
0.72796 0.020414 
0.72828 0.020397 
0.72861 0.020381 
0.72894 0.020366 
0.72926 0.020350 
0.72959 0.020333 
0.72992 0.020318 
0.73024 0.020302 
0.73057 0.020285 
0.73089 0.020270 
0.73122 0.020254 
0.73155 0.020238 
0.73187 0.020223 
0.73220 0.020207 
0.73253 0.020190 
0.73285 0.020174 
0.73318 0.020158 
0.73351 0.020143 
0.73383 0.020128 
0.73416 0.020113 
0.73449 0.020096 
0.73481 0.020080 
0.73514 0.020064 
0.73547 0.020048 
0.73579 0.020032 
0.73612 0.020016 
0.73645 0.020001 
0.73677 0.019986 
0.73710 0.019970 
0.73743 0.019954 
0.73775 0.019938 
0.73808 0.019923 
0.73841 0.019907 
0.73873 0.019891 
0.73906 0.019875 
0.73939 0.019859 
0.73971 0.019845 
0.74004 0.019829 
0.74037 0.019813 
0.74069 0.019798 
0.74102 0.019783 
0.74135 0.019768 
0.74167 0.019752 
0.74200 0.019737 
0.74233 0.019722 
0.74265 0.019707 
0.74298 0.019691 
0.74331 0.019677 
0.74363 0.019662 
0.74396 0.019646 
0.74428 0.019631 
0.74461 0.019615 
0.74494 0.019600 
0.74526 0.019585 
0.74559 0.019570 
0.74592 0.019555 
0.74624 0.019540 
0.74657 0.019525 
0.74690 0.019510 
0.74722 0.019495 
0.74755 0.019480 
0.74788 0.019465 
0.74820 0.019450 
0.74853 0.019435 
0.74886 0.019420 
0.74918 0.019406 
0.74951 0.019391 
0.74984 0.019376 
0.75016 0.019361 
0.75049 0.019346 
0.75082 0.019331 
0.75114 0.019317 
0.75147 0.019302 
0.75180 0.019288 
0.75212 0.019272 
0.75245 0.019257 
0.75278 0.019242 
0.75310 0.019227 
0.75343 0.019213 
0.75376 0.019198 
0.75408 0.019183 
0.75441 0.019168 
0.75474 0.019153 
0.75506 0.019139 
0.75539 0.019124 
0.75572 0.019109 
0.75604 0.019095 
0.75637 0.019080 
0.75669 0.019066 
0.75702 0.019051 
0.75735 0.019036 
0.75767 0.019022 
0.75800 0.019008 
0.75833 0.018993 
0.75865 0.018979 
0.75898 0.018964 
0.75931 0.018948 
0.75963 0.018934 
0.75996 0.018920 
0.76029 0.018905 
0.76061 0.018890 
0.76094 0.018876 
0.76127 0.018862 
0.76159 0.018848 
0.76192 0.018834 
0.76225 0.018819 
0.76257 0.018804 
0.76290 0.018791 
0.76323 0.018777 
0.76355 0.018763 
0.76388 0.018748 
0.76421 0.018734 
0.76453 0.018719 
0.76486 0.018705 
0.76519 0.018691 
0.76551 0.018677 
0.76584 0.018663 
0.76617 0.018648 
0.76649 0.018634 
0.76682 0.018620 
0.76715 0.018606 
0.76747 0.018592 
0.76780 0.018578 
0.76813 0.018563 
0.76845 0.018550 
0.76878 0.018536 
0.76911 0.018521 
0.76943 0.018508 
0.76976 0.018494 
0.77008 0.018480 
0.77041 0.018466 
0.77074 0.018453 
0.77106 0.018439 
0.77139 0.018424 
0.77172 0.018410 
0.77204 0.018397 
0.77237 0.018383 
0.77270 0.018369 
0.77302 0.018355 
0.77335 0.018341 
0.77368 0.018328 
0.77400 0.018314 
0.77433 0.018300 
0.77466 0.018287 
0.77498 0.018274 
0.77531 0.018260 
0.77564 0.018247 
0.77596 0.018234 
0.77629 0.018220 
0.77662 0.018206 
0.77694 0.018192 
0.77727 0.018178 
0.77760 0.018164 
0.77792 0.018151 
0.77825 0.018137 
0.77858 0.018124 
0.77890 0.018110 
0.77923 0.018097 
0.77956 0.018083 
0.77988 0.018070 
0.78021 0.018056 
0.78054 0.018043 
0.78086 0.018030 
0.78119 0.018017 
0.78152 0.018003 
0.78184 0.017990 
0.78217 0.017977 
0.78250 0.017963 
0.78282 0.017951 
0.78315 0.017937 
0.78347 0.017924 
0.78380 0.017911 
0.78413 0.017898 
0.78445 0.017885 
0.78478 0.017872 
0.78511 0.017859 
0.78543 0.017846 
0.78576 0.017833 
0.78609 0.017820 
0.78641 0.017807 
0.78674 0.017794 
0.78707 0.017780 
0.78739 0.017767 
0.78772 0.017754 
0.78805 0.017741 
0.78837 0.017728 
0.78870 0.017715 
0.78903 0.017702 
0.78935 0.017689 
0.78968 0.017676 
0.79001 0.017663 
0.79033 0.017650 
0.79066 0.017638 
0.79099 0.017624 
0.79131 0.017611 
0.79164 0.017598 
0.79197 0.017585 
0.79229 0.017572 
0.79262 0.017559 
0.79295 0.017546 
0.79327 0.017534 
0.79360 0.017520 
0.79393 0.017508 
0.79425 0.017495 
0.79458 0.017482 
0.79491 0.017469 
0.79523 0.017457 
0.79556 0.017444 
0.79589 0.017431 
0.79621 0.017418 
0.79654 0.017406 
0.79686 0.017393 
0.79719 0.017380 
0.79752 0.017368 
0.79784 0.017355 
0.79817 0.017342 
0.79850 0.017330 
0.79882 0.017317 
0.79915 0.017304 
0.79948 0.017291 
0.79980 0.017279 
0.80013 0.017266 
0.80046 0.017253 
0.80078 0.017241 
0.80111 0.017228 
0.80144 0.017215 
0.80176 0.017203 
0.80209 0.017191 
0.80242 0.017178 
0.80274 0.017165 
0.80307 0.017153 
0.80340 0.017141 
0.80372 0.017128 
0.80405 0.017115 
0.80438 0.017103 
0.80470 0.017091 
0.80503 0.017078 
0.80536 0.017066 
0.80568 0.017054 
0.80601 0.017042 
0.80634 0.017031 
0.80666 0.017018 
0.80699 0.017006 
0.80732 0.016994 
0.80764 0.016982 
0.80797 0.016969 
0.80830 0.016957 
0.80862 0.016945 
0.80895 0.016933 
0.80927 0.016921 
0.80960 0.016909 
0.80993 0.016897 
0.81025 0.016885 
0.81058 0.016872 
0.81091 0.016860 
0.81123 0.016848 
0.81156 0.016837 
0.81189 0.016825 
0.81221 0.016813 
0.81254 0.016801 
0.81287 0.016789 
0.81319 0.016777 
0.81352 0.016766 
0.81385 0.016754 
0.81417 0.016741 
0.81450 0.016729 
0.81483 0.016718 
0.81515 0.016706 
0.81548 0.016693 
0.81581 0.016681 
0.81613 0.016669 
0.81646 0.016657 
0.81679 0.016645 
0.81711 0.016633 
0.81744 0.016621 
0.81777 0.016609 
0.81809 0.016597 
0.81842 0.016585 
0.81875 0.016573 
0.81907 0.016561 
0.81940 0.016549 
0.81973 0.016537 
0.82005 0.016526 
0.82038 0.016514 
0.82071 0.016502 
0.82103 0.016491 
0.82136 0.016479 
0.82169 0.016467 
0.82201 0.016456 
0.82234 0.016444 
0.82266 0.016432 
0.82299 0.016420 
0.82332 0.016408 
0.82364 0.016396 
0.82397 0.016384 
0.82430 0.016373 
0.82462 0.016361 
0.82495 0.016350 
0.82528 0.016338 
0.82560 0.016326 
0.82593 0.016315 
0.82626 0.016303 
0.82658 0.016291 
0.82691 0.016279 
0.82724 0.016268 
0.82756 0.016256 
0.82789 0.016245 
0.82822 0.016234 
0.82854 0.016222 
0.82887 0.016211 
0.82920 0.016200 
0.82952 0.016188 
0.82985 0.016177 
0.83018 0.016166 
0.83050 0.016155 
0.83083 0.016143 
0.83116 0.016132 
0.83148 0.016120 
0.83181 0.016109 
0.83214 0.016097 
0.83246 0.016085 
0.83279 0.016073 
0.83312 0.016062 
0.83344 0.016051 
0.83377 0.016039 
0.83410 0.016027 
0.83442 0.016016 
0.83475 0.016005 
0.83508 0.015993 
0.83540 0.015982 
0.83573 0.015971 
0.83605 0.015959 
0.83638 0.015948 
0.83671 0.015937 
0.83703 0.015927 
0.83736 0.015916 
0.83769 0.015904 
0.83801 0.015893 
0.83834 0.015882 
0.83867 0.015871 
0.83899 0.015860 
0.83932 0.015850 
0.83965 0.015838 
0.83997 0.015827 
0.84030 0.015817 
0.84063 0.015805 
0.84095 0.015794 
0.84128 0.015783 
0.84161 0.015772 
0.84193 0.015761 
0.84226 0.015750 
0.84259 0.015739 
0.84291 0.015728 
0.84324 0.015717 
0.84357 0.015706 
0.84389 0.015695 
0.84422 0.015684 
0.84455 0.015673 
0.84487 0.015662 
0.84520 0.015650 
0.84553 0.015639 
0.84585 0.015627 
0.84618 0.015616 
0.84651 0.015605 
0.84683 0.015594 
0.84716 0.015583 
0.84749 0.015573 
0.84781 0.015562 
0.84814 0.015551 
0.84847 0.015540 
0.84879 0.015529 
0.84912 0.015518 
0.84944 0.015507 
0.84977 0.015497 
0.85010 0.015486 
0.85042 0.015475 
0.85075 0.015464 
0.85108 0.015454 
0.85140 0.015443 
0.85173 0.015432 
0.85206 0.015421 
0.85238 0.015411 
0.85271 0.015401 
0.85304 0.015390 
0.85336 0.015379 
0.85369 0.015368 
0.85402 0.015358 
0.85434 0.015347 
0.85467 0.015336 
0.85500 0.015325 
0.85532 0.015314 
0.85565 0.015304 
0.85598 0.015293 
0.85630 0.015283 
0.85663 0.015272 
0.85696 0.015262 
0.85728 0.015251 
0.85761 0.015241 
0.85794 0.015231 
0.85826 0.015220 
0.85859 0.015210 
0.85892 0.015199 
0.85924 0.015188 
0.85957 0.015178 
0.85990 0.015168 
0.86022 0.015157 
0.86055 0.015147 
0.86088 0.015137 
0.86120 0.015126 
0.86153 0.015116 
0.86185 0.015106 
0.86218 0.015096 
0.86251 0.015086 
0.86283 0.015075 
0.86316 0.015065 
0.86349 0.015054 
0.86381 0.015044 
0.86414 0.015033 
0.86447 0.015023 
0.86479 0.015013 
0.86512 0.015002 
0.86545 0.014992 
0.86577 0.014982 
0.86610 0.014971 
0.86643 0.014961 
0.86675 0.014951 
0.86708 0.014940 
0.86741 0.014930 
0.86773 0.014919 
0.86806 0.014909 
0.86839 0.014899 
0.86871 0.014888 
0.86904 0.014878 
0.86937 0.014868 
0.86969 0.014858 
0.87002 0.014847 
0.87035 0.014837 
0.87067 0.014827 
0.87100 0.014816 
0.87133 0.014806 
0.87165 0.014796 
0.87198 0.014786 
0.87231 0.014775 
0.87263 0.014765 
0.87296 0.014755 
0.87329 0.014745 
0.87361 0.014735 
0.87394 0.014725 
0.87427 0.014715 
0.87459 0.014704 
0.87492 0.014695 
0.87524 0.014684 
0.87557 0.014674 
0.87590 0.014664 
0.87622 0.014654 
0.87655 0.014644 
0.87688 0.014634 
0.87720 0.014624 
0.87753 0.014614 
0.87786 0.014604 
0.87818 0.014594 
0.87851 0.014584 
0.87884 0.014574 
0.87916 0.014564 
0.87949 0.014555 
0.87982 0.014545 
0.88014 0.014535 
0.88047 0.014525 
0.88080 0.014515 
0.88112 0.014505 
0.88145 0.014495 
0.88178 0.014485 
0.88210 0.014475 
0.88243 0.014465 
0.88276 0.014456 
0.88308 0.014446 
0.88341 0.014436 
0.88374 0.014426 
0.88406 0.014416 
0.88439 0.014407 
0.88472 0.014397 
0.88504 0.014387 
0.88537 0.014377 
0.88570 0.014368 
0.88602 0.014358 
0.88635 0.014348 
0.88668 0.014338 
0.88700 0.014329 
0.88733 0.014319 
0.88766 0.014310 
0.88798 0.014300 
0.88831 0.014290 
0.88863 0.014281 
0.88896 0.014271 
0.88929 0.014261 
0.88961 0.014252 
0.88994 0.014242 
0.89027 0.014233 
0.89059 0.014223 
0.89092 0.014213 
0.89125 0.014204 
0.89157 0.014195 
0.89190 0.014186 
0.89223 0.014176 
0.89255 0.014167 
0.89288 0.014157 
0.89321 0.014148 
0.89353 0.014138 
0.89386 0.014129 
0.89419 0.014119 
0.89451 0.014110 
0.89484 0.014100 
0.89517 0.014091 
0.89549 0.014081 
0.89582 0.014072 
0.89615 0.014062 
0.89647 0.014053 
0.89680 0.014043 
0.89713 0.014034 
0.89745 0.014024 
0.89778 0.014014 
0.89811 0.014004 
0.89843 0.013995 
0.89876 0.013986 
0.89909 0.013976 
0.89941 0.013967 
0.89974 0.013958 
0.90007 0.013948 
0.90039 0.013939 
0.90072 0.013930 
0.90105 0.013920 
0.90137 0.013911 
0.90170 0.013902 
0.90202 0.013892 
0.90235 0.013883 
0.90268 0.013874 
0.90300 0.013865 
0.90333 0.013855 
0.90366 0.013846 
0.90398 0.013837 
0.90431 0.013827 
0.90464 0.013818 
0.90496 0.013809 
0.90529 0.013800 
0.90562 0.013790 
0.90594 0.013781 
0.90627 0.013772 
0.90660 0.013763 
0.90692 0.013754 
0.90725 0.013745 
0.90758 0.013736 
0.90790 0.013726 
0.90823 0.013717 
0.90856 0.013708 
0.90888 0.013699 
0.90921 0.013690 
0.90954 0.013681 
0.90986 0.013672 
0.91019 0.013664 
0.91052 0.013655 
0.91084 0.013646 
0.91117 0.013637 
0.91150 0.013628 
0.91182 0.013619 
0.91215 0.013610 
0.91248 0.013601 
0.91280 0.013592 
0.91313 0.013583 
0.91346 0.013574 
0.91378 0.013565 
0.91411 0.013556 
0.91444 0.013547 
0.91476 0.013539 
0.91509 0.013530 
0.91541 0.013520 
0.91574 0.013511 
0.91607 0.013502 
0.91639 0.013494 
0.91672 0.013485 
0.91705 0.013475 
0.91737 0.013467 
0.91770 0.013458 
0.91803 0.013448 
0.91835 0.013439 
0.91868 0.013430 
0.91901 0.013422 
0.91933 0.013413 
0.91966 0.013403 
0.91999 0.013394 
0.92031 0.013385 
0.92064 0.013376 
0.92097 0.013367 
0.92129 0.013359 
0.92162 0.013350 
0.92195 0.013340 
0.92227 0.013331 
0.92260 0.013322 
0.92293 0.013314 
0.92325 0.013305 
0.92358 0.013296 
0.92391 0.013287 
0.92423 0.013278 
0.92456 0.013269 
0.92489 0.013260 
0.92521 0.013252 
0.92554 0.013243 
0.92587 0.013234 
0.92619 0.013225 
0.92652 0.013216 
0.92685 0.013208 
0.92717 0.013199 
0.92750 0.013190 
0.92782 0.013181 
0.92815 0.013173 
0.92848 0.013164 
0.92880 0.013156 
0.92913 0.013147 
0.92946 0.013138 
0.92978 0.013129 
0.93011 0.013121 
0.93044 0.013112 
0.93076 0.013103 
0.93109 0.013095 
0.93142 0.013086 
0.93174 0.013077 
0.93207 0.013069 
0.93240 0.013060 
0.93272 0.013051 
0.93305 0.013043 
0.93338 0.013034 
0.93370 0.013026 
0.93403 0.013017 
0.93436 0.013009 
0.93468 0.013000 
0.93501 0.012991 
0.93534 0.012983 
0.93566 0.012974 
0.93599 0.012966 
0.93632 0.012957 
0.93664 0.012949 
0.93697 0.012940 
0.93730 0.012932 
0.93762 0.012923 
0.93795 0.012915 
0.93828 0.012906 
0.93860 0.012898 
0.93893 0.012890 
0.93926 0.012881 
0.93958 0.012873 
0.93991 0.012864 
0.94024 0.012856 
0.94056 0.012847 
0.94089 0.012839 
0.94121 0.012830 
0.94154 0.012822 
0.94187 0.012814 
0.94219 0.012805 
0.94252 0.012797 
0.94285 0.012789 
0.94317 0.012780 
0.94350 0.012772 
0.94383 0.012764 
0.94415 0.012755 
0.94448 0.012747 
0.94481 0.012739 
0.94513 0.012730 
0.94546 0.012722 
0.94579 0.012714 
0.94611 0.012705 
0.94644 0.012697 
0.94677 0.012689 
0.94709 0.012680 
0.94742 0.012672 
0.94775 0.012664 
0.94807 0.012656 
0.94840 0.012647 
0.94873 0.012639 
0.94905 0.012631 
0.94938 0.012623 
0.94971 0.012615 
0.95003 0.012606 
0.95036 0.012598 
0.95069 0.012590 
0.95101 0.012582 
0.95134 0.012574 
0.95167 0.012565 
0.95199 0.012557 
0.95232 0.012549 
0.95265 0.012541 
0.95297 0.012533 
0.95330 0.012525 
0.95363 0.012516 
0.95395 0.012508 
0.95428 0.012500 
0.95460 0.012492 
0.95493 0.012484 
0.95526 0.012476 
0.95558 0.012468 
0.95591 0.012460 
0.95624 0.012452 
0.95656 0.012444 
0.95689 0.012436 
0.95722 0.012428 
0.95754 0.012420 
0.95787 0.012412 
0.95820 0.012404 
0.95852 0.012396 
0.95885 0.012388 
0.95918 0.012380 
0.95950 0.012371 
0.95983 0.012363 
0.96016 0.012355 
0.96048 0.012347 
0.96081 0.012339 
0.96114 0.012331 
0.96146 0.012323 
0.96179 0.012315 
0.96212 0.012307 
0.96244 0.012299 
0.96277 0.012290 
0.96310 0.012282 
0.96342 0.012274 
0.96375 0.012266 
0.96408 0.012258 
0.96440 0.012250 
0.96473 0.012242 
0.96506 0.012234 
0.96538 0.012226 
0.96571 0.012218 
0.96604 0.012210 
0.96636 0.012202 
0.96669 0.012194 
0.96702 0.012186 
0.96734 0.012178 
0.96767 0.012171 
0.96799 0.012163 
0.96832 0.012155 
0.96865 0.012147 
0.96897 0.012139 
0.96930 0.012131 
0.96963 0.012123 
0.96995 0.012115 
0.97028 0.012107 
0.97061 0.012099 
0.97093 0.012091 
0.97126 0.012083 
0.97159 0.012076 
0.97191 0.012068 
0.97224 0.012060 
0.97257 0.012052 
0.97289 0.012044 
0.97322 0.012036 
0.97355 0.012028 
0.97387 0.012021 
0.97420 0.012013 
0.97453 0.012005 
0.97485 0.011997 
0.97518 0.011990 
0.97551 0.011982 
0.97583 0.011974 
0.97616 0.011967 
0.97649 0.011959 
0.97681 0.011951 
0.97714 0.011944 
0.97747 0.011936 
0.97779 0.011928 
0.97812 0.011920 
0.97845 0.011913 
0.97877 0.011905 
0.97910 0.011897 
0.97943 0.011890 
0.97975 0.011882 
0.98008 0.011874 
0.98040 0.011867 
0.98073 0.011859 
0.98106 0.011851 
0.98138 0.011844 
0.98171 0.011836 
0.98204 0.011829 
0.98236 0.011821 
0.98269 0.011813 
0.98302 0.011806 
0.98334 0.011798 
0.98367 0.011791 
0.98400 0.011783 
0.98432 0.011775 
0.98465 0.011768 
0.98498 0.011760 
0.98530 0.011753 
0.98563 0.011745 
0.98596 0.011738 
0.98628 0.011730 
0.98661 0.011723 
0.98694 0.011715 
0.98726 0.011708 
0.98759 0.011700 
0.98792 0.011693 
0.98824 0.011685 
0.98857 0.011678 
0.98890 0.011670 
0.98922 0.011663 
0.98955 0.011655 
0.98988 0.011648 
0.99020 0.011640 
0.99053 0.011633 
0.99086 0.011626 
0.99118 0.011618 
0.99151 0.011611 
0.99184 0.011603 
0.99216 0.011596 
0.99249 0.011588 
0.99282 0.011581 
0.99314 0.011574 
0.99347 0.011566 
0.99379 0.011559 
0.99412 0.011551 
0.99445 0.011544 
0.99477 0.011537 
0.99510 0.011529 
0.99543 0.011522 
0.99575 0.011515 
0.99608 0.011507 
0.99641 0.011500 
0.99673 0.011493 
0.99706 0.011485 
0.99739 0.011478 
0.99771 0.011471 
0.99804 0.011463 
0.99837 0.011456 
0.99869 0.011449 
0.99902 0.011442 
0.99935 0.011434 
0.99967 0.011427 
1.00000 0.011420 
