1 1
0.00067 1.000000 
0.00100 1.000000 
0.00134 1.000000 
0.00167 1.000000 
0.00200 1.000000 
0.00234 1.000000 
0.00267 1.000000 
0.00301 1.000000 
0.00334 1.000000 
0.00368 1.000000 
0.00401 1.000000 
0.00434 1.000000 
0.00468 1.000000 
0.00501 1.000000 
0.00535 1.000000 
0.00568 1.000000 
0.00601 1.000000 
0.00635 1.000000 
0.00668 1.000000 
0.00702 1.000000 
0.00735 1.000000 
0.00768 1.000000 
0.00802 1.000000 
0.00835 1.000000 
0.00869 1.000000 
0.00902 1.000000 
0.00936 1.000000 
0.00969 1.000000 
0.01002 1.000000 
0.01036 1.000000 
0.01069 1.000000 
0.01103 1.000000 
0.01136 1.000000 
0.01169 1.000000 
0.01203 1.000000 
0.01236 0.998498 
0.01270 0.998578 
0.01303 0.998650 
0.01336 0.998718 
0.01370 0.998780 
0.01403 0.998839 
0.01437 0.998893 
0.01470 0.998943 
0.01504 0.998990 
0.01537 0.999034 
0.01570 0.999075 
0.01604 0.999113 
0.01637 0.999150 
0.01671 0.999184 
0.01704 0.996863 
0.01737 0.993967 
0.01771 0.994194 
0.01804 0.993711 
0.01838 0.993939 
0.01871 0.993506 
0.01904 0.992481 
0.01938 0.992136 
0.01971 0.992402 
0.02005 0.992090 
0.02038 0.991803 
0.02072 0.991010 
0.02105 0.989759 
0.02138 0.988095 
0.02172 0.986058 
0.02205 0.983683 
0.02239 0.982813 
0.02272 0.980246 
0.02305 0.973998 
0.02339 0.972257 
0.02372 0.971026 
0.02406 0.969484 
0.02439 0.968037 
0.02472 0.964087 
0.02506 0.962162 
0.02539 0.960351 
0.02573 0.957963 
0.02606 0.953047 
0.02639 0.950665 
0.02673 0.949051 
0.02706 0.945679 
0.02740 0.943993 
0.02773 0.941522 
0.02807 0.941193 
0.02840 0.940336 
0.02873 0.940082 
0.02907 0.937717 
0.02940 0.934431 
0.02974 0.932840 
0.03007 0.930836 
0.03040 0.927473 
0.03074 0.926421 
0.03107 0.925432 
0.03141 0.924045 
0.03174 0.921837 
0.03207 0.917105 
0.03241 0.914519 
0.03274 0.905744 
0.03308 0.905174 
0.03341 0.899798 
0.03375 0.896436 
0.03408 0.893225 
0.03441 0.887874 
0.03475 0.886669 
0.03508 0.883516 
0.03542 0.880683 
0.03575 0.878681 
0.03608 0.876255 
0.03642 0.872409 
0.03675 0.866555 
0.03709 0.862735 
0.03742 0.860199 
0.03775 0.857459 
0.03809 0.855768 
0.03842 0.850191 
0.03876 0.844828 
0.03909 0.840996 
0.03943 0.836883 
0.03976 0.834639 
0.04009 0.831232 
0.04043 0.828237 
0.04076 0.826040 
0.04110 0.822471 
0.04143 0.819302 
0.04176 0.814194 
0.04210 0.810032 
0.04243 0.803400 
0.04277 0.800197 
0.04310 0.795179 
0.04343 0.788432 
0.04377 0.783206 
0.04410 0.780130 
0.04444 0.776601 
0.04477 0.771855 
0.04511 0.768933 
0.04544 0.766340 
0.04577 0.764062 
0.04611 0.761769 
0.04644 0.759566 
0.04678 0.757554 
0.04711 0.755826 
0.04744 0.750375 
0.04778 0.746183 
0.04811 0.739899 
0.04845 0.737452 
0.04878 0.734341 
0.04911 0.732085 
0.04945 0.730006 
0.04978 0.728097 
0.05012 0.725727 
0.05045 0.723355 
0.05079 0.719676 
0.05112 0.715686 
0.05145 0.710890 
0.05179 0.707583 
0.05212 0.705294 
0.05246 0.702760 
0.05279 0.699750 
0.05312 0.696521 
0.05346 0.694811 
0.05379 0.693012 
0.05413 0.689671 
0.05446 0.686889 
0.05479 0.683376 
0.05513 0.678862 
0.05546 0.676816 
0.05580 0.674410 
0.05613 0.670088 
0.05647 0.665821 
0.05680 0.663696 
0.05713 0.659580 
0.05747 0.656127 
0.05780 0.652843 
0.05814 0.649658 
0.05847 0.646437 
0.05880 0.644026 
0.05914 0.642463 
0.05947 0.639751 
0.05981 0.636307 
0.06014 0.633830 
0.06047 0.630080 
0.06081 0.628013 
0.06114 0.626254 
0.06148 0.623782 
0.06181 0.620799 
0.06215 0.617495 
0.06248 0.614858 
0.06281 0.611731 
0.06315 0.609817 
0.06348 0.607574 
0.06382 0.606062 
0.06415 0.602094 
0.06448 0.599471 
0.06482 0.596122 
0.06515 0.592546 
0.06549 0.589430 
0.06582 0.586346 
0.06615 0.583705 
0.06649 0.582102 
0.06682 0.578744 
0.06716 0.577264 
0.06749 0.575587 
0.06782 0.572745 
0.06816 0.570125 
0.06849 0.567719 
0.06883 0.565333 
0.06916 0.563576 
0.06950 0.559922 
0.06983 0.557278 
0.07016 0.555480 
0.07050 0.553239 
0.07083 0.551596 
0.07117 0.549694 
0.07150 0.548023 
0.07183 0.545055 
0.07217 0.542162 
0.07250 0.539768 
0.07284 0.537226 
0.07317 0.534791 
0.07350 0.531963 
0.07384 0.529576 
0.07417 0.527374 
0.07451 0.525310 
0.07484 0.522902 
0.07518 0.520635 
0.07551 0.517994 
0.07584 0.515341 
0.07618 0.513100 
0.07651 0.510419 
0.07685 0.508107 
0.07718 0.505477 
0.07751 0.503097 
0.07785 0.500851 
0.07818 0.498404 
0.07852 0.495254 
0.07885 0.492824 
0.07918 0.490381 
0.07952 0.488565 
0.07985 0.485953 
0.08019 0.483368 
0.08052 0.481328 
0.08086 0.478927 
0.08119 0.476652 
0.08152 0.474803 
0.08186 0.472600 
0.08219 0.470284 
0.08253 0.468220 
0.08286 0.466534 
0.08319 0.465313 
0.08353 0.463422 
0.08386 0.461291 
0.08420 0.459432 
0.08453 0.457777 
0.08486 0.456070 
0.08520 0.453852 
0.08553 0.452175 
0.08587 0.450298 
0.08620 0.448014 
0.08654 0.446440 
0.08687 0.444996 
0.08720 0.443383 
0.08754 0.440993 
0.08787 0.438801 
0.08821 0.437234 
0.08854 0.435363 
0.08887 0.433792 
0.08921 0.431979 
0.08954 0.429957 
0.08988 0.427953 
0.09021 0.426188 
0.09054 0.423616 
0.09088 0.422374 
0.09121 0.420410 
0.09155 0.418518 
0.09188 0.417279 
0.09222 0.415310 
0.09255 0.414195 
0.09288 0.412409 
0.09322 0.410433 
0.09355 0.409037 
0.09389 0.407422 
0.09422 0.405240 
0.09455 0.403779 
0.09489 0.402503 
0.09522 0.400717 
0.09556 0.398700 
0.09589 0.396725 
0.09622 0.394841 
0.09656 0.393430 
0.09689 0.391839 
0.09723 0.390260 
0.09756 0.388575 
0.09790 0.386858 
0.09823 0.385132 
0.09856 0.383166 
0.09890 0.381516 
0.09923 0.380221 
0.09957 0.378528 
0.09990 0.376871 
0.10023 0.375920 
0.10057 0.374751 
0.10090 0.373237 
0.10124 0.371866 
0.10157 0.370006 
0.10190 0.368378 
0.10224 0.366570 
0.10257 0.365034 
0.10291 0.363531 
0.10324 0.362291 
0.10358 0.360330 
0.10391 0.358863 
0.10424 0.357490 
0.10458 0.356046 
0.10491 0.354083 
0.10525 0.352785 
0.10558 0.351396 
0.10591 0.349938 
0.10625 0.348729 
0.10658 0.347351 
0.10692 0.345631 
0.10725 0.344120 
0.10758 0.342776 
0.10792 0.341403 
0.10825 0.339984 
0.10859 0.338746 
0.10892 0.337442 
0.10925 0.336279 
0.10959 0.334862 
0.10992 0.333587 
0.11026 0.332136 
0.11059 0.330642 
0.11093 0.328905 
0.11126 0.327635 
0.11159 0.326464 
0.11193 0.325141 
0.11226 0.324005 
0.11260 0.322683 
0.11293 0.321423 
0.11326 0.320050 
0.11360 0.318688 
0.11393 0.317423 
0.11427 0.316081 
0.11460 0.314835 
0.11493 0.313462 
0.11527 0.312285 
0.11560 0.311050 
0.11594 0.309940 
0.11627 0.308854 
0.11661 0.307578 
0.11694 0.306214 
0.11727 0.304794 
0.11761 0.303484 
0.11794 0.302231 
0.11828 0.301148 
0.11861 0.299992 
0.11894 0.298876 
0.11928 0.297501 
0.11961 0.296496 
0.11995 0.295638 
0.12028 0.294692 
0.12061 0.293536 
0.12095 0.292389 
0.12128 0.291357 
0.12162 0.290346 
0.12195 0.289177 
0.12229 0.288390 
0.12262 0.287220 
0.12295 0.285955 
0.12329 0.284803 
0.12362 0.283982 
0.12396 0.282829 
0.12429 0.281932 
0.12462 0.281083 
0.12496 0.280039 
0.12529 0.279102 
0.12563 0.277957 
0.12596 0.277287 
0.12629 0.276367 
0.12663 0.275621 
0.12696 0.274406 
0.12730 0.273436 
0.12763 0.272499 
0.12797 0.271472 
0.12830 0.270208 
0.12863 0.269102 
0.12897 0.268057 
0.12930 0.267261 
0.12964 0.266376 
0.12997 0.265510 
0.13030 0.264452 
0.13064 0.263519 
0.13097 0.262462 
0.13131 0.261593 
0.13164 0.260795 
0.13197 0.259809 
0.13231 0.258842 
0.13264 0.257843 
0.13298 0.256851 
0.13331 0.255979 
0.13365 0.255201 
0.13398 0.254202 
0.13431 0.253644 
0.13465 0.252805 
0.13498 0.251836 
0.13532 0.251033 
0.13565 0.250222 
0.13598 0.249525 
0.13632 0.248567 
0.13665 0.247747 
0.13699 0.247087 
0.13732 0.246264 
0.13765 0.245352 
0.13799 0.244540 
0.13832 0.243616 
0.13866 0.242908 
0.13899 0.242157 
0.13933 0.241376 
0.13966 0.240611 
0.13999 0.239737 
0.14033 0.239061 
0.14066 0.238073 
0.14100 0.237305 
0.14133 0.236552 
0.14166 0.235804 
0.14200 0.235105 
0.14233 0.234278 
0.14267 0.233642 
0.14300 0.232802 
0.14333 0.232055 
0.14367 0.231376 
0.14400 0.230421 
0.14434 0.229602 
0.14467 0.228915 
0.14501 0.228116 
0.14534 0.227417 
0.14567 0.226795 
0.14601 0.226146 
0.14634 0.225249 
0.14668 0.224524 
0.14701 0.223752 
0.14734 0.222954 
0.14768 0.222068 
0.14801 0.221199 
0.14835 0.220477 
0.14868 0.219688 
0.14901 0.219015 
0.14935 0.218397 
0.14968 0.217741 
0.15002 0.216960 
0.15035 0.216253 
0.15068 0.215423 
0.15102 0.214813 
0.15135 0.214021 
0.15169 0.213389 
0.15202 0.212741 
0.15236 0.212001 
0.15269 0.211294 
0.15302 0.210505 
0.15336 0.209721 
0.15369 0.209056 
0.15403 0.208488 
0.15436 0.207839 
0.15469 0.207082 
0.15503 0.206375 
0.15536 0.205627 
0.15570 0.204938 
0.15603 0.204364 
0.15636 0.203701 
0.15670 0.203060 
0.15703 0.202341 
0.15737 0.201717 
0.15770 0.201114 
0.15804 0.200451 
0.15837 0.199873 
0.15870 0.199138 
0.15904 0.198470 
0.15937 0.197805 
0.15971 0.197276 
0.16004 0.196609 
0.16037 0.196007 
0.16071 0.195409 
0.16104 0.194874 
0.16138 0.194230 
0.16171 0.193573 
0.16204 0.192945 
0.16238 0.192296 
0.16271 0.191726 
0.16305 0.191201 
0.16338 0.190561 
0.16372 0.190076 
0.16405 0.189534 
0.16438 0.189020 
0.16472 0.188418 
0.16505 0.187918 
0.16539 0.187331 
0.16572 0.186804 
0.16605 0.186117 
0.16639 0.185474 
0.16672 0.184860 
0.16706 0.184313 
0.16739 0.183816 
0.16772 0.183267 
0.16806 0.182768 
0.16839 0.182248 
0.16873 0.181738 
0.16906 0.181223 
0.16940 0.180774 
0.16973 0.180217 
0.17006 0.179671 
0.17040 0.179098 
0.17073 0.178566 
0.17107 0.178013 
0.17140 0.177464 
0.17173 0.176872 
0.17207 0.176359 
0.17240 0.175803 
0.17274 0.175228 
0.17307 0.174753 
0.17340 0.174244 
0.17374 0.173751 
0.17407 0.173298 
0.17441 0.172789 
0.17474 0.172231 
0.17508 0.171697 
0.17541 0.171152 
0.17574 0.170675 
0.17608 0.170201 
0.17641 0.169779 
0.17675 0.169316 
0.17708 0.168748 
0.17741 0.168312 
0.17775 0.167785 
0.17808 0.167339 
0.17842 0.166790 
0.17875 0.166299 
0.17908 0.165818 
0.17942 0.165319 
0.17975 0.164877 
0.18009 0.164396 
0.18042 0.163870 
0.18076 0.163401 
0.18109 0.162948 
0.18142 0.162470 
0.18176 0.161981 
0.18209 0.161569 
0.18243 0.161065 
0.18276 0.160603 
0.18309 0.160190 
0.18343 0.159786 
0.18376 0.159298 
0.18410 0.158812 
0.18443 0.158381 
0.18476 0.157881 
0.18510 0.157487 
0.18543 0.157043 
0.18577 0.156536 
0.18610 0.156142 
0.18644 0.155679 
0.18677 0.155212 
0.18710 0.154804 
0.18744 0.154418 
0.18777 0.153995 
0.18811 0.153518 
0.18844 0.153087 
0.18877 0.152708 
0.18911 0.152281 
0.18944 0.151813 
0.18978 0.151415 
0.19011 0.150963 
0.19044 0.150526 
0.19078 0.150158 
0.19111 0.149762 
0.19145 0.149355 
0.19178 0.148968 
0.19211 0.148559 
0.19245 0.148116 
0.19278 0.147675 
0.19312 0.147308 
0.19345 0.146918 
0.19379 0.146519 
0.19412 0.146133 
0.19445 0.145732 
0.19479 0.145297 
0.19512 0.144881 
0.19546 0.144444 
0.19579 0.144068 
0.19612 0.143694 
0.19646 0.143321 
0.19679 0.142880 
0.19713 0.142471 
0.19746 0.142075 
0.19779 0.141675 
0.19813 0.141299 
0.19846 0.140937 
0.19880 0.140520 
0.19913 0.140173 
0.19947 0.139827 
0.19980 0.139437 
0.20013 0.139061 
0.20047 0.138703 
0.20080 0.138325 
0.20114 0.137932 
0.20147 0.137568 
0.20180 0.137244 
0.20214 0.136845 
0.20247 0.136470 
0.20281 0.136107 
0.20314 0.135763 
0.20347 0.135419 
0.20381 0.135067 
0.20414 0.134711 
0.20448 0.134297 
0.20481 0.133955 
0.20515 0.133636 
0.20548 0.133323 
0.20581 0.132953 
0.20615 0.132591 
0.20648 0.132293 
0.20682 0.131928 
0.20715 0.131586 
0.20748 0.131204 
0.20782 0.130833 
0.20815 0.130501 
0.20849 0.130186 
0.20882 0.129826 
0.20915 0.129447 
0.20949 0.129105 
0.20982 0.128811 
0.21016 0.128462 
0.21049 0.128165 
0.21083 0.127839 
0.21116 0.127510 
0.21149 0.127207 
0.21183 0.126876 
0.21216 0.126546 
0.21250 0.126202 
0.21283 0.125860 
0.21316 0.125530 
0.21350 0.125201 
0.21383 0.124897 
0.21417 0.124566 
0.21450 0.124251 
0.21483 0.123966 
0.21517 0.123620 
0.21550 0.123318 
0.21584 0.123057 
0.21617 0.122743 
0.21651 0.122455 
0.21684 0.122139 
0.21717 0.121821 
0.21751 0.121522 
0.21784 0.121225 
0.21818 0.120928 
0.21851 0.120648 
0.21884 0.120340 
0.21918 0.120047 
0.21951 0.119733 
0.21985 0.119448 
0.22018 0.119136 
0.22051 0.118839 
0.22085 0.118535 
0.22118 0.118241 
0.22152 0.117943 
0.22185 0.117652 
0.22219 0.117375 
0.22252 0.117086 
0.22285 0.116775 
0.22319 0.116488 
0.22352 0.116185 
0.22386 0.115878 
0.22419 0.115586 
0.22452 0.115331 
0.22486 0.115076 
0.22519 0.114783 
0.22553 0.114500 
0.22586 0.114223 
0.22619 0.113942 
0.22653 0.113672 
0.22686 0.113376 
0.22720 0.113103 
0.22753 0.112862 
0.22787 0.112604 
0.22820 0.112351 
0.22853 0.112091 
0.22887 0.111807 
0.22920 0.111523 
0.22954 0.111254 
0.22987 0.110981 
0.23020 0.110756 
0.23054 0.110494 
0.23087 0.110258 
0.23121 0.109990 
0.23154 0.109735 
0.23187 0.109473 
0.23221 0.109212 
0.23254 0.108968 
0.23288 0.108734 
0.23321 0.108467 
0.23354 0.108227 
0.23388 0.107983 
0.23421 0.107752 
0.23455 0.107506 
0.23488 0.107277 
0.23522 0.107005 
0.23555 0.106742 
0.23588 0.106508 
0.23622 0.106258 
0.23655 0.106030 
0.23689 0.105783 
0.23722 0.105572 
0.23755 0.105366 
0.23789 0.105130 
0.23822 0.104894 
0.23856 0.104659 
0.23889 0.104390 
0.23922 0.104161 
0.23956 0.103932 
0.23989 0.103709 
0.24023 0.103459 
0.24056 0.103230 
0.24090 0.102997 
0.24123 0.102774 
0.24156 0.102543 
0.24190 0.102313 
0.24223 0.102092 
0.24257 0.101849 
0.24290 0.101614 
0.24323 0.101380 
0.24357 0.101136 
0.24390 0.100938 
0.24424 0.100706 
0.24457 0.100487 
0.24490 0.100258 
0.24524 0.100041 
0.24557 0.099828 
0.24591 0.099608 
0.24624 0.099375 
0.24658 0.099153 
0.24691 0.098907 
0.24724 0.098687 
0.24758 0.098468 
0.24791 0.098250 
0.24825 0.098029 
0.24858 0.097798 
0.24891 0.097579 
0.24925 0.097364 
0.24958 0.097161 
0.24992 0.096958 
0.25025 0.096746 
0.25058 0.096538 
0.25092 0.096312 
0.25125 0.096085 
0.25159 0.095889 
0.25192 0.095674 
0.25226 0.095477 
0.25259 0.095249 
0.25292 0.095032 
0.25326 0.094820 
0.25359 0.094604 
0.25393 0.094383 
0.25426 0.094170 
0.25459 0.093964 
0.25493 0.093766 
0.25526 0.093572 
0.25560 0.093382 
0.25593 0.093165 
0.25626 0.092957 
0.25660 0.092759 
0.25693 0.092541 
0.25727 0.092338 
0.25760 0.092132 
0.25794 0.091940 
0.25827 0.091743 
0.25860 0.091529 
0.25894 0.091340 
0.25927 0.091117 
0.25961 0.090916 
0.25994 0.090715 
0.26027 0.090542 
0.26061 0.090346 
0.26094 0.090144 
0.26128 0.089963 
0.26161 0.089766 
0.26194 0.089569 
0.26228 0.089386 
0.26261 0.089201 
0.26295 0.089010 
0.26328 0.088823 
0.26362 0.088646 
0.26395 0.088454 
0.26428 0.088265 
0.26462 0.088074 
0.26495 0.087897 
0.26529 0.087697 
0.26562 0.087515 
0.26595 0.087342 
0.26629 0.087167 
0.26662 0.086996 
0.26696 0.086819 
0.26729 0.086652 
0.26762 0.086479 
0.26796 0.086295 
0.26829 0.086105 
0.26863 0.085940 
0.26896 0.085758 
0.26930 0.085563 
0.26963 0.085376 
0.26996 0.085195 
0.27030 0.085009 
0.27063 0.084830 
0.27097 0.084657 
0.27130 0.084503 
0.27163 0.084335 
0.27197 0.084173 
0.27230 0.083990 
0.27264 0.083815 
0.27297 0.083645 
0.27330 0.083486 
0.27364 0.083327 
0.27397 0.083156 
0.27431 0.082977 
0.27464 0.082808 
0.27497 0.082639 
0.27531 0.082477 
0.27564 0.082324 
0.27598 0.082151 
0.27631 0.081979 
0.27665 0.081813 
0.27698 0.081642 
0.27731 0.081480 
0.27765 0.081330 
0.27798 0.081164 
0.27832 0.080989 
0.27865 0.080844 
0.27898 0.080667 
0.27932 0.080489 
0.27965 0.080319 
0.27999 0.080159 
0.28032 0.080008 
0.28065 0.079840 
0.28099 0.079670 
0.28132 0.079512 
0.28166 0.079351 
0.28199 0.079183 
0.28233 0.079004 
0.28266 0.078845 
0.28299 0.078695 
0.28333 0.078537 
0.28366 0.078386 
0.28400 0.078235 
0.28433 0.078081 
0.28466 0.077909 
0.28500 0.077751 
0.28533 0.077613 
0.28567 0.077442 
0.28600 0.077289 
0.28633 0.077138 
0.28667 0.076972 
0.28700 0.076817 
0.28734 0.076668 
0.28767 0.076509 
0.28801 0.076359 
0.28834 0.076222 
0.28867 0.076083 
0.28901 0.075937 
0.28934 0.075783 
0.28968 0.075624 
0.29001 0.075473 
0.29034 0.075334 
0.29068 0.075190 
0.29101 0.075039 
0.29135 0.074890 
0.29168 0.074750 
0.29201 0.074605 
0.29235 0.074450 
0.29268 0.074309 
0.29302 0.074174 
0.29335 0.074046 
0.29369 0.073898 
0.29402 0.073764 
0.29435 0.073620 
0.29469 0.073479 
0.29502 0.073328 
0.29536 0.073198 
0.29569 0.073055 
0.29602 0.072923 
0.29636 0.072795 
0.29669 0.072651 
0.29703 0.072513 
0.29736 0.072383 
0.29769 0.072253 
0.29803 0.072111 
0.29836 0.071977 
0.29870 0.071846 
0.29903 0.071716 
0.29937 0.071586 
0.29970 0.071446 
0.30003 0.071302 
0.30037 0.071160 
0.30070 0.071022 
0.30104 0.070892 
0.30137 0.070759 
0.30170 0.070624 
0.30204 0.070493 
0.30237 0.070366 
0.30271 0.070240 
0.30304 0.070105 
0.30337 0.069970 
0.30371 0.069835 
0.30404 0.069708 
0.30438 0.069587 
0.30471 0.069456 
0.30505 0.069318 
0.30538 0.069185 
0.30571 0.069053 
0.30605 0.068929 
0.30638 0.068800 
0.30672 0.068681 
0.30705 0.068560 
0.30738 0.068434 
0.30772 0.068321 
0.30805 0.068190 
0.30839 0.068058 
0.30872 0.067941 
0.30905 0.067811 
0.30939 0.067683 
0.30972 0.067560 
0.31006 0.067433 
0.31039 0.067311 
0.31073 0.067190 
0.31106 0.067066 
0.31139 0.066955 
0.31173 0.066841 
0.31206 0.066719 
0.31240 0.066599 
0.31273 0.066477 
0.31306 0.066351 
0.31340 0.066230 
0.31373 0.066116 
0.31407 0.065994 
0.31440 0.065862 
0.31473 0.065752 
0.31507 0.065646 
0.31540 0.065532 
0.31574 0.065425 
0.31607 0.065304 
0.31640 0.065184 
0.31674 0.065064 
0.31707 0.064945 
0.31741 0.064835 
0.31774 0.064714 
0.31808 0.064605 
0.31841 0.064478 
0.31874 0.064358 
0.31908 0.064250 
0.31941 0.064142 
0.31975 0.064029 
0.32008 0.063911 
0.32041 0.063808 
0.32075 0.063697 
0.32108 0.063577 
0.32142 0.063456 
0.32175 0.063339 
0.32208 0.063223 
0.32242 0.063105 
0.32275 0.062991 
0.32309 0.062883 
0.32342 0.062770 
0.32376 0.062649 
0.32409 0.062528 
0.32442 0.062421 
0.32476 0.062313 
0.32509 0.062194 
0.32543 0.062083 
0.32576 0.061968 
0.32609 0.061858 
0.32643 0.061752 
0.32676 0.061643 
0.32710 0.061529 
0.32743 0.061425 
0.32776 0.061318 
0.32810 0.061210 
0.32843 0.061104 
0.32877 0.061000 
0.32910 0.060895 
0.32944 0.060796 
0.32977 0.060690 
0.33010 0.060579 
0.33044 0.060477 
0.33077 0.060377 
0.33111 0.060282 
0.33144 0.060175 
0.33177 0.060068 
0.33211 0.059969 
0.33244 0.059869 
0.33278 0.059761 
0.33311 0.059665 
0.33344 0.059569 
0.33378 0.059462 
0.33411 0.059359 
0.33445 0.059257 
0.33478 0.059152 
0.33512 0.059040 
0.33545 0.058941 
0.33578 0.058839 
0.33612 0.058736 
0.33645 0.058643 
0.33679 0.058548 
0.33712 0.058458 
0.33745 0.058366 
0.33779 0.058262 
0.33812 0.058157 
0.33846 0.058052 
0.33879 0.057955 
0.33912 0.057856 
0.33946 0.057760 
0.33979 0.057658 
0.34013 0.057564 
0.34046 0.057468 
0.34080 0.057373 
0.34113 0.057283 
0.34146 0.057196 
0.34180 0.057105 
0.34213 0.057017 
0.34247 0.056928 
0.34280 0.056838 
0.34313 0.056743 
0.34347 0.056655 
0.34380 0.056562 
0.34414 0.056467 
0.34447 0.056367 
0.34480 0.056271 
0.34514 0.056185 
0.34547 0.056097 
0.34581 0.055998 
0.34614 0.055899 
0.34648 0.055808 
0.34681 0.055719 
0.34714 0.055630 
0.34748 0.055542 
0.34781 0.055446 
0.34815 0.055354 
0.34848 0.055267 
0.34881 0.055175 
0.34915 0.055088 
0.34948 0.054999 
0.34982 0.054901 
0.35015 0.054809 
0.35048 0.054725 
0.35082 0.054639 
0.35115 0.054546 
0.35149 0.054451 
0.35182 0.054364 
0.35216 0.054275 
0.35249 0.054190 
0.35282 0.054098 
0.35316 0.054010 
0.35349 0.053919 
0.35383 0.053830 
0.35416 0.053741 
0.35449 0.053655 
0.35483 0.053576 
0.35516 0.053489 
0.35550 0.053395 
0.35583 0.053306 
0.35616 0.053227 
0.35650 0.053143 
0.35683 0.053058 
0.35717 0.052969 
0.35750 0.052891 
0.35783 0.052809 
0.35817 0.052723 
0.35850 0.052647 
0.35884 0.052568 
0.35917 0.052479 
0.35951 0.052397 
0.35984 0.052317 
0.36017 0.052232 
0.36051 0.052151 
0.36084 0.052068 
0.36118 0.051989 
0.36151 0.051905 
0.36184 0.051819 
0.36218 0.051734 
0.36251 0.051649 
0.36285 0.051559 
0.36318 0.051484 
0.36351 0.051401 
0.36385 0.051314 
0.36418 0.051230 
0.36452 0.051144 
0.36485 0.051067 
0.36519 0.050990 
0.36552 0.050909 
0.36585 0.050833 
0.36619 0.050757 
0.36652 0.050681 
0.36686 0.050602 
0.36719 0.050526 
0.36752 0.050451 
0.36786 0.050371 
0.36819 0.050289 
0.36853 0.050213 
0.36886 0.050133 
0.36919 0.050057 
0.36953 0.049978 
0.36986 0.049899 
0.37020 0.049822 
0.37053 0.049741 
0.37087 0.049666 
0.37120 0.049593 
0.37153 0.049520 
0.37187 0.049445 
0.37220 0.049364 
0.37254 0.049284 
0.37287 0.049208 
0.37320 0.049130 
0.37354 0.049058 
0.37387 0.048985 
0.37421 0.048908 
0.37454 0.048832 
0.37487 0.048760 
0.37521 0.048684 
0.37554 0.048613 
0.37588 0.048544 
0.37621 0.048472 
0.37655 0.048400 
0.37688 0.048322 
0.37721 0.048251 
0.37755 0.048173 
0.37788 0.048097 
0.37822 0.048027 
0.37855 0.047956 
0.37888 0.047887 
0.37922 0.047812 
0.37955 0.047737 
0.37989 0.047662 
0.38022 0.047586 
0.38055 0.047515 
0.38089 0.047441 
0.38122 0.047373 
0.38156 0.047301 
0.38189 0.047232 
0.38223 0.047161 
0.38256 0.047084 
0.38289 0.047014 
0.38323 0.046944 
0.38356 0.046873 
0.38390 0.046802 
0.38423 0.046731 
0.38456 0.046659 
0.38490 0.046585 
0.38523 0.046511 
0.38557 0.046438 
0.38590 0.046368 
0.38623 0.046299 
0.38657 0.046230 
0.38690 0.046160 
0.38724 0.046097 
0.38757 0.046024 
0.38791 0.045958 
0.38824 0.045889 
0.38857 0.045817 
0.38891 0.045754 
0.38924 0.045687 
0.38958 0.045616 
0.38991 0.045548 
0.39024 0.045485 
0.39058 0.045420 
0.39091 0.045354 
0.39125 0.045285 
0.39158 0.045223 
0.39191 0.045160 
0.39225 0.045092 
0.39258 0.045027 
0.39292 0.044962 
0.39325 0.044897 
0.39359 0.044826 
0.39392 0.044762 
0.39425 0.044692 
0.39459 0.044629 
0.39492 0.044569 
0.39526 0.044501 
0.39559 0.044437 
0.39592 0.044375 
0.39626 0.044314 
0.39659 0.044248 
0.39693 0.044184 
0.39726 0.044115 
0.39759 0.044048 
0.39793 0.043980 
0.39826 0.043921 
0.39860 0.043855 
0.39893 0.043791 
0.39926 0.043728 
0.39960 0.043666 
0.39993 0.043604 
0.40027 0.043537 
0.40060 0.043471 
0.40094 0.043403 
0.40127 0.043339 
0.40160 0.043281 
0.40194 0.043220 
0.40227 0.043159 
0.40261 0.043100 
0.40294 0.043042 
0.40327 0.042978 
0.40361 0.042919 
0.40394 0.042863 
0.40428 0.042802 
0.40461 0.042743 
0.40494 0.042681 
0.40528 0.042617 
0.40561 0.042554 
0.40595 0.042491 
0.40628 0.042426 
0.40662 0.042370 
0.40695 0.042310 
0.40728 0.042251 
0.40762 0.042194 
0.40795 0.042137 
0.40829 0.042080 
0.40862 0.042022 
0.40895 0.041959 
0.40929 0.041903 
0.40962 0.041844 
0.40996 0.041784 
0.41029 0.041723 
0.41062 0.041660 
0.41096 0.041604 
0.41129 0.041543 
0.41163 0.041484 
0.41196 0.041428 
0.41230 0.041368 
0.41263 0.041311 
0.41296 0.041247 
0.41330 0.041187 
0.41363 0.041130 
0.41397 0.041070 
0.41430 0.041014 
0.41463 0.040958 
0.41497 0.040900 
0.41530 0.040847 
0.41564 0.040790 
0.41597 0.040737 
0.41630 0.040680 
0.41664 0.040628 
0.41697 0.040572 
0.41731 0.040518 
0.41764 0.040464 
0.41798 0.040413 
0.41831 0.040361 
0.41864 0.040302 
0.41898 0.040244 
0.41931 0.040189 
0.41965 0.040130 
0.41998 0.040076 
0.42031 0.040018 
0.42065 0.039962 
0.42098 0.039908 
0.42132 0.039858 
0.42165 0.039803 
0.42198 0.039749 
0.42232 0.039695 
0.42265 0.039637 
0.42299 0.039587 
0.42332 0.039532 
0.42366 0.039481 
0.42399 0.039426 
0.42432 0.039370 
0.42466 0.039313 
0.42499 0.039261 
0.42533 0.039209 
0.42566 0.039160 
0.42599 0.039109 
0.42633 0.039053 
0.42666 0.039001 
0.42700 0.038953 
0.42733 0.038905 
0.42766 0.038855 
0.42800 0.038803 
0.42833 0.038753 
0.42867 0.038699 
0.42900 0.038648 
0.42934 0.038594 
0.42967 0.038541 
0.43000 0.038490 
0.43034 0.038441 
0.43067 0.038393 
0.43101 0.038340 
0.43134 0.038289 
0.43167 0.038238 
0.43201 0.038188 
0.43234 0.038135 
0.43268 0.038085 
0.43301 0.038032 
0.43334 0.037987 
0.43368 0.037935 
0.43401 0.037883 
0.43435 0.037833 
0.43468 0.037785 
0.43502 0.037735 
0.43535 0.037687 
0.43568 0.037637 
0.43602 0.037586 
0.43635 0.037536 
0.43669 0.037488 
0.43702 0.037441 
0.43735 0.037391 
0.43769 0.037342 
0.43802 0.037292 
0.43836 0.037243 
0.43869 0.037196 
0.43902 0.037148 
0.43936 0.037100 
0.43969 0.037051 
0.44003 0.036998 
0.44036 0.036952 
0.44069 0.036904 
0.44103 0.036854 
0.44136 0.036808 
0.44170 0.036756 
0.44203 0.036709 
0.44237 0.036660 
0.44270 0.036613 
0.44303 0.036566 
0.44337 0.036520 
0.44370 0.036471 
0.44404 0.036421 
0.44437 0.036375 
0.44470 0.036326 
0.44504 0.036280 
0.44537 0.036234 
0.44571 0.036187 
0.44604 0.036139 
0.44637 0.036094 
0.44671 0.036048 
0.44704 0.036000 
0.44738 0.035954 
0.44771 0.035906 
0.44805 0.035861 
0.44838 0.035812 
0.44871 0.035765 
0.44905 0.035719 
0.44938 0.035670 
0.44972 0.035624 
0.45005 0.035581 
0.45038 0.035537 
0.45072 0.035491 
0.45105 0.035444 
0.45139 0.035398 
0.45172 0.035353 
0.45205 0.035306 
0.45239 0.035262 
0.45272 0.035215 
0.45306 0.035169 
0.45339 0.035128 
0.45373 0.035083 
0.45406 0.035039 
0.45439 0.034995 
0.45473 0.034954 
0.45506 0.034911 
0.45540 0.034867 
0.45573 0.034823 
0.45606 0.034779 
0.45640 0.034738 
0.45673 0.034694 
0.45707 0.034649 
0.45740 0.034607 
0.45773 0.034562 
0.45807 0.034520 
0.45840 0.034475 
0.45874 0.034430 
0.45907 0.034385 
0.45941 0.034342 
0.45974 0.034298 
0.46007 0.034253 
0.46041 0.034209 
0.46074 0.034168 
0.46108 0.034121 
0.46141 0.034078 
0.46174 0.034039 
0.46208 0.033997 
0.46241 0.033952 
0.46275 0.033912 
0.46308 0.033873 
0.46341 0.033829 
0.46375 0.033787 
0.46408 0.033745 
0.46442 0.033705 
0.46475 0.033659 
0.46509 0.033618 
0.46542 0.033574 
0.46575 0.033530 
0.46609 0.033488 
0.46642 0.033447 
0.46676 0.033408 
0.46709 0.033366 
0.46742 0.033328 
0.46776 0.033285 
0.46809 0.033242 
0.46843 0.033202 
0.46876 0.033160 
0.46909 0.033119 
0.46943 0.033077 
0.46976 0.033037 
0.47010 0.032998 
0.47043 0.032958 
0.47077 0.032919 
0.47110 0.032880 
0.47143 0.032839 
0.47177 0.032798 
0.47210 0.032759 
0.47244 0.032721 
0.47277 0.032684 
0.47310 0.032642 
0.47344 0.032602 
0.47377 0.032561 
0.47411 0.032520 
0.47444 0.032484 
0.47477 0.032444 
0.47511 0.032406 
0.47544 0.032367 
0.47578 0.032327 
0.47611 0.032291 
0.47645 0.032250 
0.47678 0.032214 
0.47711 0.032176 
0.47745 0.032137 
0.47778 0.032094 
0.47812 0.032054 
0.47845 0.032017 
0.47878 0.031980 
0.47912 0.031945 
0.47945 0.031905 
0.47979 0.031866 
0.48012 0.031827 
0.48045 0.031789 
0.48079 0.031749 
0.48112 0.031707 
0.48146 0.031667 
0.48179 0.031629 
0.48212 0.031591 
0.48246 0.031553 
0.48279 0.031516 
0.48313 0.031481 
0.48346 0.031441 
0.48380 0.031404 
0.48413 0.031366 
0.48446 0.031330 
0.48480 0.031293 
0.48513 0.031256 
0.48547 0.031219 
0.48580 0.031182 
0.48613 0.031144 
0.48647 0.031106 
0.48680 0.031071 
0.48714 0.031037 
0.48747 0.031001 
0.48780 0.030964 
0.48814 0.030928 
0.48847 0.030894 
0.48881 0.030855 
0.48914 0.030819 
0.48948 0.030783 
0.48981 0.030744 
0.49014 0.030707 
0.49048 0.030673 
0.49081 0.030635 
0.49115 0.030596 
0.49148 0.030562 
0.49181 0.030529 
0.49215 0.030495 
0.49248 0.030457 
0.49282 0.030422 
0.49315 0.030384 
0.49348 0.030348 
0.49382 0.030313 
0.49415 0.030280 
0.49449 0.030246 
0.49482 0.030210 
0.49516 0.030174 
0.49549 0.030136 
0.49582 0.030101 
0.49616 0.030066 
0.49649 0.030034 
0.49683 0.030001 
0.49716 0.029966 
0.49749 0.029930 
0.49783 0.029896 
0.49816 0.029863 
0.49850 0.029831 
0.49883 0.029796 
0.49916 0.029759 
0.49950 0.029725 
0.49983 0.029689 
0.50017 0.029655 
0.50050 0.029621 
0.50084 0.029588 
0.50117 0.029555 
0.50150 0.029522 
0.50184 0.029488 
0.50217 0.029452 
0.50251 0.029419 
0.50284 0.029385 
0.50317 0.029351 
0.50351 0.029319 
0.50384 0.029285 
0.50418 0.029253 
0.50451 0.029221 
0.50484 0.029187 
0.50518 0.029154 
0.50551 0.029119 
0.50585 0.029088 
0.50618 0.029055 
0.50652 0.029024 
0.50685 0.028991 
0.50718 0.028959 
0.50752 0.028929 
0.50785 0.028900 
0.50819 0.028866 
0.50852 0.028830 
0.50885 0.028800 
0.50919 0.028770 
0.50952 0.028738 
0.50986 0.028708 
0.51019 0.028673 
0.51052 0.028643 
0.51086 0.028612 
0.51119 0.028582 
0.51153 0.028551 
0.51186 0.028516 
0.51220 0.028485 
0.51253 0.028451 
0.51286 0.028421 
0.51320 0.028391 
0.51353 0.028358 
0.51387 0.028325 
0.51420 0.028293 
0.51453 0.028262 
0.51487 0.028229 
0.51520 0.028199 
0.51554 0.028165 
0.51587 0.028136 
0.51620 0.028104 
0.51654 0.028070 
0.51687 0.028040 
0.51721 0.028010 
0.51754 0.027979 
0.51788 0.027948 
0.51821 0.027917 
0.51854 0.027885 
0.51888 0.027856 
0.51921 0.027824 
0.51955 0.027795 
0.51988 0.027764 
0.52021 0.027733 
0.52055 0.027705 
0.52088 0.027672 
0.52122 0.027641 
0.52155 0.027612 
0.52188 0.027583 
0.52222 0.027553 
0.52255 0.027523 
0.52289 0.027492 
0.52322 0.027461 
0.52355 0.027430 
0.52389 0.027400 
0.52422 0.027369 
0.52456 0.027340 
0.52489 0.027309 
0.52523 0.027280 
0.52556 0.027251 
0.52589 0.027222 
0.52623 0.027193 
0.52656 0.027161 
0.52690 0.027132 
0.52723 0.027101 
0.52756 0.027069 
0.52790 0.027041 
0.52823 0.027010 
0.52857 0.026981 
0.52890 0.026950 
0.52923 0.026922 
0.52957 0.026895 
0.52990 0.026866 
0.53024 0.026836 
0.53057 0.026808 
0.53091 0.026780 
0.53124 0.026750 
0.53157 0.026719 
0.53191 0.026689 
0.53224 0.026660 
0.53258 0.026631 
0.53291 0.026601 
0.53324 0.026573 
0.53358 0.026546 
0.53391 0.026517 
0.53425 0.026489 
0.53458 0.026462 
0.53491 0.026431 
0.53525 0.026401 
0.53558 0.026373 
0.53592 0.026346 
0.53625 0.026318 
0.53659 0.026291 
0.53692 0.026260 
0.53725 0.026231 
0.53759 0.026202 
0.53792 0.026174 
0.53826 0.026147 
0.53859 0.026119 
0.53892 0.026092 
0.53926 0.026065 
0.53959 0.026039 
0.53993 0.026011 
0.54026 0.025983 
0.54059 0.025956 
0.54093 0.025929 
0.54126 0.025901 
0.54160 0.025872 
0.54193 0.025846 
0.54227 0.025818 
0.54260 0.025792 
0.54293 0.025764 
0.54327 0.025737 
0.54360 0.025711 
0.54394 0.025685 
0.54427 0.025661 
0.54460 0.025632 
0.54494 0.025606 
0.54527 0.025579 
0.54561 0.025552 
0.54594 0.025525 
0.54627 0.025498 
0.54661 0.025471 
0.54694 0.025444 
0.54728 0.025417 
0.54761 0.025389 
0.54795 0.025363 
0.54828 0.025337 
0.54861 0.025311 
0.54895 0.025284 
0.54928 0.025257 
0.54962 0.025232 
0.54995 0.025205 
0.55028 0.025176 
0.55062 0.025150 
0.55095 0.025126 
0.55129 0.025102 
0.55162 0.025076 
0.55195 0.025048 
0.55229 0.025021 
0.55262 0.024994 
0.55296 0.024967 
0.55329 0.024939 
0.55363 0.024913 
0.55396 0.024887 
0.55429 0.024863 
0.55463 0.024837 
0.55496 0.024812 
0.55530 0.024785 
0.55563 0.024761 
0.55596 0.024734 
0.55630 0.024710 
0.55663 0.024684 
0.55697 0.024658 
0.55730 0.024632 
0.55763 0.024607 
0.55797 0.024581 
0.55830 0.024556 
0.55864 0.024531 
0.55897 0.024506 
0.55931 0.024481 
0.55964 0.024454 
0.55997 0.024430 
0.56031 0.024405 
0.56064 0.024378 
0.56098 0.024353 
0.56131 0.024329 
0.56164 0.024305 
0.56198 0.024279 
0.56231 0.024255 
0.56265 0.024230 
0.56298 0.024204 
0.56331 0.024179 
0.56365 0.024153 
0.56398 0.024129 
0.56432 0.024102 
0.56465 0.024078 
0.56498 0.024054 
0.56532 0.024029 
0.56565 0.024003 
0.56599 0.023978 
0.56632 0.023953 
0.56666 0.023929 
0.56699 0.023905 
0.56732 0.023881 
0.56766 0.023858 
0.56799 0.023833 
0.56833 0.023808 
0.56866 0.023784 
0.56899 0.023758 
0.56933 0.023736 
0.56966 0.023712 
0.57000 0.023689 
0.57033 0.023666 
0.57066 0.023641 
0.57100 0.023618 
0.57133 0.023595 
0.57167 0.023571 
0.57200 0.023547 
0.57234 0.023522 
0.57267 0.023498 
0.57300 0.023474 
0.57334 0.023451 
0.57367 0.023427 
0.57401 0.023403 
0.57434 0.023378 
0.57467 0.023355 
0.57501 0.023333 
0.57534 0.023308 
0.57568 0.023284 
0.57601 0.023260 
0.57634 0.023237 
0.57668 0.023215 
0.57701 0.023190 
0.57735 0.023167 
0.57768 0.023144 
0.57802 0.023120 
0.57835 0.023098 
0.57868 0.023075 
0.57902 0.023052 
0.57935 0.023029 
0.57969 0.023003 
0.58002 0.022980 
0.58035 0.022957 
0.58069 0.022933 
0.58102 0.022910 
0.58136 0.022887 
0.58169 0.022865 
0.58202 0.022843 
0.58236 0.022819 
0.58269 0.022796 
0.58303 0.022773 
0.58336 0.022749 
0.58370 0.022726 
0.58403 0.022704 
0.58436 0.022682 
0.58470 0.022659 
0.58503 0.022636 
0.58537 0.022613 
0.58570 0.022590 
0.58603 0.022569 
0.58637 0.022547 
0.58670 0.022525 
0.58704 0.022503 
0.58737 0.022481 
0.58770 0.022458 
0.58804 0.022435 
0.58837 0.022414 
0.58871 0.022392 
0.58904 0.022369 
0.58938 0.022346 
0.58971 0.022324 
0.59004 0.022302 
0.59038 0.022280 
0.59071 0.022257 
0.59105 0.022237 
0.59138 0.022214 
0.59171 0.022191 
0.59205 0.022169 
0.59238 0.022148 
0.59272 0.022126 
0.59305 0.022105 
0.59338 0.022083 
0.59372 0.022061 
0.59405 0.022040 
0.59439 0.022020 
0.59472 0.021998 
0.59506 0.021976 
0.59539 0.021953 
0.59572 0.021932 
0.59606 0.021911 
0.59639 0.021889 
0.59673 0.021868 
0.59706 0.021847 
0.59739 0.021827 
0.59773 0.021805 
0.59806 0.021784 
0.59840 0.021762 
0.59873 0.021741 
0.59906 0.021721 
0.59940 0.021698 
0.59973 0.021679 
0.60007 0.021658 
0.60040 0.021636 
0.60074 0.021616 
0.60107 0.021596 
0.60140 0.021576 
0.60174 0.021555 
0.60207 0.021535 
0.60241 0.021513 
0.60274 0.021492 
0.60307 0.021471 
0.60341 0.021451 
0.60374 0.021430 
0.60408 0.021409 
0.60441 0.021389 
0.60474 0.021367 
0.60508 0.021348 
0.60541 0.021328 
0.60575 0.021307 
0.60608 0.021286 
0.60641 0.021265 
0.60675 0.021245 
0.60708 0.021225 
0.60742 0.021204 
0.60775 0.021185 
0.60809 0.021165 
0.60842 0.021144 
0.60875 0.021123 
0.60909 0.021101 
0.60942 0.021081 
0.60976 0.021060 
0.61009 0.021040 
0.61042 0.021020 
0.61076 0.021002 
0.61109 0.020981 
0.61143 0.020960 
0.61176 0.020941 
0.61209 0.020921 
0.61243 0.020902 
0.61276 0.020883 
0.61310 0.020864 
0.61343 0.020844 
0.61377 0.020824 
0.61410 0.020806 
0.61443 0.020786 
0.61477 0.020767 
0.61510 0.020747 
0.61544 0.020728 
0.61577 0.020709 
0.61610 0.020689 
0.61644 0.020671 
0.61677 0.020652 
0.61711 0.020633 
0.61744 0.020613 
0.61777 0.020594 
0.61811 0.020575 
0.61844 0.020556 
0.61878 0.020536 
0.61911 0.020518 
0.61945 0.020497 
0.61978 0.020479 
0.62011 0.020460 
0.62045 0.020440 
0.62078 0.020422 
0.62112 0.020404 
0.62145 0.020385 
0.62178 0.020365 
0.62212 0.020346 
0.62245 0.020328 
0.62279 0.020309 
0.62312 0.020291 
0.62345 0.020272 
0.62379 0.020253 
0.62412 0.020235 
0.62446 0.020216 
0.62479 0.020197 
0.62513 0.020179 
0.62546 0.020159 
0.62579 0.020142 
0.62613 0.020124 
0.62646 0.020105 
0.62680 0.020086 
0.62713 0.020069 
0.62746 0.020050 
0.62780 0.020033 
0.62813 0.020016 
0.62847 0.019997 
0.62880 0.019979 
0.62913 0.019960 
0.62947 0.019940 
0.62980 0.019922 
0.63014 0.019904 
0.63047 0.019885 
0.63081 0.019867 
0.63114 0.019848 
0.63147 0.019831 
0.63181 0.019813 
0.63214 0.019795 
0.63248 0.019776 
0.63281 0.019759 
0.63314 0.019742 
0.63348 0.019722 
0.63381 0.019704 
0.63415 0.019686 
0.63448 0.019668 
0.63481 0.019650 
0.63515 0.019631 
0.63548 0.019613 
0.63582 0.019595 
0.63615 0.019578 
0.63649 0.019560 
0.63682 0.019542 
0.63715 0.019524 
0.63749 0.019506 
0.63782 0.019489 
0.63816 0.019471 
0.63849 0.019453 
0.63882 0.019433 
0.63916 0.019416 
0.63949 0.019398 
0.63983 0.019381 
0.64016 0.019364 
0.64049 0.019349 
0.64083 0.019331 
0.64116 0.019314 
0.64150 0.019297 
0.64183 0.019281 
0.64217 0.019264 
0.64250 0.019247 
0.64283 0.019229 
0.64317 0.019211 
0.64350 0.019193 
0.64384 0.019175 
0.64417 0.019158 
0.64450 0.019141 
0.64484 0.019123 
0.64517 0.019106 
0.64551 0.019089 
0.64584 0.019072 
0.64617 0.019055 
0.64651 0.019037 
0.64684 0.019021 
0.64718 0.019005 
0.64751 0.018988 
0.64784 0.018972 
0.64818 0.018954 
0.64851 0.018938 
0.64885 0.018920 
0.64918 0.018903 
0.64952 0.018887 
0.64985 0.018871 
0.65018 0.018854 
0.65052 0.018837 
0.65085 0.018821 
0.65119 0.018804 
0.65152 0.018788 
0.65185 0.018772 
0.65219 0.018755 
0.65252 0.018737 
0.65286 0.018721 
0.65319 0.018704 
0.65352 0.018686 
0.65386 0.018669 
0.65419 0.018652 
0.65453 0.018636 
0.65486 0.018619 
0.65520 0.018603 
0.65553 0.018586 
0.65586 0.018569 
0.65620 0.018552 
0.65653 0.018536 
0.65687 0.018520 
0.65720 0.018504 
0.65753 0.018487 
0.65787 0.018471 
0.65820 0.018454 
0.65854 0.018439 
0.65887 0.018424 
0.65920 0.018408 
0.65954 0.018391 
0.65987 0.018375 
0.66021 0.018358 
0.66054 0.018343 
0.66088 0.018327 
0.66121 0.018310 
0.66154 0.018294 
0.66188 0.018278 
0.66221 0.018262 
0.66255 0.018246 
0.66288 0.018231 
0.66321 0.018214 
0.66355 0.018197 
0.66388 0.018182 
0.66422 0.018166 
0.66455 0.018149 
0.66488 0.018133 
0.66522 0.018117 
0.66555 0.018102 
0.66589 0.018086 
0.66622 0.018071 
0.66656 0.018056 
0.66689 0.018040 
0.66722 0.018024 
0.66756 0.018008 
0.66789 0.017993 
0.66823 0.017977 
0.66856 0.017961 
0.66889 0.017946 
0.66923 0.017931 
0.66956 0.017915 
0.66990 0.017901 
0.67023 0.017886 
0.67056 0.017870 
0.67090 0.017855 
0.67123 0.017840 
0.67157 0.017824 
0.67190 0.017809 
0.67224 0.017795 
0.67257 0.017780 
0.67290 0.017765 
0.67324 0.017749 
0.67357 0.017734 
0.67391 0.017718 
0.67424 0.017703 
0.67457 0.017688 
0.67491 0.017673 
0.67524 0.017657 
0.67558 0.017643 
0.67591 0.017628 
0.67624 0.017613 
0.67658 0.017598 
0.67691 0.017583 
0.67725 0.017568 
0.67758 0.017552 
0.67792 0.017538 
0.67825 0.017523 
0.67858 0.017507 
0.67892 0.017493 
0.67925 0.017478 
0.67959 0.017463 
0.67992 0.017448 
0.68025 0.017433 
0.68059 0.017418 
0.68092 0.017404 
0.68126 0.017389 
0.68159 0.017374 
0.68192 0.017360 
0.68226 0.017345 
0.68259 0.017331 
0.68293 0.017316 
0.68326 0.017300 
0.68360 0.017286 
0.68393 0.017271 
0.68426 0.017256 
0.68460 0.017241 
0.68493 0.017227 
0.68527 0.017212 
0.68560 0.017198 
0.68593 0.017183 
0.68627 0.017167 
0.68660 0.017152 
0.68694 0.017138 
0.68727 0.017123 
0.68760 0.017109 
0.68794 0.017094 
0.68827 0.017080 
0.68861 0.017065 
0.68894 0.017050 
0.68927 0.017036 
0.68961 0.017022 
0.68994 0.017007 
0.69028 0.016994 
0.69061 0.016979 
0.69095 0.016965 
0.69128 0.016951 
0.69161 0.016937 
0.69195 0.016922 
0.69228 0.016909 
0.69262 0.016894 
0.69295 0.016880 
0.69328 0.016866 
0.69362 0.016852 
0.69395 0.016838 
0.69429 0.016824 
0.69462 0.016810 
0.69495 0.016796 
0.69529 0.016783 
0.69562 0.016769 
0.69596 0.016754 
0.69629 0.016740 
0.69663 0.016725 
0.69696 0.016709 
0.69729 0.016694 
0.69763 0.016681 
0.69796 0.016666 
0.69830 0.016652 
0.69863 0.016638 
0.69896 0.016623 
0.69930 0.016610 
0.69963 0.016596 
0.69997 0.016583 
0.70030 0.016569 
0.70063 0.016556 
0.70097 0.016543 
0.70130 0.016529 
0.70164 0.016516 
0.70197 0.016502 
0.70231 0.016489 
0.70264 0.016476 
0.70297 0.016462 
0.70331 0.016449 
0.70364 0.016435 
0.70398 0.016421 
0.70431 0.016407 
0.70464 0.016393 
0.70498 0.016379 
0.70531 0.016366 
0.70565 0.016353 
0.70598 0.016340 
0.70631 0.016325 
0.70665 0.016312 
0.70698 0.016299 
0.70732 0.016285 
0.70765 0.016272 
0.70799 0.016259 
0.70832 0.016246 
0.70865 0.016233 
0.70899 0.016220 
0.70932 0.016207 
0.70966 0.016194 
0.70999 0.016180 
0.71032 0.016167 
0.71066 0.016154 
0.71099 0.016141 
0.71133 0.016128 
0.71166 0.016115 
0.71199 0.016101 
0.71233 0.016088 
0.71266 0.016075 
0.71300 0.016061 
0.71333 0.016048 
0.71367 0.016034 
0.71400 0.016021 
0.71433 0.016008 
0.71467 0.015995 
0.71500 0.015982 
0.71534 0.015969 
0.71567 0.015956 
0.71600 0.015943 
0.71634 0.015930 
0.71667 0.015917 
0.71701 0.015903 
0.71734 0.015890 
0.71767 0.015877 
0.71801 0.015863 
0.71834 0.015849 
0.71868 0.015836 
0.71901 0.015824 
0.71935 0.015811 
0.71968 0.015798 
0.72001 0.015785 
0.72035 0.015772 
0.72068 0.015759 
0.72102 0.015746 
0.72135 0.015734 
0.72168 0.015722 
0.72202 0.015710 
0.72235 0.015697 
0.72269 0.015683 
0.72302 0.015671 
0.72335 0.015658 
0.72369 0.015646 
0.72402 0.015632 
0.72436 0.015620 
0.72469 0.015607 
0.72503 0.015595 
0.72536 0.015582 
0.72569 0.015570 
0.72603 0.015557 
0.72636 0.015545 
0.72670 0.015533 
0.72703 0.015519 
0.72736 0.015507 
0.72770 0.015494 
0.72803 0.015482 
0.72837 0.015469 
0.72870 0.015457 
0.72903 0.015445 
0.72937 0.015433 
0.72970 0.015420 
0.73004 0.015407 
0.73037 0.015395 
0.73070 0.015383 
0.73104 0.015370 
0.73137 0.015358 
0.73171 0.015345 
0.73204 0.015333 
0.73238 0.015320 
0.73271 0.015308 
0.73304 0.015296 
0.73338 0.015284 
0.73371 0.015272 
0.73405 0.015260 
0.73438 0.015248 
0.73471 0.015235 
0.73505 0.015223 
0.73538 0.015211 
0.73572 0.015200 
0.73605 0.015188 
0.73638 0.015176 
0.73672 0.015165 
0.73705 0.015153 
0.73739 0.015141 
0.73772 0.015129 
0.73806 0.015117 
0.73839 0.015106 
0.73872 0.015094 
0.73906 0.015082 
0.73939 0.015070 
0.73973 0.015059 
0.74006 0.015047 
0.74039 0.015035 
0.74073 0.015023 
0.74106 0.015011 
0.74140 0.015000 
0.74173 0.014988 
0.74206 0.014976 
0.74240 0.014964 
0.74273 0.014953 
0.74307 0.014940 
0.74340 0.014928 
0.74374 0.014915 
0.74407 0.014904 
0.74440 0.014892 
0.74474 0.014881 
0.74507 0.014869 
0.74541 0.014858 
0.74574 0.014846 
0.74607 0.014835 
0.74641 0.014823 
0.74674 0.014810 
0.74708 0.014798 
0.74741 0.014787 
0.74774 0.014775 
0.74808 0.014762 
0.74841 0.014750 
0.74875 0.014739 
0.74908 0.014727 
0.74942 0.014716 
0.74975 0.014704 
0.75008 0.014692 
0.75042 0.014680 
0.75075 0.014668 
0.75109 0.014657 
0.75142 0.014646 
0.75175 0.014634 
0.75209 0.014623 
0.75242 0.014611 
0.75276 0.014600 
0.75309 0.014588 
0.75342 0.014577 
0.75376 0.014565 
0.75409 0.014554 
0.75443 0.014542 
0.75476 0.014531 
0.75510 0.014520 
0.75543 0.014508 
0.75576 0.014496 
0.75610 0.014485 
0.75643 0.014473 
0.75677 0.014462 
0.75710 0.014450 
0.75743 0.014439 
0.75777 0.014428 
0.75810 0.014417 
0.75844 0.014405 
0.75877 0.014394 
0.75910 0.014383 
0.75944 0.014372 
0.75977 0.014361 
0.76011 0.014350 
0.76044 0.014339 
0.76078 0.014328 
0.76111 0.014317 
0.76144 0.014307 
0.76178 0.014296 
0.76211 0.014284 
0.76245 0.014273 
0.76278 0.014262 
0.76311 0.014251 
0.76345 0.014239 
0.76378 0.014228 
0.76412 0.014217 
0.76445 0.014206 
0.76478 0.014195 
0.76512 0.014185 
0.76545 0.014174 
0.76579 0.014163 
0.76612 0.014152 
0.76646 0.014141 
0.76679 0.014130 
0.76712 0.014119 
0.76746 0.014108 
0.76779 0.014097 
0.76813 0.014086 
0.76846 0.014075 
0.76879 0.014064 
0.76913 0.014053 
0.76946 0.014043 
0.76980 0.014032 
0.77013 0.014022 
0.77046 0.014012 
0.77080 0.014001 
0.77113 0.013990 
0.77147 0.013979 
0.77180 0.013968 
0.77213 0.013957 
0.77247 0.013947 
0.77280 0.013937 
0.77314 0.013926 
0.77347 0.013915 
0.77381 0.013905 
0.77414 0.013894 
0.77447 0.013884 
0.77481 0.013873 
0.77514 0.013863 
0.77548 0.013853 
0.77581 0.013842 
0.77614 0.013831 
0.77648 0.013821 
0.77681 0.013811 
0.77715 0.013800 
0.77748 0.013789 
0.77781 0.013779 
0.77815 0.013769 
0.77848 0.013758 
0.77882 0.013748 
0.77915 0.013738 
0.77949 0.013728 
0.77982 0.013717 
0.78015 0.013706 
0.78049 0.013696 
0.78082 0.013685 
0.78116 0.013676 
0.78149 0.013665 
0.78182 0.013655 
0.78216 0.013645 
0.78249 0.013635 
0.78283 0.013625 
0.78316 0.013615 
0.78349 0.013605 
0.78383 0.013594 
0.78416 0.013584 
0.78450 0.013575 
0.78483 0.013564 
0.78517 0.013554 
0.78550 0.013544 
0.78583 0.013534 
0.78617 0.013524 
0.78650 0.013514 
0.78684 0.013504 
0.78717 0.013494 
0.78750 0.013483 
0.78784 0.013473 
0.78817 0.013463 
0.78851 0.013453 
0.78884 0.013443 
0.78917 0.013433 
0.78951 0.013422 
0.78984 0.013413 
0.79018 0.013402 
0.79051 0.013392 
0.79085 0.013382 
0.79118 0.013371 
0.79151 0.013362 
0.79185 0.013351 
0.79218 0.013342 
0.79252 0.013331 
0.79285 0.013321 
0.79318 0.013311 
0.79352 0.013301 
0.79385 0.013290 
0.79419 0.013281 
0.79452 0.013271 
0.79485 0.013262 
0.79519 0.013251 
0.79552 0.013241 
0.79586 0.013231 
0.79619 0.013222 
0.79653 0.013212 
0.79686 0.013202 
0.79719 0.013192 
0.79753 0.013182 
0.79786 0.013172 
0.79820 0.013162 
0.79853 0.013153 
0.79886 0.013143 
0.79920 0.013133 
0.79953 0.013123 
0.79987 0.013113 
0.80020 0.013103 
0.80053 0.013093 
0.80087 0.013084 
0.80120 0.013074 
0.80154 0.013064 
0.80187 0.013054 
0.80221 0.013044 
0.80254 0.013034 
0.80287 0.013025 
0.80321 0.013015 
0.80354 0.013006 
0.80388 0.012996 
0.80421 0.012986 
0.80454 0.012977 
0.80488 0.012967 
0.80521 0.012958 
0.80555 0.012949 
0.80588 0.012939 
0.80621 0.012930 
0.80655 0.012920 
0.80688 0.012911 
0.80722 0.012901 
0.80755 0.012891 
0.80789 0.012882 
0.80822 0.012872 
0.80855 0.012862 
0.80889 0.012853 
0.80922 0.012844 
0.80956 0.012834 
0.80989 0.012824 
0.81022 0.012815 
0.81056 0.012806 
0.81089 0.012796 
0.81123 0.012787 
0.81156 0.012777 
0.81189 0.012767 
0.81223 0.012758 
0.81256 0.012748 
0.81290 0.012739 
0.81323 0.012730 
0.81356 0.012721 
0.81390 0.012711 
0.81423 0.012702 
0.81457 0.012693 
0.81490 0.012684 
0.81524 0.012674 
0.81557 0.012665 
0.81590 0.012656 
0.81624 0.012647 
0.81657 0.012638 
0.81691 0.012629 
0.81724 0.012620 
0.81757 0.012610 
0.81791 0.012601 
0.81824 0.012592 
0.81858 0.012582 
0.81891 0.012573 
0.81924 0.012564 
0.81958 0.012554 
0.81991 0.012545 
0.82025 0.012536 
0.82058 0.012527 
0.82092 0.012518 
0.82125 0.012509 
0.82158 0.012500 
0.82192 0.012491 
0.82225 0.012482 
0.82259 0.012473 
0.82292 0.012464 
0.82325 0.012455 
0.82359 0.012446 
0.82392 0.012437 
0.82426 0.012428 
0.82459 0.012419 
0.82492 0.012410 
0.82526 0.012401 
0.82559 0.012392 
0.82593 0.012383 
0.82626 0.012373 
0.82660 0.012365 
0.82693 0.012356 
0.82726 0.012347 
0.82760 0.012338 
0.82793 0.012329 
0.82827 0.012320 
0.82860 0.012311 
0.82893 0.012303 
0.82927 0.012294 
0.82960 0.012285 
0.82994 0.012276 
0.83027 0.012267 
0.83060 0.012258 
0.83094 0.012249 
0.83127 0.012240 
0.83161 0.012232 
0.83194 0.012223 
0.83228 0.012214 
0.83261 0.012205 
0.83294 0.012197 
0.83328 0.012188 
0.83361 0.012179 
0.83395 0.012170 
0.83428 0.012161 
0.83461 0.012153 
0.83495 0.012144 
0.83528 0.012135 
0.83562 0.012127 
0.83595 0.012118 
0.83628 0.012109 
0.83662 0.012100 
0.83695 0.012091 
0.83729 0.012082 
0.83762 0.012073 
0.83796 0.012064 
0.83829 0.012056 
0.83862 0.012047 
0.83896 0.012039 
0.83929 0.012030 
0.83963 0.012022 
0.83996 0.012013 
0.84029 0.012004 
0.84063 0.011995 
0.84096 0.011987 
0.84130 0.011978 
0.84163 0.011969 
0.84196 0.011960 
0.84230 0.011951 
0.84263 0.011943 
0.84297 0.011935 
0.84330 0.011926 
0.84364 0.011918 
0.84397 0.011910 
0.84430 0.011902 
0.84464 0.011893 
0.84497 0.011884 
0.84531 0.011875 
0.84564 0.011867 
0.84597 0.011858 
0.84631 0.011850 
0.84664 0.011841 
0.84698 0.011833 
0.84731 0.011825 
0.84764 0.011816 
0.84798 0.011808 
0.84831 0.011800 
0.84865 0.011791 
0.84898 0.011783 
0.84932 0.011774 
0.84965 0.011766 
0.84998 0.011758 
0.85032 0.011750 
0.85065 0.011742 
0.85099 0.011733 
0.85132 0.011725 
0.85165 0.011717 
0.85199 0.011708 
0.85232 0.011700 
0.85266 0.011692 
0.85299 0.011684 
0.85332 0.011675 
0.85366 0.011667 
0.85399 0.011658 
0.85433 0.011650 
0.85466 0.011642 
0.85499 0.011634 
0.85533 0.011626 
0.85566 0.011617 
0.85600 0.011610 
0.85633 0.011601 
0.85667 0.011593 
0.85700 0.011585 
0.85733 0.011577 
0.85767 0.011569 
0.85800 0.011561 
0.85834 0.011552 
0.85867 0.011544 
0.85900 0.011536 
0.85934 0.011528 
0.85967 0.011520 
0.86001 0.011512 
0.86034 0.011504 
0.86067 0.011496 
0.86101 0.011488 
0.86134 0.011480 
0.86168 0.011472 
0.86201 0.011464 
0.86235 0.011456 
0.86268 0.011448 
0.86301 0.011440 
0.86335 0.011432 
0.86368 0.011424 
0.86402 0.011416 
0.86435 0.011408 
0.86468 0.011400 
0.86502 0.011392 
0.86535 0.011384 
0.86569 0.011376 
0.86602 0.011367 
0.86635 0.011360 
0.86669 0.011352 
0.86702 0.011344 
0.86736 0.011335 
0.86769 0.011327 
0.86803 0.011319 
0.86836 0.011311 
0.86869 0.011303 
0.86903 0.011296 
0.86936 0.011288 
0.86970 0.011280 
0.87003 0.011272 
0.87036 0.011265 
0.87070 0.011256 
0.87103 0.011248 
0.87137 0.011241 
0.87170 0.011233 
0.87203 0.011225 
0.87237 0.011217 
0.87270 0.011209 
0.87304 0.011201 
0.87337 0.011193 
0.87371 0.011186 
0.87404 0.011178 
0.87437 0.011170 
0.87471 0.011162 
0.87504 0.011153 
0.87538 0.011146 
0.87571 0.011138 
0.87604 0.011130 
0.87638 0.011122 
0.87671 0.011114 
0.87705 0.011107 
0.87738 0.011099 
0.87771 0.011091 
0.87805 0.011083 
0.87838 0.011076 
0.87872 0.011068 
0.87905 0.011060 
0.87939 0.011052 
0.87972 0.011045 
0.88005 0.011037 
0.88039 0.011029 
0.88072 0.011021 
0.88106 0.011013 
0.88139 0.011006 
0.88172 0.010998 
0.88206 0.010990 
0.88239 0.010983 
0.88273 0.010975 
0.88306 0.010968 
0.88339 0.010960 
0.88373 0.010952 
0.88406 0.010944 
0.88440 0.010937 
0.88473 0.010929 
0.88507 0.010922 
0.88540 0.010914 
0.88573 0.010906 
0.88607 0.010899 
0.88640 0.010891 
0.88674 0.010884 
0.88707 0.010876 
0.88740 0.010868 
0.88774 0.010861 
0.88807 0.010853 
0.88841 0.010846 
0.88874 0.010838 
0.88907 0.010830 
0.88941 0.010823 
0.88974 0.010815 
0.89008 0.010808 
0.89041 0.010800 
0.89075 0.010793 
0.89108 0.010785 
0.89141 0.010778 
0.89175 0.010770 
0.89208 0.010763 
0.89242 0.010755 
0.89275 0.010748 
0.89308 0.010741 
0.89342 0.010733 
0.89375 0.010726 
0.89409 0.010718 
0.89442 0.010711 
0.89475 0.010704 
0.89509 0.010696 
0.89542 0.010689 
0.89576 0.010682 
0.89609 0.010675 
0.89642 0.010668 
0.89676 0.010660 
0.89709 0.010653 
0.89743 0.010646 
0.89776 0.010639 
0.89810 0.010631 
0.89843 0.010624 
0.89876 0.010617 
0.89910 0.010610 
0.89943 0.010602 
0.89977 0.010595 
0.90010 0.010588 
0.90043 0.010581 
0.90077 0.010573 
0.90110 0.010566 
0.90144 0.010559 
0.90177 0.010551 
0.90210 0.010544 
0.90244 0.010537 
0.90277 0.010530 
0.90311 0.010523 
0.90344 0.010515 
0.90378 0.010508 
0.90411 0.010501 
0.90444 0.010494 
0.90478 0.010487 
0.90511 0.010479 
0.90545 0.010472 
0.90578 0.010465 
0.90611 0.010458 
0.90645 0.010451 
0.90678 0.010444 
0.90712 0.010437 
0.90745 0.010430 
0.90778 0.010423 
0.90812 0.010415 
0.90845 0.010408 
0.90879 0.010401 
0.90912 0.010394 
0.90946 0.010387 
0.90979 0.010380 
0.91012 0.010372 
0.91046 0.010365 
0.91079 0.010358 
0.91113 0.010351 
0.91146 0.010344 
0.91179 0.010337 
0.91213 0.010330 
0.91246 0.010323 
0.91280 0.010315 
0.91313 0.010308 
0.91346 0.010301 
0.91380 0.010294 
0.91413 0.010287 
0.91447 0.010280 
0.91480 0.010273 
0.91514 0.010266 
0.91547 0.010259 
0.91580 0.010253 
0.91614 0.010246 
0.91647 0.010239 
0.91681 0.010232 
0.91714 0.010225 
0.91747 0.010218 
0.91781 0.010211 
0.91814 0.010204 
0.91848 0.010197 
0.91881 0.010190 
0.91914 0.010183 
0.91948 0.010176 
0.91981 0.010169 
0.92015 0.010163 
0.92048 0.010156 
0.92082 0.010149 
0.92115 0.010142 
0.92148 0.010135 
0.92182 0.010128 
0.92215 0.010122 
0.92249 0.010115 
0.92282 0.010108 
0.92315 0.010101 
0.92349 0.010094 
0.92382 0.010087 
0.92416 0.010081 
0.92449 0.010074 
0.92482 0.010067 
0.92516 0.010061 
0.92549 0.010054 
0.92583 0.010047 
0.92616 0.010041 
0.92650 0.010034 
0.92683 0.010027 
0.92716 0.010020 
0.92750 0.010014 
0.92783 0.010007 
0.92817 0.010000 
0.92850 0.009993 
0.92883 0.009987 
0.92917 0.009980 
0.92950 0.009973 
0.92984 0.009967 
0.93017 0.009960 
0.93050 0.009954 
0.93084 0.009947 
0.93117 0.009940 
0.93151 0.009933 
0.93184 0.009927 
0.93218 0.009920 
0.93251 0.009913 
0.93284 0.009906 
0.93318 0.009900 
0.93351 0.009893 
0.93385 0.009886 
0.93418 0.009879 
0.93451 0.009872 
0.93485 0.009866 
0.93518 0.009859 
0.93552 0.009852 
0.93585 0.009845 
0.93618 0.009839 
0.93652 0.009832 
0.93685 0.009825 
0.93719 0.009819 
0.93752 0.009812 
0.93785 0.009805 
0.93819 0.009798 
0.93852 0.009792 
0.93886 0.009785 
0.93919 0.009779 
0.93953 0.009772 
0.93986 0.009765 
0.94019 0.009758 
0.94053 0.009752 
0.94086 0.009745 
0.94120 0.009739 
0.94153 0.009732 
0.94186 0.009725 
0.94220 0.009719 
0.94253 0.009713 
0.94287 0.009706 
0.94320 0.009699 
0.94353 0.009693 
0.94387 0.009686 
0.94420 0.009680 
0.94454 0.009673 
0.94487 0.009667 
0.94521 0.009660 
0.94554 0.009653 
0.94587 0.009647 
0.94621 0.009640 
0.94654 0.009634 
0.94688 0.009627 
0.94721 0.009621 
0.94754 0.009614 
0.94788 0.009608 
0.94821 0.009601 
0.94855 0.009595 
0.94888 0.009589 
0.94921 0.009582 
0.94955 0.009576 
0.94988 0.009569 
0.95022 0.009563 
0.95055 0.009556 
0.95089 0.009550 
0.95122 0.009544 
0.95155 0.009537 
0.95189 0.009531 
0.95222 0.009524 
0.95256 0.009518 
0.95289 0.009511 
0.95322 0.009505 
0.95356 0.009499 
0.95389 0.009493 
0.95423 0.009487 
0.95456 0.009480 
0.95489 0.009474 
0.95523 0.009468 
0.95556 0.009461 
0.95590 0.009455 
0.95623 0.009448 
0.95657 0.009442 
0.95690 0.009436 
0.95723 0.009430 
0.95757 0.009424 
0.95790 0.009417 
0.95824 0.009411 
0.95857 0.009405 
0.95890 0.009398 
0.95924 0.009392 
0.95957 0.009386 
0.95991 0.009380 
0.96024 0.009373 
0.96057 0.009367 
0.96091 0.009361 
0.96124 0.009355 
0.96158 0.009349 
0.96191 0.009342 
0.96225 0.009336 
0.96258 0.009330 
0.96291 0.009324 
0.96325 0.009317 
0.96358 0.009311 
0.96392 0.009305 
0.96425 0.009299 
0.96458 0.009293 
0.96492 0.009287 
0.96525 0.009281 
0.96559 0.009275 
0.96592 0.009268 
0.96625 0.009263 
0.96659 0.009256 
0.96692 0.009250 
0.96726 0.009244 
0.96759 0.009238 
0.96793 0.009232 
0.96826 0.009226 
0.96859 0.009220 
0.96893 0.009214 
0.96926 0.009208 
0.96960 0.009201 
0.96993 0.009195 
0.97026 0.009189 
0.97060 0.009183 
0.97093 0.009177 
0.97127 0.009171 
0.97160 0.009165 
0.97193 0.009159 
0.97227 0.009153 
0.97260 0.009147 
0.97294 0.009141 
0.97327 0.009135 
0.97361 0.009129 
0.97394 0.009123 
0.97427 0.009117 
0.97461 0.009111 
0.97494 0.009105 
0.97528 0.009099 
0.97561 0.009093 
0.97594 0.009087 
0.97628 0.009081 
0.97661 0.009075 
0.97695 0.009069 
0.97728 0.009063 
0.97761 0.009057 
0.97795 0.009051 
0.97828 0.009045 
0.97862 0.009039 
0.97895 0.009033 
0.97928 0.009027 
0.97962 0.009021 
0.97995 0.009015 
0.98029 0.009009 
0.98062 0.009004 
0.98096 0.008998 
0.98129 0.008992 
0.98162 0.008986 
0.98196 0.008980 
0.98229 0.008974 
0.98263 0.008968 
0.98296 0.008962 
0.98329 0.008956 
0.98363 0.008951 
0.98396 0.008945 
0.98430 0.008939 
0.98463 0.008933 
0.98496 0.008927 
0.98530 0.008921 
0.98563 0.008916 
0.98597 0.008910 
0.98630 0.008904 
0.98664 0.008898 
0.98697 0.008892 
0.98730 0.008887 
0.98764 0.008881 
0.98797 0.008875 
0.98831 0.008869 
0.98864 0.008863 
0.98897 0.008858 
0.98931 0.008852 
0.98964 0.008846 
0.98998 0.008840 
0.99031 0.008835 
0.99064 0.008829 
0.99098 0.008823 
0.99131 0.008817 
0.99165 0.008812 
0.99198 0.008806 
0.99232 0.008800 
0.99265 0.008795 
0.99298 0.008789 
0.99332 0.008783 
0.99365 0.008777 
0.99399 0.008772 
0.99432 0.008766 
0.99465 0.008760 
0.99499 0.008755 
0.99532 0.008749 
0.99566 0.008744 
0.99599 0.008738 
0.99632 0.008732 
0.99666 0.008727 
0.99699 0.008721 
0.99733 0.008715 
0.99766 0.008710 
0.99800 0.008704 
0.99833 0.008699 
0.99866 0.008693 
0.99900 0.008687 
0.99933 0.008682 
0.99967 0.008676 
1.00000 0.008671 
