1 1
0.00067 1.000000 
0.00100 1.000000 
0.00134 1.000000 
0.00167 1.000000 
0.00201 1.000000 
0.00234 1.000000 
0.00268 1.000000 
0.00301 1.000000 
0.00335 1.000000 
0.00368 1.000000 
0.00402 1.000000 
0.00435 1.000000 
0.00469 1.000000 
0.00502 1.000000 
0.00536 1.000000 
0.00569 1.000000 
0.00603 1.000000 
0.00636 1.000000 
0.00670 1.000000 
0.00703 1.000000 
0.00737 1.000000 
0.00770 1.000000 
0.00803 1.000000 
0.00837 1.000000 
0.00870 1.000000 
0.00904 1.000000 
0.00937 1.000000 
0.00971 1.000000 
0.01004 1.000000 
0.01038 1.000000 
0.01071 1.000000 
0.01105 1.000000 
0.01138 1.000000 
0.01172 1.000000 
0.01205 1.000000 
0.01239 1.000000 
0.01272 1.000000 
0.01306 0.998650 
0.01339 0.998718 
0.01373 0.998780 
0.01406 0.998839 
0.01440 0.998893 
0.01473 0.998943 
0.01507 0.998990 
0.01540 0.999034 
0.01573 0.999075 
0.01607 0.999113 
0.01640 0.998299 
0.01674 0.996735 
0.01707 0.996863 
0.01741 0.995475 
0.01774 0.995646 
0.01808 0.994410 
0.01841 0.992593 
0.01875 0.992857 
0.01908 0.991855 
0.01942 0.989111 
0.01975 0.984804 
0.02009 0.984181 
0.02042 0.981967 
0.02076 0.981491 
0.02109 0.980543 
0.02143 0.978175 
0.02176 0.972115 
0.02210 0.970163 
0.02243 0.970149 
0.02277 0.967954 
0.02310 0.963342 
0.02343 0.961905 
0.02377 0.958954 
0.02410 0.956573 
0.02444 0.953957 
0.02477 0.950019 
0.02511 0.948468 
0.02544 0.945263 
0.02578 0.942925 
0.02611 0.941392 
0.02645 0.940604 
0.02678 0.938924 
0.02712 0.937037 
0.02745 0.934357 
0.02779 0.931825 
0.02812 0.930006 
0.02846 0.924650 
0.02879 0.918468 
0.02913 0.910986 
0.02946 0.908830 
0.02980 0.906537 
0.03013 0.905618 
0.03047 0.904274 
0.03080 0.901577 
0.03113 0.896914 
0.03147 0.894303 
0.03180 0.894065 
0.03214 0.891228 
0.03247 0.887242 
0.03281 0.883652 
0.03314 0.879612 
0.03348 0.877576 
0.03381 0.868515 
0.03415 0.861969 
0.03448 0.854940 
0.03482 0.850822 
0.03515 0.849267 
0.03549 0.845822 
0.03582 0.844825 
0.03616 0.839737 
0.03649 0.835372 
0.03683 0.831193 
0.03716 0.828501 
0.03750 0.826255 
0.03783 0.824431 
0.03817 0.821301 
0.03850 0.815408 
0.03883 0.813943 
0.03917 0.811524 
0.03950 0.807185 
0.03984 0.805441 
0.04017 0.801821 
0.04051 0.800000 
0.04084 0.795421 
0.04118 0.788085 
0.04151 0.783242 
0.04185 0.778323 
0.04218 0.775873 
0.04252 0.773528 
0.04285 0.768332 
0.04319 0.763081 
0.04352 0.760883 
0.04386 0.758309 
0.04419 0.756188 
0.04453 0.752108 
0.04486 0.750309 
0.04520 0.743394 
0.04553 0.741503 
0.04587 0.735938 
0.04620 0.730139 
0.04653 0.728183 
0.04687 0.723947 
0.04720 0.717528 
0.04754 0.714514 
0.04787 0.712105 
0.04821 0.707459 
0.04854 0.702011 
0.04888 0.697969 
0.04921 0.695648 
0.04955 0.692682 
0.04988 0.689643 
0.05022 0.684922 
0.05055 0.681325 
0.05089 0.680115 
0.05122 0.676127 
0.05156 0.673712 
0.05189 0.671554 
0.05223 0.667328 
0.05256 0.663809 
0.05290 0.661211 
0.05323 0.659342 
0.05357 0.654953 
0.05390 0.652019 
0.05424 0.647573 
0.05457 0.645838 
0.05490 0.642077 
0.05524 0.637324 
0.05557 0.634830 
0.05591 0.631268 
0.05624 0.628315 
0.05658 0.626655 
0.05691 0.623808 
0.05725 0.620571 
0.05758 0.617231 
0.05792 0.612784 
0.05825 0.609262 
0.05859 0.606305 
0.05892 0.603571 
0.05926 0.600732 
0.05959 0.597410 
0.05993 0.596071 
0.06026 0.593917 
0.06060 0.590792 
0.06093 0.587578 
0.06127 0.585960 
0.06160 0.582977 
0.06194 0.581610 
0.06227 0.578901 
0.06260 0.576333 
0.06294 0.574525 
0.06327 0.571823 
0.06361 0.568922 
0.06394 0.565335 
0.06428 0.563754 
0.06461 0.560935 
0.06495 0.557342 
0.06528 0.554692 
0.06562 0.552172 
0.06595 0.549104 
0.06629 0.547352 
0.06662 0.545708 
0.06696 0.543819 
0.06729 0.539950 
0.06763 0.537806 
0.06796 0.535336 
0.06830 0.532986 
0.06863 0.529986 
0.06897 0.526829 
0.06930 0.523381 
0.06964 0.520438 
0.06997 0.517621 
0.07030 0.514012 
0.07064 0.511532 
0.07097 0.509166 
0.07131 0.507751 
0.07164 0.504805 
0.07198 0.501630 
0.07231 0.499397 
0.07265 0.497525 
0.07298 0.495201 
0.07332 0.492145 
0.07365 0.489290 
0.07399 0.486590 
0.07432 0.484326 
0.07466 0.481356 
0.07499 0.479701 
0.07533 0.477421 
0.07566 0.474730 
0.07600 0.472418 
0.07633 0.470477 
0.07667 0.468475 
0.07700 0.467325 
0.07734 0.465086 
0.07767 0.462756 
0.07800 0.461558 
0.07834 0.459227 
0.07867 0.457538 
0.07901 0.454850 
0.07934 0.452406 
0.07968 0.450484 
0.08001 0.448296 
0.08035 0.446478 
0.08068 0.444191 
0.08102 0.442440 
0.08135 0.440023 
0.08169 0.437867 
0.08202 0.436701 
0.08236 0.435142 
0.08269 0.433528 
0.08303 0.431239 
0.08336 0.429168 
0.08370 0.427052 
0.08403 0.424861 
0.08437 0.423259 
0.08470 0.421921 
0.08504 0.420466 
0.08537 0.418434 
0.08570 0.416238 
0.08604 0.414062 
0.08637 0.412180 
0.08671 0.410523 
0.08704 0.408940 
0.08738 0.407162 
0.08771 0.405487 
0.08805 0.403680 
0.08838 0.401256 
0.08872 0.399371 
0.08905 0.397900 
0.08939 0.396243 
0.08972 0.394237 
0.09006 0.392443 
0.09039 0.390417 
0.09073 0.388438 
0.09106 0.386694 
0.09140 0.384939 
0.09173 0.383680 
0.09207 0.381951 
0.09240 0.379789 
0.09274 0.378250 
0.09307 0.376932 
0.09340 0.375132 
0.09374 0.373502 
0.09407 0.372293 
0.09441 0.370182 
0.09474 0.368870 
0.09508 0.366745 
0.09541 0.365332 
0.09575 0.364103 
0.09608 0.362735 
0.09642 0.360821 
0.09675 0.359429 
0.09709 0.358000 
0.09742 0.356440 
0.09776 0.355105 
0.09809 0.353476 
0.09843 0.351722 
0.09876 0.350352 
0.09910 0.349038 
0.09943 0.347825 
0.09977 0.346327 
0.10010 0.344773 
0.10044 0.343300 
0.10077 0.342082 
0.10110 0.340389 
0.10144 0.339191 
0.10177 0.337676 
0.10211 0.336346 
0.10244 0.334919 
0.10278 0.333568 
0.10311 0.332099 
0.10345 0.330517 
0.10378 0.329137 
0.10412 0.327414 
0.10445 0.325810 
0.10479 0.324240 
0.10512 0.322684 
0.10546 0.321262 
0.10579 0.319992 
0.10613 0.319071 
0.10646 0.317640 
0.10680 0.316398 
0.10713 0.315184 
0.10747 0.313668 
0.10780 0.312030 
0.10814 0.310713 
0.10847 0.309731 
0.10880 0.308205 
0.10914 0.307050 
0.10947 0.305717 
0.10981 0.304561 
0.11014 0.303117 
0.11048 0.302330 
0.11081 0.301126 
0.11115 0.299585 
0.11148 0.298419 
0.11182 0.297153 
0.11215 0.295880 
0.11249 0.294581 
0.11282 0.293009 
0.11316 0.291767 
0.11349 0.290726 
0.11383 0.289433 
0.11416 0.288218 
0.11450 0.287081 
0.11483 0.285902 
0.11517 0.284816 
0.11550 0.283485 
0.11584 0.282265 
0.11617 0.281105 
0.11650 0.280135 
0.11684 0.278909 
0.11717 0.277691 
0.11751 0.276500 
0.11784 0.275560 
0.11818 0.274192 
0.11851 0.273171 
0.11885 0.272094 
0.11918 0.271182 
0.11952 0.270214 
0.11985 0.268923 
0.12019 0.267674 
0.12052 0.266713 
0.12086 0.266066 
0.12119 0.265071 
0.12153 0.264098 
0.12186 0.263161 
0.12220 0.262201 
0.12253 0.261202 
0.12287 0.260449 
0.12320 0.259418 
0.12354 0.258513 
0.12387 0.257482 
0.12420 0.256516 
0.12454 0.255731 
0.12487 0.254706 
0.12521 0.253645 
0.12554 0.252749 
0.12588 0.251957 
0.12621 0.251298 
0.12655 0.250291 
0.12688 0.249431 
0.12722 0.248577 
0.12755 0.247562 
0.12789 0.246705 
0.12822 0.246019 
0.12856 0.245009 
0.12889 0.244183 
0.12923 0.243187 
0.12956 0.242412 
0.12990 0.241589 
0.13023 0.240598 
0.13057 0.239655 
0.13090 0.238848 
0.13124 0.237773 
0.13157 0.236992 
0.13190 0.235995 
0.13224 0.235045 
0.13257 0.234152 
0.13291 0.233176 
0.13324 0.232472 
0.13358 0.231672 
0.13391 0.230727 
0.13425 0.229825 
0.13458 0.228831 
0.13492 0.228078 
0.13525 0.227158 
0.13559 0.226439 
0.13592 0.225604 
0.13626 0.224919 
0.13659 0.224153 
0.13693 0.223513 
0.13726 0.222852 
0.13760 0.222028 
0.13793 0.221187 
0.13827 0.220386 
0.13860 0.219462 
0.13894 0.218718 
0.13927 0.218038 
0.13960 0.217430 
0.13994 0.216619 
0.14027 0.215859 
0.14061 0.215036 
0.14094 0.214229 
0.14128 0.213552 
0.14161 0.212654 
0.14195 0.211930 
0.14228 0.211021 
0.14262 0.210284 
0.14295 0.209398 
0.14329 0.208617 
0.14362 0.207884 
0.14396 0.207297 
0.14429 0.206691 
0.14463 0.206002 
0.14496 0.205318 
0.14530 0.204500 
0.14563 0.203729 
0.14597 0.202942 
0.14630 0.202129 
0.14664 0.201488 
0.14697 0.200903 
0.14730 0.200259 
0.14764 0.199495 
0.14797 0.198787 
0.14831 0.198257 
0.14864 0.197537 
0.14898 0.196852 
0.14931 0.196302 
0.14965 0.195534 
0.14998 0.194791 
0.15032 0.194261 
0.15065 0.193625 
0.15099 0.192974 
0.15132 0.192296 
0.15166 0.191594 
0.15199 0.191100 
0.15233 0.190579 
0.15266 0.189830 
0.15300 0.189230 
0.15333 0.188585 
0.15367 0.188001 
0.15400 0.187345 
0.15434 0.186645 
0.15467 0.186100 
0.15501 0.185577 
0.15534 0.184870 
0.15567 0.184372 
0.15601 0.183820 
0.15634 0.183152 
0.15668 0.182525 
0.15701 0.181993 
0.15735 0.181364 
0.15768 0.180711 
0.15802 0.180233 
0.15835 0.179623 
0.15869 0.178973 
0.15902 0.178334 
0.15936 0.177797 
0.15969 0.177272 
0.16003 0.176767 
0.16036 0.176134 
0.16070 0.175652 
0.16103 0.175121 
0.16137 0.174679 
0.16170 0.174154 
0.16204 0.173605 
0.16237 0.173060 
0.16271 0.172407 
0.16304 0.171893 
0.16337 0.171248 
0.16371 0.170740 
0.16404 0.170193 
0.16438 0.169724 
0.16471 0.169208 
0.16505 0.168571 
0.16538 0.168037 
0.16572 0.167480 
0.16605 0.166968 
0.16639 0.166434 
0.16672 0.165895 
0.16706 0.165407 
0.16739 0.165018 
0.16773 0.164415 
0.16806 0.163935 
0.16840 0.163426 
0.16873 0.162904 
0.16907 0.162353 
0.16940 0.161766 
0.16974 0.161276 
0.17007 0.160757 
0.17041 0.160273 
0.17074 0.159814 
0.17107 0.159372 
0.17141 0.158903 
0.17174 0.158428 
0.17208 0.157978 
0.17241 0.157523 
0.17275 0.156981 
0.17308 0.156598 
0.17342 0.156120 
0.17375 0.155630 
0.17409 0.155232 
0.17442 0.154806 
0.17476 0.154308 
0.17509 0.153791 
0.17543 0.153314 
0.17576 0.152846 
0.17610 0.152395 
0.17643 0.151882 
0.17677 0.151422 
0.17710 0.150921 
0.17744 0.150451 
0.17777 0.149934 
0.17811 0.149562 
0.17844 0.149163 
0.17877 0.148702 
0.17911 0.148189 
0.17944 0.147782 
0.17978 0.147371 
0.18011 0.146913 
0.18045 0.146499 
0.18078 0.146011 
0.18112 0.145567 
0.18145 0.145207 
0.18179 0.144741 
0.18212 0.144371 
0.18246 0.144003 
0.18279 0.143583 
0.18313 0.143239 
0.18346 0.142823 
0.18380 0.142455 
0.18413 0.142030 
0.18447 0.141581 
0.18480 0.141166 
0.18514 0.140787 
0.18547 0.140363 
0.18581 0.140014 
0.18614 0.139646 
0.18647 0.139248 
0.18681 0.138833 
0.18714 0.138503 
0.18748 0.138161 
0.18781 0.137802 
0.18815 0.137337 
0.18848 0.136989 
0.18882 0.136591 
0.18915 0.136195 
0.18949 0.135827 
0.18982 0.135472 
0.19016 0.135082 
0.19049 0.134700 
0.19083 0.134332 
0.19116 0.133936 
0.19150 0.133553 
0.19183 0.133191 
0.19217 0.132799 
0.19250 0.132410 
0.19284 0.132017 
0.19317 0.131626 
0.19351 0.131212 
0.19384 0.130842 
0.19417 0.130463 
0.19451 0.130109 
0.19484 0.129709 
0.19518 0.129305 
0.19551 0.128950 
0.19585 0.128644 
0.19618 0.128316 
0.19652 0.127919 
0.19685 0.127525 
0.19719 0.127231 
0.19752 0.126897 
0.19786 0.126565 
0.19819 0.126189 
0.19853 0.125855 
0.19886 0.125539 
0.19920 0.125213 
0.19953 0.124900 
0.19987 0.124594 
0.20020 0.124295 
0.20054 0.123936 
0.20087 0.123595 
0.20121 0.123283 
0.20154 0.122918 
0.20187 0.122576 
0.20221 0.122236 
0.20254 0.121904 
0.20288 0.121545 
0.20321 0.121204 
0.20355 0.120892 
0.20388 0.120582 
0.20422 0.120235 
0.20455 0.119938 
0.20489 0.119573 
0.20522 0.119225 
0.20556 0.118916 
0.20589 0.118561 
0.20623 0.118229 
0.20656 0.117909 
0.20690 0.117627 
0.20723 0.117289 
0.20757 0.116999 
0.20790 0.116726 
0.20824 0.116382 
0.20857 0.116070 
0.20891 0.115755 
0.20924 0.115477 
0.20957 0.115134 
0.20991 0.114863 
0.21024 0.114523 
0.21058 0.114250 
0.21091 0.113912 
0.21125 0.113576 
0.21158 0.113282 
0.21192 0.112984 
0.21225 0.112653 
0.21259 0.112353 
0.21292 0.112098 
0.21326 0.111825 
0.21359 0.111499 
0.21393 0.111199 
0.21426 0.110950 
0.21460 0.110706 
0.21493 0.110429 
0.21527 0.110183 
0.21560 0.109922 
0.21594 0.109615 
0.21627 0.109367 
0.21661 0.109110 
0.21694 0.108845 
0.21727 0.108543 
0.21761 0.108242 
0.21794 0.107929 
0.21828 0.107635 
0.21861 0.107367 
0.21895 0.107095 
0.21928 0.106805 
0.21962 0.106572 
0.21995 0.106304 
0.22029 0.106013 
0.22062 0.105728 
0.22096 0.105444 
0.22129 0.105222 
0.22163 0.104963 
0.22196 0.104683 
0.22230 0.104404 
0.22263 0.104167 
0.22297 0.103913 
0.22330 0.103646 
0.22364 0.103399 
0.22397 0.103157 
0.22431 0.102925 
0.22464 0.102649 
0.22497 0.102406 
0.22531 0.102155 
0.22564 0.101900 
0.22598 0.101668 
0.22631 0.101420 
0.22665 0.101177 
0.22698 0.100909 
0.22732 0.100690 
0.22765 0.100416 
0.22799 0.100147 
0.22832 0.099892 
0.22866 0.099655 
0.22899 0.099398 
0.22933 0.099155 
0.22966 0.098942 
0.23000 0.098726 
0.23033 0.098478 
0.23067 0.098238 
0.23100 0.098004 
0.23134 0.097817 
0.23167 0.097584 
0.23201 0.097340 
0.23234 0.097089 
0.23267 0.096884 
0.23301 0.096647 
0.23334 0.096386 
0.23368 0.096171 
0.23401 0.095986 
0.23435 0.095782 
0.23468 0.095561 
0.23502 0.095318 
0.23535 0.095091 
0.23569 0.094853 
0.23602 0.094620 
0.23636 0.094385 
0.23669 0.094166 
0.23703 0.093952 
0.23736 0.093738 
0.23770 0.093522 
0.23803 0.093334 
0.23837 0.093100 
0.23870 0.092870 
0.23904 0.092661 
0.23937 0.092453 
0.23971 0.092230 
0.24004 0.092015 
0.24037 0.091805 
0.24071 0.091593 
0.24104 0.091392 
0.24138 0.091212 
0.24171 0.090990 
0.24205 0.090784 
0.24238 0.090583 
0.24272 0.090379 
0.24305 0.090176 
0.24339 0.089969 
0.24372 0.089779 
0.24406 0.089559 
0.24439 0.089336 
0.24473 0.089144 
0.24506 0.088949 
0.24540 0.088766 
0.24573 0.088547 
0.24607 0.088391 
0.24640 0.088188 
0.24674 0.087985 
0.24707 0.087776 
0.24741 0.087568 
0.24774 0.087364 
0.24807 0.087183 
0.24841 0.086985 
0.24874 0.086805 
0.24908 0.086604 
0.24941 0.086408 
0.24975 0.086219 
0.25008 0.086056 
0.25042 0.085851 
0.25075 0.085676 
0.25109 0.085504 
0.25142 0.085319 
0.25176 0.085113 
0.25209 0.084923 
0.25243 0.084747 
0.25276 0.084557 
0.25310 0.084369 
0.25343 0.084181 
0.25377 0.083990 
0.25410 0.083821 
0.25444 0.083642 
0.25477 0.083453 
0.25511 0.083300 
0.25544 0.083119 
0.25578 0.082929 
0.25611 0.082777 
0.25644 0.082629 
0.25678 0.082451 
0.25711 0.082267 
0.25745 0.082087 
0.25778 0.081925 
0.25812 0.081756 
0.25845 0.081584 
0.25879 0.081390 
0.25912 0.081210 
0.25946 0.081034 
0.25979 0.080845 
0.26013 0.080676 
0.26046 0.080486 
0.26080 0.080295 
0.26113 0.080136 
0.26147 0.079980 
0.26180 0.079798 
0.26214 0.079617 
0.26247 0.079460 
0.26281 0.079280 
0.26314 0.079098 
0.26348 0.078922 
0.26381 0.078767 
0.26414 0.078584 
0.26448 0.078430 
0.26481 0.078263 
0.26515 0.078104 
0.26548 0.077939 
0.26582 0.077765 
0.26615 0.077598 
0.26649 0.077438 
0.26682 0.077278 
0.26716 0.077131 
0.26749 0.076963 
0.26783 0.076802 
0.26816 0.076667 
0.26850 0.076503 
0.26883 0.076335 
0.26917 0.076194 
0.26950 0.076048 
0.26984 0.075897 
0.27017 0.075739 
0.27051 0.075601 
0.27084 0.075438 
0.27118 0.075280 
0.27151 0.075146 
0.27184 0.074988 
0.27218 0.074828 
0.27251 0.074686 
0.27285 0.074524 
0.27318 0.074377 
0.27352 0.074246 
0.27385 0.074089 
0.27419 0.073941 
0.27452 0.073778 
0.27486 0.073640 
0.27519 0.073488 
0.27553 0.073347 
0.27586 0.073208 
0.27620 0.073060 
0.27653 0.072921 
0.27687 0.072783 
0.27720 0.072648 
0.27754 0.072496 
0.27787 0.072356 
0.27821 0.072205 
0.27854 0.072058 
0.27888 0.071905 
0.27921 0.071755 
0.27954 0.071612 
0.27988 0.071475 
0.28021 0.071330 
0.28055 0.071177 
0.28088 0.071042 
0.28122 0.070909 
0.28155 0.070794 
0.28189 0.070654 
0.28222 0.070507 
0.28256 0.070373 
0.28289 0.070238 
0.28323 0.070094 
0.28356 0.069962 
0.28390 0.069841 
0.28423 0.069713 
0.28457 0.069574 
0.28490 0.069427 
0.28524 0.069289 
0.28557 0.069143 
0.28591 0.069003 
0.28624 0.068872 
0.28658 0.068752 
0.28691 0.068608 
0.28724 0.068478 
0.28758 0.068340 
0.28791 0.068205 
0.28825 0.068082 
0.28858 0.067954 
0.28892 0.067834 
0.28925 0.067696 
0.28959 0.067571 
0.28992 0.067436 
0.29026 0.067305 
0.29059 0.067160 
0.29093 0.067035 
0.29126 0.066905 
0.29160 0.066778 
0.29193 0.066640 
0.29227 0.066506 
0.29260 0.066388 
0.29294 0.066252 
0.29327 0.066121 
0.29361 0.065997 
0.29394 0.065880 
0.29428 0.065748 
0.29461 0.065630 
0.29494 0.065512 
0.29528 0.065384 
0.29561 0.065272 
0.29595 0.065157 
0.29628 0.065048 
0.29662 0.064917 
0.29695 0.064793 
0.29729 0.064660 
0.29762 0.064535 
0.29796 0.064418 
0.29829 0.064296 
0.29863 0.064182 
0.29896 0.064068 
0.29930 0.063960 
0.29963 0.063832 
0.29997 0.063712 
0.30030 0.063592 
0.30064 0.063476 
0.30097 0.063362 
0.30131 0.063233 
0.30164 0.063120 
0.30198 0.063007 
0.30231 0.062885 
0.30264 0.062770 
0.30298 0.062656 
0.30331 0.062542 
0.30365 0.062443 
0.30398 0.062320 
0.30432 0.062202 
0.30465 0.062078 
0.30499 0.061980 
0.30532 0.061858 
0.30566 0.061745 
0.30599 0.061626 
0.30633 0.061508 
0.30666 0.061395 
0.30700 0.061281 
0.30733 0.061173 
0.30767 0.061069 
0.30800 0.060950 
0.30834 0.060832 
0.30867 0.060726 
0.30901 0.060620 
0.30934 0.060508 
0.30968 0.060400 
0.31001 0.060281 
0.31034 0.060175 
0.31068 0.060066 
0.31101 0.059953 
0.31135 0.059840 
0.31168 0.059739 
0.31202 0.059632 
0.31235 0.059529 
0.31269 0.059422 
0.31302 0.059327 
0.31336 0.059217 
0.31369 0.059108 
0.31403 0.059007 
0.31436 0.058886 
0.31470 0.058779 
0.31503 0.058675 
0.31537 0.058561 
0.31570 0.058466 
0.31604 0.058363 
0.31637 0.058253 
0.31671 0.058159 
0.31704 0.058042 
0.31738 0.057936 
0.31771 0.057831 
0.31804 0.057721 
0.31838 0.057617 
0.31871 0.057514 
0.31905 0.057419 
0.31938 0.057321 
0.31972 0.057223 
0.32005 0.057134 
0.32039 0.057030 
0.32072 0.056930 
0.32106 0.056831 
0.32139 0.056721 
0.32173 0.056619 
0.32206 0.056527 
0.32240 0.056429 
0.32273 0.056325 
0.32307 0.056217 
0.32340 0.056124 
0.32374 0.056033 
0.32407 0.055930 
0.32441 0.055843 
0.32474 0.055742 
0.32508 0.055647 
0.32541 0.055549 
0.32574 0.055446 
0.32608 0.055355 
0.32641 0.055262 
0.32675 0.055162 
0.32708 0.055061 
0.32742 0.054974 
0.32775 0.054889 
0.32809 0.054798 
0.32842 0.054703 
0.32876 0.054608 
0.32909 0.054519 
0.32943 0.054423 
0.32976 0.054331 
0.33010 0.054242 
0.33043 0.054154 
0.33077 0.054055 
0.33110 0.053960 
0.33144 0.053863 
0.33177 0.053769 
0.33211 0.053677 
0.33244 0.053581 
0.33278 0.053487 
0.33311 0.053392 
0.33344 0.053297 
0.33378 0.053208 
0.33411 0.053119 
0.33445 0.053027 
0.33478 0.052935 
0.33512 0.052847 
0.33545 0.052760 
0.33579 0.052674 
0.33612 0.052597 
0.33646 0.052510 
0.33679 0.052422 
0.33713 0.052330 
0.33746 0.052239 
0.33780 0.052154 
0.33813 0.052058 
0.33847 0.051971 
0.33880 0.051890 
0.33914 0.051797 
0.33947 0.051714 
0.33981 0.051628 
0.34014 0.051544 
0.34048 0.051462 
0.34081 0.051376 
0.34114 0.051289 
0.34148 0.051204 
0.34181 0.051121 
0.34215 0.051040 
0.34248 0.050959 
0.34282 0.050867 
0.34315 0.050785 
0.34349 0.050707 
0.34382 0.050623 
0.34416 0.050546 
0.34449 0.050472 
0.34483 0.050393 
0.34516 0.050308 
0.34550 0.050228 
0.34583 0.050147 
0.34617 0.050060 
0.34650 0.049982 
0.34684 0.049904 
0.34717 0.049828 
0.34751 0.049753 
0.34784 0.049672 
0.34818 0.049591 
0.34851 0.049509 
0.34884 0.049432 
0.34918 0.049357 
0.34951 0.049278 
0.34985 0.049194 
0.35018 0.049119 
0.35052 0.049036 
0.35085 0.048949 
0.35119 0.048867 
0.35152 0.048787 
0.35186 0.048708 
0.35219 0.048632 
0.35253 0.048561 
0.35286 0.048478 
0.35320 0.048397 
0.35353 0.048321 
0.35387 0.048246 
0.35420 0.048175 
0.35454 0.048094 
0.35487 0.048016 
0.35521 0.047945 
0.35554 0.047866 
0.35588 0.047788 
0.35621 0.047723 
0.35655 0.047646 
0.35688 0.047572 
0.35721 0.047502 
0.35755 0.047429 
0.35788 0.047358 
0.35822 0.047282 
0.35855 0.047209 
0.35889 0.047131 
0.35922 0.047068 
0.35956 0.046999 
0.35989 0.046927 
0.36023 0.046861 
0.36056 0.046784 
0.36090 0.046706 
0.36123 0.046638 
0.36157 0.046567 
0.36190 0.046497 
0.36224 0.046418 
0.36257 0.046347 
0.36291 0.046274 
0.36324 0.046199 
0.36358 0.046129 
0.36391 0.046054 
0.36425 0.045985 
0.36458 0.045917 
0.36491 0.045846 
0.36525 0.045779 
0.36558 0.045705 
0.36592 0.045635 
0.36625 0.045562 
0.36659 0.045490 
0.36692 0.045414 
0.36726 0.045343 
0.36759 0.045278 
0.36793 0.045206 
0.36826 0.045139 
0.36860 0.045065 
0.36893 0.044990 
0.36927 0.044916 
0.36960 0.044846 
0.36994 0.044780 
0.37027 0.044714 
0.37061 0.044636 
0.37094 0.044567 
0.37128 0.044500 
0.37161 0.044436 
0.37195 0.044364 
0.37228 0.044291 
0.37261 0.044221 
0.37295 0.044153 
0.37328 0.044081 
0.37362 0.044017 
0.37395 0.043951 
0.37429 0.043884 
0.37462 0.043816 
0.37496 0.043744 
0.37529 0.043681 
0.37563 0.043616 
0.37596 0.043554 
0.37630 0.043489 
0.37663 0.043421 
0.37697 0.043360 
0.37730 0.043289 
0.37764 0.043219 
0.37797 0.043158 
0.37831 0.043094 
0.37864 0.043030 
0.37898 0.042967 
0.37931 0.042899 
0.37965 0.042831 
0.37998 0.042769 
0.38031 0.042710 
0.38065 0.042645 
0.38098 0.042583 
0.38132 0.042522 
0.38165 0.042461 
0.38199 0.042402 
0.38232 0.042339 
0.38266 0.042277 
0.38299 0.042217 
0.38333 0.042153 
0.38366 0.042091 
0.38400 0.042031 
0.38433 0.041962 
0.38467 0.041897 
0.38500 0.041831 
0.38534 0.041765 
0.38567 0.041707 
0.38601 0.041650 
0.38634 0.041590 
0.38668 0.041528 
0.38701 0.041469 
0.38735 0.041407 
0.38768 0.041343 
0.38801 0.041284 
0.38835 0.041228 
0.38868 0.041165 
0.38902 0.041101 
0.38935 0.041040 
0.38969 0.040980 
0.39002 0.040919 
0.39036 0.040857 
0.39069 0.040797 
0.39103 0.040735 
0.39136 0.040680 
0.39170 0.040622 
0.39203 0.040564 
0.39237 0.040508 
0.39270 0.040455 
0.39304 0.040394 
0.39337 0.040333 
0.39371 0.040278 
0.39404 0.040220 
0.39438 0.040157 
0.39471 0.040103 
0.39505 0.040050 
0.39538 0.039995 
0.39571 0.039940 
0.39605 0.039883 
0.39638 0.039825 
0.39672 0.039769 
0.39705 0.039714 
0.39739 0.039657 
0.39772 0.039598 
0.39806 0.039536 
0.39839 0.039475 
0.39873 0.039422 
0.39906 0.039367 
0.39940 0.039311 
0.39973 0.039257 
0.40007 0.039197 
0.40040 0.039146 
0.40074 0.039087 
0.40107 0.039031 
0.40141 0.038978 
0.40174 0.038923 
0.40208 0.038865 
0.40241 0.038808 
0.40275 0.038749 
0.40308 0.038698 
0.40341 0.038646 
0.40375 0.038591 
0.40408 0.038533 
0.40442 0.038476 
0.40475 0.038422 
0.40509 0.038367 
0.40542 0.038310 
0.40576 0.038258 
0.40609 0.038204 
0.40643 0.038153 
0.40676 0.038101 
0.40710 0.038047 
0.40743 0.037991 
0.40777 0.037940 
0.40810 0.037885 
0.40844 0.037827 
0.40877 0.037773 
0.40911 0.037722 
0.40944 0.037670 
0.40978 0.037616 
0.41011 0.037564 
0.41045 0.037511 
0.41078 0.037466 
0.41111 0.037417 
0.41145 0.037368 
0.41178 0.037319 
0.41212 0.037268 
0.41245 0.037212 
0.41279 0.037161 
0.41312 0.037110 
0.41346 0.037057 
0.41379 0.037006 
0.41413 0.036953 
0.41446 0.036902 
0.41480 0.036849 
0.41513 0.036795 
0.41547 0.036746 
0.41580 0.036693 
0.41614 0.036645 
0.41647 0.036599 
0.41681 0.036550 
0.41714 0.036494 
0.41748 0.036444 
0.41781 0.036396 
0.41815 0.036347 
0.41848 0.036302 
0.41881 0.036250 
0.41915 0.036200 
0.41948 0.036152 
0.41982 0.036103 
0.42015 0.036054 
0.42049 0.036002 
0.42082 0.035953 
0.42116 0.035902 
0.42149 0.035855 
0.42183 0.035804 
0.42216 0.035756 
0.42250 0.035707 
0.42283 0.035660 
0.42317 0.035613 
0.42350 0.035562 
0.42384 0.035514 
0.42417 0.035466 
0.42451 0.035419 
0.42484 0.035368 
0.42518 0.035316 
0.42551 0.035271 
0.42585 0.035220 
0.42618 0.035172 
0.42651 0.035123 
0.42685 0.035075 
0.42718 0.035026 
0.42752 0.034980 
0.42785 0.034931 
0.42819 0.034888 
0.42852 0.034842 
0.42886 0.034792 
0.42919 0.034746 
0.42953 0.034703 
0.42986 0.034660 
0.43020 0.034615 
0.43053 0.034570 
0.43087 0.034529 
0.43120 0.034485 
0.43154 0.034439 
0.43187 0.034394 
0.43221 0.034350 
0.43254 0.034305 
0.43288 0.034260 
0.43321 0.034215 
0.43355 0.034171 
0.43388 0.034128 
0.43421 0.034085 
0.43455 0.034038 
0.43488 0.033997 
0.43522 0.033955 
0.43555 0.033910 
0.43589 0.033867 
0.43622 0.033821 
0.43656 0.033781 
0.43689 0.033735 
0.43723 0.033692 
0.43756 0.033643 
0.43790 0.033598 
0.43823 0.033556 
0.43857 0.033514 
0.43890 0.033471 
0.43924 0.033428 
0.43957 0.033383 
0.43991 0.033342 
0.44024 0.033297 
0.44058 0.033252 
0.44091 0.033208 
0.44125 0.033168 
0.44158 0.033126 
0.44191 0.033086 
0.44225 0.033044 
0.44258 0.032998 
0.44292 0.032954 
0.44325 0.032910 
0.44359 0.032867 
0.44392 0.032826 
0.44426 0.032788 
0.44459 0.032747 
0.44493 0.032706 
0.44526 0.032667 
0.44560 0.032625 
0.44593 0.032583 
0.44627 0.032543 
0.44660 0.032504 
0.44694 0.032461 
0.44727 0.032416 
0.44761 0.032375 
0.44794 0.032331 
0.44828 0.032290 
0.44861 0.032251 
0.44895 0.032211 
0.44928 0.032171 
0.44961 0.032130 
0.44995 0.032087 
0.45028 0.032048 
0.45062 0.032007 
0.45095 0.031966 
0.45129 0.031927 
0.45162 0.031882 
0.45196 0.031841 
0.45229 0.031799 
0.45263 0.031758 
0.45296 0.031719 
0.45330 0.031679 
0.45363 0.031638 
0.45397 0.031600 
0.45430 0.031557 
0.45464 0.031514 
0.45497 0.031471 
0.45531 0.031430 
0.45564 0.031390 
0.45598 0.031352 
0.45631 0.031311 
0.45665 0.031272 
0.45698 0.031231 
0.45732 0.031193 
0.45765 0.031152 
0.45798 0.031110 
0.45832 0.031073 
0.45865 0.031034 
0.45899 0.030998 
0.45932 0.030963 
0.45966 0.030929 
0.45999 0.030891 
0.46033 0.030856 
0.46066 0.030818 
0.46100 0.030782 
0.46133 0.030744 
0.46167 0.030704 
0.46200 0.030666 
0.46234 0.030629 
0.46267 0.030590 
0.46301 0.030553 
0.46334 0.030516 
0.46368 0.030477 
0.46401 0.030441 
0.46435 0.030401 
0.46468 0.030363 
0.46502 0.030325 
0.46535 0.030289 
0.46568 0.030254 
0.46602 0.030217 
0.46635 0.030183 
0.46669 0.030149 
0.46702 0.030114 
0.46736 0.030078 
0.46769 0.030039 
0.46803 0.030004 
0.46836 0.029966 
0.46870 0.029927 
0.46903 0.029893 
0.46937 0.029854 
0.46970 0.029819 
0.47004 0.029783 
0.47037 0.029749 
0.47071 0.029713 
0.47104 0.029677 
0.47138 0.029643 
0.47171 0.029605 
0.47205 0.029572 
0.47238 0.029538 
0.47272 0.029505 
0.47305 0.029472 
0.47338 0.029438 
0.47372 0.029402 
0.47405 0.029370 
0.47439 0.029337 
0.47472 0.029303 
0.47506 0.029265 
0.47539 0.029229 
0.47573 0.029193 
0.47606 0.029157 
0.47640 0.029120 
0.47673 0.029087 
0.47707 0.029050 
0.47740 0.029014 
0.47774 0.028980 
0.47807 0.028945 
0.47841 0.028910 
0.47874 0.028875 
0.47908 0.028843 
0.47941 0.028807 
0.47975 0.028773 
0.48008 0.028737 
0.48042 0.028705 
0.48075 0.028670 
0.48108 0.028638 
0.48142 0.028605 
0.48175 0.028570 
0.48209 0.028533 
0.48242 0.028497 
0.48276 0.028467 
0.48309 0.028434 
0.48343 0.028401 
0.48376 0.028367 
0.48410 0.028334 
0.48443 0.028298 
0.48477 0.028269 
0.48510 0.028235 
0.48544 0.028200 
0.48577 0.028168 
0.48611 0.028134 
0.48644 0.028101 
0.48678 0.028069 
0.48711 0.028035 
0.48745 0.028002 
0.48778 0.027967 
0.48812 0.027935 
0.48845 0.027903 
0.48878 0.027873 
0.48912 0.027843 
0.48945 0.027809 
0.48979 0.027778 
0.49012 0.027744 
0.49046 0.027713 
0.49079 0.027682 
0.49113 0.027650 
0.49146 0.027617 
0.49180 0.027584 
0.49213 0.027549 
0.49247 0.027515 
0.49280 0.027483 
0.49314 0.027452 
0.49347 0.027422 
0.49381 0.027390 
0.49414 0.027356 
0.49448 0.027325 
0.49481 0.027295 
0.49515 0.027265 
0.49548 0.027234 
0.49582 0.027200 
0.49615 0.027170 
0.49648 0.027139 
0.49682 0.027106 
0.49715 0.027073 
0.49749 0.027044 
0.49782 0.027016 
0.49816 0.026984 
0.49849 0.026954 
0.49883 0.026924 
0.49916 0.026893 
0.49950 0.026864 
0.49983 0.026833 
0.50017 0.026800 
0.50050 0.026768 
0.50084 0.026738 
0.50117 0.026710 
0.50151 0.026679 
0.50184 0.026647 
0.50218 0.026615 
0.50251 0.026585 
0.50285 0.026554 
0.50318 0.026523 
0.50352 0.026493 
0.50385 0.026461 
0.50418 0.026432 
0.50452 0.026404 
0.50485 0.026372 
0.50519 0.026342 
0.50552 0.026312 
0.50586 0.026279 
0.50619 0.026248 
0.50653 0.026215 
0.50686 0.026188 
0.50720 0.026159 
0.50753 0.026131 
0.50787 0.026103 
0.50820 0.026073 
0.50854 0.026045 
0.50887 0.026015 
0.50921 0.025986 
0.50954 0.025959 
0.50988 0.025930 
0.51021 0.025902 
0.51055 0.025872 
0.51088 0.025846 
0.51122 0.025816 
0.51155 0.025787 
0.51188 0.025758 
0.51222 0.025731 
0.51255 0.025702 
0.51289 0.025676 
0.51322 0.025647 
0.51356 0.025619 
0.51389 0.025593 
0.51423 0.025563 
0.51456 0.025534 
0.51490 0.025507 
0.51523 0.025479 
0.51557 0.025450 
0.51590 0.025420 
0.51624 0.025394 
0.51657 0.025365 
0.51691 0.025338 
0.51724 0.025311 
0.51758 0.025282 
0.51791 0.025254 
0.51825 0.025224 
0.51858 0.025194 
0.51892 0.025166 
0.51925 0.025139 
0.51958 0.025112 
0.51992 0.025085 
0.52025 0.025059 
0.52059 0.025032 
0.52092 0.025005 
0.52126 0.024975 
0.52159 0.024948 
0.52193 0.024922 
0.52226 0.024898 
0.52260 0.024871 
0.52293 0.024845 
0.52327 0.024818 
0.52360 0.024789 
0.52394 0.024762 
0.52427 0.024734 
0.52461 0.024707 
0.52494 0.024678 
0.52528 0.024653 
0.52561 0.024626 
0.52595 0.024599 
0.52628 0.024571 
0.52662 0.024543 
0.52695 0.024518 
0.52728 0.024492 
0.52762 0.024465 
0.52795 0.024441 
0.52829 0.024415 
0.52862 0.024391 
0.52896 0.024362 
0.52929 0.024336 
0.52963 0.024311 
0.52996 0.024285 
0.53030 0.024256 
0.53063 0.024230 
0.53097 0.024202 
0.53130 0.024177 
0.53164 0.024152 
0.53197 0.024124 
0.53231 0.024098 
0.53264 0.024071 
0.53298 0.024047 
0.53331 0.024022 
0.53365 0.023998 
0.53398 0.023972 
0.53432 0.023947 
0.53465 0.023923 
0.53498 0.023896 
0.53532 0.023871 
0.53565 0.023847 
0.53599 0.023821 
0.53632 0.023797 
0.53666 0.023772 
0.53699 0.023748 
0.53733 0.023723 
0.53766 0.023699 
0.53800 0.023673 
0.53833 0.023648 
0.53867 0.023621 
0.53900 0.023593 
0.53934 0.023568 
0.53967 0.023544 
0.54001 0.023519 
0.54034 0.023495 
0.54068 0.023471 
0.54101 0.023447 
0.54135 0.023421 
0.54168 0.023396 
0.54202 0.023371 
0.54235 0.023348 
0.54268 0.023323 
0.54302 0.023297 
0.54335 0.023272 
0.54369 0.023247 
0.54402 0.023223 
0.54436 0.023198 
0.54469 0.023174 
0.54503 0.023150 
0.54536 0.023127 
0.54570 0.023103 
0.54603 0.023080 
0.54637 0.023056 
0.54670 0.023031 
0.54704 0.023007 
0.54737 0.022984 
0.54771 0.022960 
0.54804 0.022935 
0.54838 0.022911 
0.54871 0.022888 
0.54905 0.022863 
0.54938 0.022839 
0.54972 0.022814 
0.55005 0.022793 
0.55039 0.022767 
0.55072 0.022744 
0.55105 0.022719 
0.55139 0.022695 
0.55172 0.022671 
0.55206 0.022648 
0.55239 0.022625 
0.55273 0.022602 
0.55306 0.022576 
0.55340 0.022553 
0.55373 0.022531 
0.55407 0.022508 
0.55440 0.022485 
0.55474 0.022461 
0.55507 0.022437 
0.55541 0.022414 
0.55574 0.022392 
0.55608 0.022369 
0.55641 0.022345 
0.55675 0.022321 
0.55708 0.022297 
0.55742 0.022273 
0.55775 0.022250 
0.55809 0.022227 
0.55842 0.022203 
0.55875 0.022179 
0.55909 0.022154 
0.55942 0.022130 
0.55976 0.022107 
0.56009 0.022086 
0.56043 0.022062 
0.56076 0.022040 
0.56110 0.022019 
0.56143 0.021997 
0.56177 0.021975 
0.56210 0.021953 
0.56244 0.021931 
0.56277 0.021909 
0.56311 0.021888 
0.56344 0.021867 
0.56378 0.021846 
0.56411 0.021823 
0.56445 0.021801 
0.56478 0.021780 
0.56512 0.021757 
0.56545 0.021735 
0.56579 0.021713 
0.56612 0.021692 
0.56645 0.021669 
0.56679 0.021647 
0.56712 0.021625 
0.56746 0.021603 
0.56779 0.021581 
0.56813 0.021560 
0.56846 0.021539 
0.56880 0.021516 
0.56913 0.021494 
0.56947 0.021473 
0.56980 0.021451 
0.57014 0.021429 
0.57047 0.021407 
0.57081 0.021387 
0.57114 0.021365 
0.57148 0.021344 
0.57181 0.021321 
0.57215 0.021301 
0.57248 0.021279 
0.57282 0.021259 
0.57315 0.021236 
0.57349 0.021217 
0.57382 0.021196 
0.57415 0.021174 
0.57449 0.021154 
0.57482 0.021135 
0.57516 0.021115 
0.57549 0.021095 
0.57583 0.021075 
0.57616 0.021055 
0.57650 0.021034 
0.57683 0.021014 
0.57717 0.020993 
0.57750 0.020970 
0.57784 0.020951 
0.57817 0.020932 
0.57851 0.020911 
0.57884 0.020890 
0.57918 0.020869 
0.57951 0.020849 
0.57985 0.020829 
0.58018 0.020809 
0.58052 0.020789 
0.58085 0.020770 
0.58119 0.020751 
0.58152 0.020732 
0.58185 0.020713 
0.58219 0.020693 
0.58252 0.020673 
0.58286 0.020653 
0.58319 0.020634 
0.58353 0.020613 
0.58386 0.020593 
0.58420 0.020573 
0.58453 0.020554 
0.58487 0.020533 
0.58520 0.020512 
0.58554 0.020492 
0.58587 0.020472 
0.58621 0.020454 
0.58654 0.020433 
0.58688 0.020413 
0.58721 0.020393 
0.58755 0.020373 
0.58788 0.020354 
0.58822 0.020334 
0.58855 0.020314 
0.58889 0.020296 
0.58922 0.020275 
0.58955 0.020256 
0.58989 0.020236 
0.59022 0.020217 
0.59056 0.020195 
0.59089 0.020176 
0.59123 0.020156 
0.59156 0.020136 
0.59190 0.020115 
0.59223 0.020095 
0.59257 0.020075 
0.59290 0.020056 
0.59324 0.020037 
0.59357 0.020018 
0.59391 0.019999 
0.59424 0.019981 
0.59458 0.019963 
0.59491 0.019944 
0.59525 0.019926 
0.59558 0.019907 
0.59592 0.019888 
0.59625 0.019868 
0.59659 0.019848 
0.59692 0.019828 
0.59725 0.019808 
0.59759 0.019788 
0.59792 0.019768 
0.59826 0.019749 
0.59859 0.019730 
0.59893 0.019710 
0.59926 0.019692 
0.59960 0.019674 
0.59993 0.019656 
0.60027 0.019637 
0.60060 0.019617 
0.60094 0.019598 
0.60127 0.019579 
0.60161 0.019561 
0.60194 0.019541 
0.60228 0.019523 
0.60261 0.019505 
0.60295 0.019487 
0.60328 0.019468 
0.60362 0.019450 
0.60395 0.019432 
0.60429 0.019415 
0.60462 0.019395 
0.60495 0.019377 
0.60529 0.019359 
0.60562 0.019342 
0.60596 0.019323 
0.60629 0.019305 
0.60663 0.019287 
0.60696 0.019270 
0.60730 0.019252 
0.60763 0.019233 
0.60797 0.019215 
0.60830 0.019198 
0.60864 0.019182 
0.60897 0.019165 
0.60931 0.019146 
0.60964 0.019127 
0.60998 0.019109 
0.61031 0.019092 
0.61065 0.019075 
0.61098 0.019056 
0.61132 0.019039 
0.61165 0.019022 
0.61199 0.019004 
0.61232 0.018986 
0.61265 0.018965 
0.61299 0.018948 
0.61332 0.018930 
0.61366 0.018914 
0.61399 0.018896 
0.61433 0.018879 
0.61466 0.018863 
0.61500 0.018846 
0.61533 0.018829 
0.61567 0.018811 
0.61600 0.018793 
0.61634 0.018775 
0.61667 0.018758 
0.61701 0.018740 
0.61734 0.018722 
0.61768 0.018704 
0.61801 0.018688 
0.61835 0.018670 
0.61868 0.018653 
0.61902 0.018636 
0.61935 0.018619 
0.61969 0.018602 
0.62002 0.018584 
0.62035 0.018566 
0.62069 0.018549 
0.62102 0.018532 
0.62136 0.018515 
0.62169 0.018497 
0.62203 0.018480 
0.62236 0.018462 
0.62270 0.018445 
0.62303 0.018429 
0.62337 0.018410 
0.62370 0.018393 
0.62404 0.018376 
0.62437 0.018359 
0.62471 0.018343 
0.62504 0.018325 
0.62538 0.018309 
0.62571 0.018292 
0.62605 0.018275 
0.62638 0.018258 
0.62672 0.018241 
0.62705 0.018222 
0.62739 0.018205 
0.62772 0.018189 
0.62805 0.018172 
0.62839 0.018154 
0.62872 0.018137 
0.62906 0.018120 
0.62939 0.018105 
0.62973 0.018088 
0.63006 0.018072 
0.63040 0.018056 
0.63073 0.018038 
0.63107 0.018022 
0.63140 0.018005 
0.63174 0.017988 
0.63207 0.017972 
0.63241 0.017955 
0.63274 0.017939 
0.63308 0.017923 
0.63341 0.017906 
0.63375 0.017890 
0.63408 0.017873 
0.63442 0.017857 
0.63475 0.017841 
0.63509 0.017824 
0.63542 0.017807 
0.63575 0.017793 
0.63609 0.017776 
0.63642 0.017760 
0.63676 0.017744 
0.63709 0.017728 
0.63743 0.017711 
0.63776 0.017695 
0.63810 0.017679 
0.63843 0.017663 
0.63877 0.017646 
0.63910 0.017630 
0.63944 0.017615 
0.63977 0.017599 
0.64011 0.017583 
0.64044 0.017568 
0.64078 0.017552 
0.64111 0.017537 
0.64145 0.017520 
0.64178 0.017504 
0.64212 0.017489 
0.64245 0.017474 
0.64279 0.017458 
0.64312 0.017443 
0.64345 0.017428 
0.64379 0.017412 
0.64412 0.017396 
0.64446 0.017380 
0.64479 0.017365 
0.64513 0.017350 
0.64546 0.017336 
0.64580 0.017320 
0.64613 0.017306 
0.64647 0.017290 
0.64680 0.017273 
0.64714 0.017258 
0.64747 0.017241 
0.64781 0.017226 
0.64814 0.017211 
0.64848 0.017195 
0.64881 0.017181 
0.64915 0.017164 
0.64948 0.017149 
0.64982 0.017134 
0.65015 0.017118 
0.65049 0.017103 
0.65082 0.017087 
0.65116 0.017072 
0.65149 0.017057 
0.65182 0.017041 
0.65216 0.017025 
0.65249 0.017009 
0.65283 0.016995 
0.65316 0.016980 
0.65350 0.016964 
0.65383 0.016948 
0.65417 0.016933 
0.65450 0.016918 
0.65484 0.016903 
0.65517 0.016889 
0.65551 0.016874 
0.65584 0.016860 
0.65618 0.016846 
0.65651 0.016831 
0.65685 0.016817 
0.65718 0.016802 
0.65752 0.016788 
0.65785 0.016772 
0.65819 0.016757 
0.65852 0.016743 
0.65886 0.016728 
0.65919 0.016713 
0.65952 0.016699 
0.65986 0.016684 
0.66019 0.016670 
0.66053 0.016655 
0.66086 0.016641 
0.66120 0.016627 
0.66153 0.016613 
0.66187 0.016598 
0.66220 0.016584 
0.66254 0.016569 
0.66287 0.016554 
0.66321 0.016539 
0.66354 0.016525 
0.66388 0.016511 
0.66421 0.016497 
0.66455 0.016483 
0.66488 0.016468 
0.66522 0.016453 
0.66555 0.016438 
0.66589 0.016424 
0.66622 0.016409 
0.66656 0.016395 
0.66689 0.016382 
0.66722 0.016368 
0.66756 0.016353 
0.66789 0.016340 
0.66823 0.016326 
0.66856 0.016311 
0.66890 0.016297 
0.66923 0.016283 
0.66957 0.016269 
0.66990 0.016255 
0.67024 0.016241 
0.67057 0.016229 
0.67091 0.016214 
0.67124 0.016200 
0.67158 0.016186 
0.67191 0.016171 
0.67225 0.016156 
0.67258 0.016142 
0.67292 0.016128 
0.67325 0.016115 
0.67359 0.016101 
0.67392 0.016087 
0.67426 0.016073 
0.67459 0.016059 
0.67492 0.016045 
0.67526 0.016032 
0.67559 0.016018 
0.67593 0.016005 
0.67626 0.015991 
0.67660 0.015978 
0.67693 0.015964 
0.67727 0.015950 
0.67760 0.015936 
0.67794 0.015923 
0.67827 0.015910 
0.67861 0.015895 
0.67894 0.015882 
0.67928 0.015869 
0.67961 0.015854 
0.67995 0.015840 
0.68028 0.015826 
0.68062 0.015812 
0.68095 0.015799 
0.68129 0.015785 
0.68162 0.015772 
0.68196 0.015760 
0.68229 0.015746 
0.68262 0.015732 
0.68296 0.015719 
0.68329 0.015706 
0.68363 0.015693 
0.68396 0.015680 
0.68430 0.015667 
0.68463 0.015654 
0.68497 0.015640 
0.68530 0.015627 
0.68564 0.015615 
0.68597 0.015602 
0.68631 0.015589 
0.68664 0.015576 
0.68698 0.015562 
0.68731 0.015548 
0.68765 0.015535 
0.68798 0.015522 
0.68832 0.015509 
0.68865 0.015496 
0.68899 0.015483 
0.68932 0.015470 
0.68966 0.015458 
0.68999 0.015444 
0.69032 0.015431 
0.69066 0.015418 
0.69099 0.015405 
0.69133 0.015392 
0.69166 0.015379 
0.69200 0.015366 
0.69233 0.015354 
0.69267 0.015341 
0.69300 0.015328 
0.69334 0.015315 
0.69367 0.015301 
0.69401 0.015288 
0.69434 0.015275 
0.69468 0.015263 
0.69501 0.015249 
0.69535 0.015237 
0.69568 0.015224 
0.69602 0.015211 
0.69635 0.015199 
0.69669 0.015186 
0.69702 0.015174 
0.69736 0.015161 
0.69769 0.015148 
0.69802 0.015136 
0.69836 0.015123 
0.69869 0.015111 
0.69903 0.015099 
0.69936 0.015087 
0.69970 0.015074 
0.70003 0.015062 
0.70037 0.015049 
0.70070 0.015037 
0.70104 0.015025 
0.70137 0.015013 
0.70171 0.015001 
0.70204 0.014990 
0.70238 0.014977 
0.70271 0.014965 
0.70305 0.014952 
0.70338 0.014940 
0.70372 0.014928 
0.70405 0.014915 
0.70439 0.014903 
0.70472 0.014890 
0.70506 0.014878 
0.70539 0.014866 
0.70572 0.014854 
0.70606 0.014842 
0.70639 0.014830 
0.70673 0.014817 
0.70706 0.014805 
0.70740 0.014792 
0.70773 0.014780 
0.70807 0.014768 
0.70840 0.014756 
0.70874 0.014744 
0.70907 0.014733 
0.70941 0.014720 
0.70974 0.014708 
0.71008 0.014697 
0.71041 0.014685 
0.71075 0.014673 
0.71108 0.014660 
0.71142 0.014648 
0.71175 0.014636 
0.71209 0.014624 
0.71242 0.014613 
0.71276 0.014601 
0.71309 0.014589 
0.71342 0.014578 
0.71376 0.014566 
0.71409 0.014554 
0.71443 0.014542 
0.71476 0.014530 
0.71510 0.014519 
0.71543 0.014507 
0.71577 0.014495 
0.71610 0.014484 
0.71644 0.014472 
0.71677 0.014461 
0.71711 0.014449 
0.71744 0.014437 
0.71778 0.014426 
0.71811 0.014414 
0.71845 0.014402 
0.71878 0.014390 
0.71912 0.014378 
0.71945 0.014367 
0.71979 0.014356 
0.72012 0.014344 
0.72046 0.014332 
0.72079 0.014320 
0.72112 0.014309 
0.72146 0.014298 
0.72179 0.014287 
0.72213 0.014275 
0.72246 0.014264 
0.72280 0.014252 
0.72313 0.014240 
0.72347 0.014229 
0.72380 0.014217 
0.72414 0.014206 
0.72447 0.014195 
0.72481 0.014184 
0.72514 0.014173 
0.72548 0.014161 
0.72581 0.014150 
0.72615 0.014139 
0.72648 0.014127 
0.72682 0.014117 
0.72715 0.014107 
0.72749 0.014096 
0.72782 0.014084 
0.72816 0.014072 
0.72849 0.014061 
0.72882 0.014050 
0.72916 0.014038 
0.72949 0.014028 
0.72983 0.014017 
0.73016 0.014005 
0.73050 0.013994 
0.73083 0.013983 
0.73117 0.013972 
0.73150 0.013960 
0.73184 0.013950 
0.73217 0.013939 
0.73251 0.013928 
0.73284 0.013917 
0.73318 0.013906 
0.73351 0.013895 
0.73385 0.013885 
0.73418 0.013874 
0.73452 0.013864 
0.73485 0.013853 
0.73519 0.013843 
0.73552 0.013832 
0.73586 0.013821 
0.73619 0.013810 
0.73652 0.013798 
0.73686 0.013788 
0.73719 0.013777 
0.73753 0.013767 
0.73786 0.013755 
0.73820 0.013744 
0.73853 0.013733 
0.73887 0.013722 
0.73920 0.013711 
0.73954 0.013701 
0.73987 0.013690 
0.74021 0.013680 
0.74054 0.013669 
0.74088 0.013658 
0.74121 0.013648 
0.74155 0.013637 
0.74188 0.013626 
0.74222 0.013616 
0.74255 0.013605 
0.74289 0.013595 
0.74322 0.013585 
0.74356 0.013574 
0.74389 0.013563 
0.74422 0.013552 
0.74456 0.013541 
0.74489 0.013530 
0.74523 0.013519 
0.74556 0.013509 
0.74590 0.013498 
0.74623 0.013488 
0.74657 0.013477 
0.74690 0.013467 
0.74724 0.013456 
0.74757 0.013445 
0.74791 0.013434 
0.74824 0.013424 
0.74858 0.013414 
0.74891 0.013403 
0.74925 0.013393 
0.74958 0.013382 
0.74992 0.013372 
0.75025 0.013361 
0.75059 0.013351 
0.75092 0.013341 
0.75126 0.013330 
0.75159 0.013320 
0.75193 0.013310 
0.75226 0.013300 
0.75259 0.013289 
0.75293 0.013278 
0.75326 0.013268 
0.75360 0.013258 
0.75393 0.013248 
0.75427 0.013237 
0.75460 0.013227 
0.75494 0.013216 
0.75527 0.013206 
0.75561 0.013196 
0.75594 0.013186 
0.75628 0.013176 
0.75661 0.013165 
0.75695 0.013155 
0.75728 0.013145 
0.75762 0.013135 
0.75795 0.013125 
0.75829 0.013115 
0.75862 0.013105 
0.75896 0.013094 
0.75929 0.013084 
0.75963 0.013074 
0.75996 0.013065 
0.76029 0.013055 
0.76063 0.013046 
0.76096 0.013036 
0.76130 0.013026 
0.76163 0.013016 
0.76197 0.013006 
0.76230 0.012996 
0.76264 0.012986 
0.76297 0.012976 
0.76331 0.012966 
0.76364 0.012956 
0.76398 0.012945 
0.76431 0.012936 
0.76465 0.012926 
0.76498 0.012916 
0.76532 0.012906 
0.76565 0.012897 
0.76599 0.012887 
0.76632 0.012877 
0.76666 0.012868 
0.76699 0.012858 
0.76733 0.012849 
0.76766 0.012839 
0.76799 0.012829 
0.76833 0.012819 
0.76866 0.012810 
0.76900 0.012800 
0.76933 0.012790 
0.76967 0.012781 
0.77000 0.012771 
0.77034 0.012762 
0.77067 0.012752 
0.77101 0.012742 
0.77134 0.012733 
0.77168 0.012723 
0.77201 0.012713 
0.77235 0.012704 
0.77268 0.012694 
0.77302 0.012685 
0.77335 0.012675 
0.77369 0.012665 
0.77402 0.012656 
0.77436 0.012647 
0.77469 0.012637 
0.77503 0.012627 
0.77536 0.012618 
0.77569 0.012608 
0.77603 0.012599 
0.77636 0.012589 
0.77670 0.012580 
0.77703 0.012570 
0.77737 0.012560 
0.77770 0.012551 
0.77804 0.012542 
0.77837 0.012533 
0.77871 0.012523 
0.77904 0.012514 
0.77938 0.012504 
0.77971 0.012494 
0.78005 0.012485 
0.78038 0.012476 
0.78072 0.012467 
0.78105 0.012458 
0.78139 0.012448 
0.78172 0.012440 
0.78206 0.012430 
0.78239 0.012420 
0.78273 0.012411 
0.78306 0.012402 
0.78339 0.012392 
0.78373 0.012383 
0.78406 0.012374 
0.78440 0.012364 
0.78473 0.012355 
0.78507 0.012346 
0.78540 0.012337 
0.78574 0.012328 
0.78607 0.012318 
0.78641 0.012309 
0.78674 0.012299 
0.78708 0.012290 
0.78741 0.012280 
0.78775 0.012272 
0.78808 0.012262 
0.78842 0.012253 
0.78875 0.012244 
0.78909 0.012234 
0.78942 0.012225 
0.78976 0.012216 
0.79009 0.012207 
0.79043 0.012198 
0.79076 0.012189 
0.79109 0.012179 
0.79143 0.012170 
0.79176 0.012161 
0.79210 0.012152 
0.79243 0.012143 
0.79277 0.012134 
0.79310 0.012124 
0.79344 0.012115 
0.79377 0.012107 
0.79411 0.012098 
0.79444 0.012089 
0.79478 0.012081 
0.79511 0.012071 
0.79545 0.012063 
0.79578 0.012054 
0.79612 0.012045 
0.79645 0.012036 
0.79679 0.012028 
0.79712 0.012018 
0.79746 0.012009 
0.79779 0.012001 
0.79813 0.011992 
0.79846 0.011982 
0.79879 0.011973 
0.79913 0.011964 
0.79946 0.011955 
0.79980 0.011947 
0.80013 0.011938 
0.80047 0.011929 
0.80080 0.011920 
0.80114 0.011911 
0.80147 0.011902 
0.80181 0.011893 
0.80214 0.011884 
0.80248 0.011876 
0.80281 0.011868 
0.80315 0.011859 
0.80348 0.011850 
0.80382 0.011841 
0.80415 0.011832 
0.80449 0.011824 
0.80482 0.011814 
0.80516 0.011806 
0.80549 0.011797 
0.80583 0.011789 
0.80616 0.011780 
0.80649 0.011771 
0.80683 0.011763 
0.80716 0.011754 
0.80750 0.011745 
0.80783 0.011737 
0.80817 0.011727 
0.80850 0.011719 
0.80884 0.011710 
0.80917 0.011702 
0.80951 0.011693 
0.80984 0.011684 
0.81018 0.011676 
0.81051 0.011668 
0.81085 0.011659 
0.81118 0.011650 
0.81152 0.011642 
0.81185 0.011633 
0.81219 0.011625 
0.81252 0.011616 
0.81286 0.011608 
0.81319 0.011599 
0.81353 0.011591 
0.81386 0.011583 
0.81419 0.011574 
0.81453 0.011565 
0.81486 0.011557 
0.81520 0.011549 
0.81553 0.011541 
0.81587 0.011533 
0.81620 0.011525 
0.81654 0.011516 
0.81687 0.011507 
0.81721 0.011499 
0.81754 0.011491 
0.81788 0.011482 
0.81821 0.011474 
0.81855 0.011466 
0.81888 0.011457 
0.81922 0.011449 
0.81955 0.011441 
0.81989 0.011433 
0.82022 0.011425 
0.82056 0.011417 
0.82089 0.011408 
0.82123 0.011400 
0.82156 0.011392 
0.82189 0.011383 
0.82223 0.011375 
0.82256 0.011367 
0.82290 0.011359 
0.82323 0.011351 
0.82357 0.011342 
0.82390 0.011334 
0.82424 0.011326 
0.82457 0.011317 
0.82491 0.011309 
0.82524 0.011301 
0.82558 0.011293 
0.82591 0.011284 
0.82625 0.011276 
0.82658 0.011268 
0.82692 0.011260 
0.82725 0.011252 
0.82759 0.011244 
0.82792 0.011236 
0.82826 0.011228 
0.82859 0.011220 
0.82893 0.011212 
0.82926 0.011204 
0.82959 0.011196 
0.82993 0.011188 
0.83026 0.011180 
0.83060 0.011172 
0.83093 0.011164 
0.83127 0.011156 
0.83160 0.011148 
0.83194 0.011140 
0.83227 0.011132 
0.83261 0.011124 
0.83294 0.011116 
0.83328 0.011108 
0.83361 0.011100 
0.83395 0.011092 
0.83428 0.011084 
0.83462 0.011076 
0.83495 0.011068 
0.83529 0.011060 
0.83562 0.011052 
0.83596 0.011044 
0.83629 0.011036 
0.83663 0.011028 
0.83696 0.011020 
0.83729 0.011013 
0.83763 0.011005 
0.83796 0.010997 
0.83830 0.010989 
0.83863 0.010982 
0.83897 0.010974 
0.83930 0.010967 
0.83964 0.010958 
0.83997 0.010951 
0.84031 0.010943 
0.84064 0.010935 
0.84098 0.010927 
0.84131 0.010919 
0.84165 0.010912 
0.84198 0.010904 
0.84232 0.010896 
0.84265 0.010888 
0.84299 0.010881 
0.84332 0.010873 
0.84366 0.010865 
0.84399 0.010858 
0.84433 0.010850 
0.84466 0.010843 
0.84499 0.010835 
0.84533 0.010828 
0.84566 0.010820 
0.84600 0.010812 
0.84633 0.010804 
0.84667 0.010797 
0.84700 0.010789 
0.84734 0.010781 
0.84767 0.010774 
0.84801 0.010766 
0.84834 0.010758 
0.84868 0.010751 
0.84901 0.010743 
0.84935 0.010736 
0.84968 0.010728 
0.85002 0.010720 
0.85035 0.010713 
0.85069 0.010705 
0.85102 0.010698 
0.85136 0.010691 
0.85169 0.010683 
0.85203 0.010676 
0.85236 0.010668 
0.85270 0.010661 
0.85303 0.010653 
0.85336 0.010646 
0.85370 0.010638 
0.85403 0.010631 
0.85437 0.010624 
0.85470 0.010616 
0.85504 0.010609 
0.85537 0.010601 
0.85571 0.010593 
0.85604 0.010586 
0.85638 0.010578 
0.85671 0.010571 
0.85705 0.010563 
0.85738 0.010555 
0.85772 0.010548 
0.85805 0.010540 
0.85839 0.010533 
0.85872 0.010525 
0.85906 0.010518 
0.85939 0.010510 
0.85973 0.010502 
0.86006 0.010495 
0.86040 0.010487 
0.86073 0.010480 
0.86106 0.010472 
0.86140 0.010465 
0.86173 0.010458 
0.86207 0.010451 
0.86240 0.010443 
0.86274 0.010436 
0.86307 0.010428 
0.86341 0.010421 
0.86374 0.010414 
0.86408 0.010406 
0.86441 0.010399 
0.86475 0.010392 
0.86508 0.010384 
0.86542 0.010377 
0.86575 0.010369 
0.86609 0.010362 
0.86642 0.010355 
0.86676 0.010348 
0.86709 0.010340 
0.86743 0.010333 
0.86776 0.010326 
0.86810 0.010319 
0.86843 0.010311 
0.86876 0.010304 
0.86910 0.010297 
0.86943 0.010290 
0.86977 0.010283 
0.87010 0.010275 
0.87044 0.010268 
0.87077 0.010261 
0.87111 0.010254 
0.87144 0.010246 
0.87178 0.010239 
0.87211 0.010232 
0.87245 0.010225 
0.87278 0.010218 
0.87312 0.010211 
0.87345 0.010204 
0.87379 0.010197 
0.87412 0.010189 
0.87446 0.010183 
0.87479 0.010175 
0.87513 0.010168 
0.87546 0.010161 
0.87580 0.010154 
0.87613 0.010147 
0.87646 0.010139 
0.87680 0.010133 
0.87713 0.010126 
0.87747 0.010119 
0.87780 0.010111 
0.87814 0.010105 
0.87847 0.010097 
0.87881 0.010090 
0.87914 0.010083 
0.87948 0.010076 
0.87981 0.010069 
0.88015 0.010062 
0.88048 0.010055 
0.88082 0.010048 
0.88115 0.010041 
0.88149 0.010034 
0.88182 0.010027 
0.88216 0.010020 
0.88249 0.010014 
0.88283 0.010007 
0.88316 0.010000 
0.88350 0.009993 
0.88383 0.009986 
0.88416 0.009980 
0.88450 0.009973 
0.88483 0.009966 
0.88517 0.009959 
0.88550 0.009952 
0.88584 0.009945 
0.88617 0.009938 
0.88651 0.009931 
0.88684 0.009925 
0.88718 0.009918 
0.88751 0.009911 
0.88785 0.009904 
0.88818 0.009897 
0.88852 0.009891 
0.88885 0.009884 
0.88919 0.009877 
0.88952 0.009870 
0.88986 0.009863 
0.89019 0.009856 
0.89053 0.009850 
0.89086 0.009843 
0.89120 0.009837 
0.89153 0.009830 
0.89186 0.009823 
0.89220 0.009817 
0.89253 0.009810 
0.89287 0.009804 
0.89320 0.009797 
0.89354 0.009790 
0.89387 0.009784 
0.89421 0.009777 
0.89454 0.009770 
0.89488 0.009763 
0.89521 0.009757 
0.89555 0.009750 
0.89588 0.009743 
0.89622 0.009736 
0.89655 0.009730 
0.89689 0.009723 
0.89722 0.009716 
0.89756 0.009709 
0.89789 0.009703 
0.89823 0.009696 
0.89856 0.009689 
0.89890 0.009682 
0.89923 0.009675 
0.89956 0.009669 
0.89990 0.009662 
0.90023 0.009655 
0.90057 0.009649 
0.90090 0.009642 
0.90124 0.009636 
0.90157 0.009629 
0.90191 0.009622 
0.90224 0.009616 
0.90258 0.009609 
0.90291 0.009603 
0.90325 0.009596 
0.90358 0.009590 
0.90392 0.009583 
0.90425 0.009577 
0.90459 0.009570 
0.90492 0.009564 
0.90526 0.009557 
0.90559 0.009551 
0.90593 0.009544 
0.90626 0.009538 
0.90660 0.009531 
0.90693 0.009525 
0.90726 0.009518 
0.90760 0.009512 
0.90793 0.009505 
0.90827 0.009499 
0.90860 0.009492 
0.90894 0.009486 
0.90927 0.009479 
0.90961 0.009473 
0.90994 0.009466 
0.91028 0.009460 
0.91061 0.009453 
0.91095 0.009447 
0.91128 0.009441 
0.91162 0.009434 
0.91195 0.009428 
0.91229 0.009422 
0.91262 0.009415 
0.91296 0.009409 
0.91329 0.009403 
0.91363 0.009396 
0.91396 0.009390 
0.91430 0.009384 
0.91463 0.009377 
0.91496 0.009371 
0.91530 0.009365 
0.91563 0.009358 
0.91597 0.009352 
0.91630 0.009346 
0.91664 0.009340 
0.91697 0.009333 
0.91731 0.009327 
0.91764 0.009321 
0.91798 0.009314 
0.91831 0.009308 
0.91865 0.009302 
0.91898 0.009296 
0.91932 0.009289 
0.91965 0.009284 
0.91999 0.009277 
0.92032 0.009271 
0.92066 0.009265 
0.92099 0.009258 
0.92133 0.009252 
0.92166 0.009246 
0.92200 0.009240 
0.92233 0.009234 
0.92266 0.009228 
0.92300 0.009222 
0.92333 0.009215 
0.92367 0.009209 
0.92400 0.009203 
0.92434 0.009197 
0.92467 0.009191 
0.92501 0.009185 
0.92534 0.009179 
0.92568 0.009173 
0.92601 0.009167 
0.92635 0.009160 
0.92668 0.009154 
0.92702 0.009148 
0.92735 0.009142 
0.92769 0.009135 
0.92802 0.009129 
0.92836 0.009123 
0.92869 0.009117 
0.92903 0.009111 
0.92936 0.009104 
0.92970 0.009098 
0.93003 0.009092 
0.93036 0.009086 
0.93070 0.009079 
0.93103 0.009073 
0.93137 0.009067 
0.93170 0.009061 
0.93204 0.009055 
0.93237 0.009049 
0.93271 0.009043 
0.93304 0.009036 
0.93338 0.009030 
0.93371 0.009024 
0.93405 0.009018 
0.93438 0.009012 
0.93472 0.009006 
0.93505 0.009000 
0.93539 0.008993 
0.93572 0.008987 
0.93606 0.008981 
0.93639 0.008975 
0.93673 0.008969 
0.93706 0.008963 
0.93740 0.008957 
0.93773 0.008950 
0.93806 0.008944 
0.93840 0.008938 
0.93873 0.008932 
0.93907 0.008926 
0.93940 0.008920 
0.93974 0.008914 
0.94007 0.008908 
0.94041 0.008902 
0.94074 0.008896 
0.94108 0.008890 
0.94141 0.008884 
0.94175 0.008878 
0.94208 0.008872 
0.94242 0.008866 
0.94275 0.008860 
0.94309 0.008854 
0.94342 0.008847 
0.94376 0.008841 
0.94409 0.008835 
0.94443 0.008829 
0.94476 0.008824 
0.94510 0.008818 
0.94543 0.008812 
0.94576 0.008806 
0.94610 0.008800 
0.94643 0.008794 
0.94677 0.008788 
0.94710 0.008782 
0.94744 0.008776 
0.94777 0.008770 
0.94811 0.008765 
0.94844 0.008759 
0.94878 0.008753 
0.94911 0.008747 
0.94945 0.008741 
0.94978 0.008735 
0.95012 0.008729 
0.95045 0.008724 
0.95079 0.008718 
0.95112 0.008712 
0.95146 0.008706 
0.95179 0.008700 
0.95213 0.008694 
0.95246 0.008688 
0.95280 0.008683 
0.95313 0.008677 
0.95347 0.008671 
0.95380 0.008665 
0.95413 0.008659 
0.95447 0.008654 
0.95480 0.008648 
0.95514 0.008642 
0.95547 0.008636 
0.95581 0.008631 
0.95614 0.008625 
0.95648 0.008619 
0.95681 0.008614 
0.95715 0.008608 
0.95748 0.008602 
0.95782 0.008596 
0.95815 0.008591 
0.95849 0.008585 
0.95882 0.008579 
0.95916 0.008574 
0.95949 0.008568 
0.95983 0.008562 
0.96016 0.008557 
0.96050 0.008551 
0.96083 0.008545 
0.96117 0.008540 
0.96150 0.008534 
0.96183 0.008529 
0.96217 0.008523 
0.96250 0.008517 
0.96284 0.008512 
0.96317 0.008506 
0.96351 0.008500 
0.96384 0.008495 
0.96418 0.008489 
0.96451 0.008484 
0.96485 0.008478 
0.96518 0.008472 
0.96552 0.008467 
0.96585 0.008461 
0.96619 0.008456 
0.96652 0.008450 
0.96686 0.008444 
0.96719 0.008439 
0.96753 0.008433 
0.96786 0.008428 
0.96820 0.008422 
0.96853 0.008417 
0.96887 0.008411 
0.96920 0.008406 
0.96953 0.008400 
0.96987 0.008395 
0.97020 0.008389 
0.97054 0.008384 
0.97087 0.008378 
0.97121 0.008373 
0.97154 0.008367 
0.97188 0.008362 
0.97221 0.008356 
0.97255 0.008351 
0.97288 0.008345 
0.97322 0.008340 
0.97355 0.008334 
0.97389 0.008329 
0.97422 0.008323 
0.97456 0.008318 
0.97489 0.008312 
0.97523 0.008307 
0.97556 0.008301 
0.97590 0.008296 
0.97623 0.008290 
0.97657 0.008285 
0.97690 0.008279 
0.97723 0.008274 
0.97757 0.008268 
0.97790 0.008263 
0.97824 0.008258 
0.97857 0.008252 
0.97891 0.008247 
0.97924 0.008241 
0.97958 0.008236 
0.97991 0.008231 
0.98025 0.008225 
0.98058 0.008220 
0.98092 0.008214 
0.98125 0.008209 
0.98159 0.008204 
0.98192 0.008198 
0.98226 0.008193 
0.98259 0.008188 
0.98293 0.008182 
0.98326 0.008177 
0.98360 0.008172 
0.98393 0.008166 
0.98427 0.008161 
0.98460 0.008156 
0.98493 0.008150 
0.98527 0.008145 
0.98560 0.008140 
0.98594 0.008134 
0.98627 0.008129 
0.98661 0.008124 
0.98694 0.008119 
0.98728 0.008113 
0.98761 0.008108 
0.98795 0.008103 
0.98828 0.008097 
0.98862 0.008092 
0.98895 0.008087 
0.98929 0.008082 
0.98962 0.008076 
0.98996 0.008071 
0.99029 0.008066 
0.99063 0.008061 
0.99096 0.008055 
0.99130 0.008050 
0.99163 0.008045 
0.99197 0.008040 
0.99230 0.008034 
0.99263 0.008029 
0.99297 0.008024 
0.99330 0.008019 
0.99364 0.008014 
0.99397 0.008008 
0.99431 0.008003 
0.99464 0.007998 
0.99498 0.007993 
0.99531 0.007988 
0.99565 0.007983 
0.99598 0.007977 
0.99632 0.007972 
0.99665 0.007967 
0.99699 0.007962 
0.99732 0.007957 
0.99766 0.007952 
0.99799 0.007947 
0.99833 0.007942 
0.99866 0.007937 
0.99900 0.007931 
0.99933 0.007926 
0.99967 0.007921 
1.00000 0.007916 
