1 1
0.00067 1.000000 
0.00100 1.000000 
0.00134 1.000000 
0.00167 1.000000 
0.00200 1.000000 
0.00234 1.000000 
0.00267 1.000000 
0.00300 1.000000 
0.00334 1.000000 
0.00367 1.000000 
0.00401 1.000000 
0.00434 1.000000 
0.00467 1.000000 
0.00501 1.000000 
0.00534 1.000000 
0.00567 1.000000 
0.00601 1.000000 
0.00634 1.000000 
0.00668 1.000000 
0.00701 1.000000 
0.00734 1.000000 
0.00768 1.000000 
0.00801 1.000000 
0.00834 1.000000 
0.00868 1.000000 
0.00901 1.000000 
0.00935 1.000000 
0.00968 1.000000 
0.01001 1.000000 
0.01035 1.000000 
0.01068 1.000000 
0.01101 1.000000 
0.01135 1.000000 
0.01168 1.000000 
0.01202 1.000000 
0.01235 1.000000 
0.01268 1.000000 
0.01302 1.000000 
0.01335 1.000000 
0.01368 1.000000 
0.01402 1.000000 
0.01435 1.000000 
0.01469 1.000000 
0.01502 1.000000 
0.01535 1.000000 
0.01569 1.000000 
0.01602 1.000000 
0.01636 1.000000 
0.01669 1.000000 
0.01702 1.000000 
0.01736 1.000000 
0.01769 0.998549 
0.01802 0.998602 
0.01836 0.997980 
0.01869 0.997403 
0.01903 0.996867 
0.01936 0.996975 
0.01969 0.995909 
0.02003 0.995480 
0.02036 0.995082 
0.02069 0.994183 
0.02103 0.993856 
0.02136 0.991567 
0.02170 0.988942 
0.02203 0.987879 
0.02236 0.986884 
0.02270 0.985953 
0.02303 0.984228 
0.02336 0.983437 
0.02370 0.982294 
0.02403 0.980438 
0.02437 0.978691 
0.02470 0.978526 
0.02503 0.974775 
0.02537 0.972982 
0.02570 0.970950 
0.02603 0.970030 
0.02637 0.968517 
0.02670 0.966772 
0.02704 0.964506 
0.02737 0.962662 
0.02770 0.960035 
0.02804 0.955823 
0.02837 0.952101 
0.02870 0.948837 
0.02904 0.946538 
0.02937 0.944096 
0.02971 0.942288 
0.03004 0.940325 
0.03037 0.936508 
0.03071 0.936455 
0.03104 0.934081 
0.03138 0.932052 
0.03171 0.929451 
0.03204 0.927851 
0.03238 0.923969 
0.03271 0.922575 
0.03304 0.921459 
0.03338 0.917576 
0.03371 0.915842 
0.03405 0.912056 
0.03438 0.910718 
0.03471 0.904033 
0.03505 0.902564 
0.03538 0.899910 
0.03571 0.896667 
0.03605 0.892523 
0.03638 0.891777 
0.03672 0.889408 
0.03705 0.888616 
0.03738 0.884492 
0.03772 0.882901 
0.03805 0.880609 
0.03838 0.879634 
0.03872 0.874963 
0.03905 0.871353 
0.03939 0.867884 
0.03972 0.865831 
0.04005 0.861345 
0.04039 0.857713 
0.04072 0.851104 
0.04105 0.848461 
0.04139 0.845266 
0.04172 0.841935 
0.04206 0.840254 
0.04239 0.836895 
0.04272 0.834154 
0.04306 0.829215 
0.04339 0.826714 
0.04372 0.822079 
0.04406 0.819685 
0.04439 0.814536 
0.04473 0.812479 
0.04506 0.808513 
0.04539 0.806318 
0.04573 0.802920 
0.04606 0.800169 
0.04640 0.795537 
0.04673 0.790647 
0.04706 0.786424 
0.04740 0.783938 
0.04773 0.777898 
0.04806 0.775253 
0.04840 0.771935 
0.04873 0.767879 
0.04907 0.765166 
0.04940 0.761353 
0.04973 0.758299 
0.05007 0.752573 
0.05040 0.749139 
0.05073 0.746340 
0.05107 0.744324 
0.05140 0.739920 
0.05174 0.737830 
0.05207 0.734326 
0.05240 0.732892 
0.05274 0.730630 
0.05307 0.728286 
0.05340 0.725236 
0.05374 0.720807 
0.05407 0.718273 
0.05441 0.714989 
0.05474 0.712330 
0.05507 0.709165 
0.05541 0.706097 
0.05574 0.703557 
0.05607 0.701383 
0.05641 0.699211 
0.05674 0.696624 
0.05708 0.693086 
0.05741 0.691418 
0.05774 0.689206 
0.05808 0.686532 
0.05841 0.683350 
0.05874 0.680325 
0.05908 0.678480 
0.05941 0.675808 
0.05975 0.672462 
0.06008 0.668777 
0.06041 0.666053 
0.06075 0.662194 
0.06108 0.660121 
0.06142 0.656510 
0.06175 0.653525 
0.06208 0.650450 
0.06242 0.647864 
0.06275 0.645580 
0.06308 0.643645 
0.06342 0.641214 
0.06375 0.637917 
0.06409 0.635144 
0.06442 0.632124 
0.06475 0.629240 
0.06509 0.626328 
0.06542 0.624071 
0.06575 0.622656 
0.06609 0.620007 
0.06642 0.617228 
0.06676 0.614975 
0.06709 0.611542 
0.06742 0.609182 
0.06776 0.606155 
0.06809 0.604269 
0.06842 0.601339 
0.06876 0.598579 
0.06909 0.595516 
0.06943 0.592252 
0.06976 0.589437 
0.07009 0.586421 
0.07043 0.582803 
0.07076 0.579898 
0.07109 0.576800 
0.07143 0.574086 
0.07176 0.571658 
0.07210 0.569854 
0.07243 0.566906 
0.07276 0.564199 
0.07310 0.561476 
0.07343 0.558780 
0.07377 0.555286 
0.07410 0.551669 
0.07443 0.549832 
0.07477 0.547045 
0.07510 0.544921 
0.07543 0.543127 
0.07577 0.540564 
0.07610 0.537677 
0.07644 0.535394 
0.07677 0.532751 
0.07710 0.530435 
0.07744 0.528288 
0.07777 0.525492 
0.07810 0.523568 
0.07844 0.520458 
0.07877 0.518356 
0.07911 0.515912 
0.07944 0.513421 
0.07977 0.511023 
0.08011 0.509170 
0.08044 0.506743 
0.08077 0.504201 
0.08111 0.501854 
0.08144 0.499933 
0.08178 0.497022 
0.08211 0.494375 
0.08244 0.492216 
0.08278 0.490042 
0.08311 0.487660 
0.08344 0.485687 
0.08378 0.483092 
0.08411 0.480965 
0.08445 0.478104 
0.08478 0.476020 
0.08511 0.474294 
0.08545 0.472273 
0.08578 0.470027 
0.08611 0.468253 
0.08645 0.466134 
0.08678 0.464330 
0.08712 0.462216 
0.08745 0.460121 
0.08778 0.457609 
0.08812 0.455726 
0.08845 0.453545 
0.08879 0.451582 
0.08912 0.449804 
0.08945 0.447845 
0.08979 0.445736 
0.09012 0.443453 
0.09045 0.442094 
0.09079 0.439847 
0.09112 0.438079 
0.09146 0.436379 
0.09179 0.433975 
0.09212 0.432042 
0.09246 0.430518 
0.09279 0.428122 
0.09312 0.426162 
0.09346 0.424245 
0.09379 0.422649 
0.09413 0.421039 
0.09446 0.419267 
0.09479 0.417733 
0.09513 0.416061 
0.09546 0.414182 
0.09579 0.412271 
0.09613 0.410497 
0.09646 0.408569 
0.09680 0.406586 
0.09713 0.405024 
0.09746 0.403757 
0.09780 0.402123 
0.09813 0.400525 
0.09846 0.398524 
0.09880 0.396931 
0.09913 0.394736 
0.09947 0.393194 
0.09980 0.391394 
0.10013 0.389632 
0.10047 0.387863 
0.10080 0.386548 
0.10113 0.384937 
0.10147 0.383772 
0.10180 0.382097 
0.10214 0.380285 
0.10247 0.378446 
0.10280 0.377131 
0.10314 0.376350 
0.10347 0.374799 
0.10381 0.373260 
0.10414 0.371919 
0.10447 0.370279 
0.10481 0.368776 
0.10514 0.367162 
0.10547 0.365783 
0.10581 0.364353 
0.10614 0.362855 
0.10648 0.361389 
0.10681 0.359953 
0.10714 0.358548 
0.10748 0.357017 
0.10781 0.355826 
0.10814 0.354374 
0.10848 0.352612 
0.10881 0.351203 
0.10915 0.349881 
0.10948 0.348326 
0.10981 0.346857 
0.11015 0.345399 
0.11048 0.343917 
0.11081 0.342718 
0.11115 0.341275 
0.11148 0.339969 
0.11182 0.338618 
0.11215 0.337331 
0.11248 0.335983 
0.11282 0.334802 
0.11315 0.333473 
0.11348 0.332223 
0.11382 0.330930 
0.11415 0.329715 
0.11449 0.328628 
0.11482 0.327226 
0.11515 0.325952 
0.11549 0.324755 
0.11582 0.323500 
0.11615 0.322452 
0.11649 0.321378 
0.11682 0.320213 
0.11716 0.319039 
0.11749 0.317874 
0.11782 0.316572 
0.11816 0.315488 
0.11849 0.314236 
0.11883 0.312977 
0.11916 0.311617 
0.11949 0.310580 
0.11983 0.309597 
0.12016 0.308279 
0.12049 0.307387 
0.12083 0.306393 
0.12116 0.305283 
0.12150 0.304105 
0.12183 0.302815 
0.12216 0.301415 
0.12250 0.300502 
0.12283 0.299431 
0.12316 0.298574 
0.12350 0.297620 
0.12383 0.296685 
0.12417 0.295612 
0.12450 0.294690 
0.12483 0.293845 
0.12517 0.293048 
0.12550 0.291943 
0.12583 0.290790 
0.12617 0.289868 
0.12650 0.288618 
0.12684 0.287557 
0.12717 0.286504 
0.12750 0.285265 
0.12784 0.284144 
0.12817 0.283140 
0.12850 0.282251 
0.12884 0.281165 
0.12917 0.280208 
0.12951 0.279283 
0.12984 0.278205 
0.13017 0.277147 
0.13051 0.276359 
0.13084 0.275275 
0.13117 0.274329 
0.13151 0.273414 
0.13184 0.272492 
0.13218 0.271449 
0.13251 0.270590 
0.13284 0.269813 
0.13318 0.268876 
0.13351 0.267957 
0.13385 0.267095 
0.13418 0.266200 
0.13451 0.265175 
0.13485 0.264305 
0.13518 0.263440 
0.13551 0.262653 
0.13585 0.261762 
0.13618 0.260840 
0.13652 0.259984 
0.13685 0.259109 
0.13718 0.258347 
0.13752 0.257471 
0.13785 0.256447 
0.13818 0.255524 
0.13852 0.254770 
0.13885 0.253777 
0.13919 0.252882 
0.13952 0.252085 
0.13985 0.251133 
0.14019 0.250188 
0.14052 0.249395 
0.14085 0.248461 
0.14119 0.247577 
0.14152 0.246699 
0.14186 0.245949 
0.14219 0.245059 
0.14252 0.244329 
0.14286 0.243516 
0.14319 0.242631 
0.14352 0.241871 
0.14386 0.240997 
0.14419 0.240279 
0.14453 0.239436 
0.14486 0.238535 
0.14519 0.237640 
0.14553 0.236855 
0.14586 0.236044 
0.14619 0.235426 
0.14653 0.234728 
0.14686 0.233951 
0.14720 0.233179 
0.14753 0.232380 
0.14786 0.231464 
0.14820 0.230777 
0.14853 0.229831 
0.14887 0.228931 
0.14920 0.228248 
0.14953 0.227579 
0.14987 0.226784 
0.15020 0.226013 
0.15053 0.225129 
0.15087 0.224378 
0.15120 0.223603 
0.15154 0.222764 
0.15187 0.222065 
0.15220 0.221342 
0.15254 0.220603 
0.15287 0.219889 
0.15320 0.219206 
0.15354 0.218443 
0.15387 0.217787 
0.15421 0.217089 
0.15454 0.216273 
0.15487 0.215508 
0.15521 0.214822 
0.15554 0.214168 
0.15587 0.213352 
0.15621 0.212632 
0.15654 0.211971 
0.15688 0.211296 
0.15721 0.210543 
0.15754 0.209786 
0.15788 0.209034 
0.15821 0.208419 
0.15854 0.207799 
0.15888 0.207121 
0.15921 0.206490 
0.15955 0.205784 
0.15988 0.205126 
0.16021 0.204489 
0.16055 0.203881 
0.16088 0.203320 
0.16121 0.202658 
0.16155 0.202060 
0.16188 0.201338 
0.16222 0.200653 
0.16255 0.200083 
0.16288 0.199414 
0.16322 0.198775 
0.16355 0.198239 
0.16389 0.197656 
0.16422 0.197043 
0.16455 0.196449 
0.16489 0.195753 
0.16522 0.195109 
0.16555 0.194526 
0.16589 0.193930 
0.16622 0.193321 
0.16656 0.192739 
0.16689 0.192072 
0.16722 0.191529 
0.16756 0.190869 
0.16789 0.190308 
0.16822 0.189640 
0.16856 0.188999 
0.16889 0.188408 
0.16923 0.187868 
0.16956 0.187229 
0.16989 0.186633 
0.17023 0.186078 
0.17056 0.185526 
0.17089 0.185039 
0.17123 0.184492 
0.17156 0.183979 
0.17190 0.183446 
0.17223 0.182923 
0.17256 0.182358 
0.17290 0.181796 
0.17323 0.181318 
0.17356 0.180747 
0.17390 0.180252 
0.17423 0.179760 
0.17457 0.179293 
0.17490 0.178718 
0.17523 0.178190 
0.17557 0.177650 
0.17590 0.177091 
0.17623 0.176564 
0.17657 0.176061 
0.17690 0.175518 
0.17724 0.175013 
0.17757 0.174518 
0.17790 0.174026 
0.17824 0.173564 
0.17857 0.173027 
0.17891 0.172479 
0.17924 0.171954 
0.17957 0.171433 
0.17991 0.170983 
0.18024 0.170494 
0.18057 0.170014 
0.18091 0.169544 
0.18124 0.169089 
0.18158 0.168603 
0.18191 0.168099 
0.18224 0.167671 
0.18258 0.167179 
0.18291 0.166662 
0.18324 0.166161 
0.18358 0.165723 
0.18391 0.165247 
0.18425 0.164819 
0.18458 0.164393 
0.18491 0.163871 
0.18525 0.163431 
0.18558 0.162914 
0.18591 0.162465 
0.18625 0.162017 
0.18658 0.161534 
0.18692 0.161110 
0.18725 0.160682 
0.18758 0.160161 
0.18792 0.159706 
0.18825 0.159272 
0.18858 0.158784 
0.18892 0.158310 
0.18925 0.157833 
0.18959 0.157389 
0.18992 0.156953 
0.19025 0.156544 
0.19059 0.156162 
0.19092 0.155757 
0.19126 0.155329 
0.19159 0.154891 
0.19192 0.154443 
0.19226 0.154052 
0.19259 0.153614 
0.19292 0.153197 
0.19326 0.152757 
0.19359 0.152326 
0.19393 0.151926 
0.19426 0.151469 
0.19459 0.151067 
0.19493 0.150656 
0.19526 0.150252 
0.19559 0.149850 
0.19593 0.149444 
0.19626 0.148999 
0.19660 0.148540 
0.19693 0.148134 
0.19726 0.147753 
0.19760 0.147328 
0.19793 0.146968 
0.19826 0.146581 
0.19860 0.146156 
0.19893 0.145767 
0.19927 0.145419 
0.19960 0.145056 
0.19993 0.144645 
0.20027 0.144268 
0.20060 0.143871 
0.20093 0.143460 
0.20127 0.143072 
0.20160 0.142686 
0.20194 0.142297 
0.20227 0.141881 
0.20260 0.141501 
0.20294 0.141166 
0.20327 0.140815 
0.20360 0.140408 
0.20394 0.140039 
0.20427 0.139646 
0.20461 0.139291 
0.20494 0.138923 
0.20527 0.138556 
0.20561 0.138164 
0.20594 0.137858 
0.20628 0.137522 
0.20661 0.137167 
0.20694 0.136849 
0.20728 0.136523 
0.20761 0.136177 
0.20794 0.135786 
0.20828 0.135454 
0.20861 0.135118 
0.20895 0.134768 
0.20928 0.134389 
0.20961 0.134053 
0.20995 0.133717 
0.21028 0.133364 
0.21061 0.133037 
0.21095 0.132726 
0.21128 0.132386 
0.21162 0.132039 
0.21195 0.131677 
0.21228 0.131372 
0.21262 0.131029 
0.21295 0.130692 
0.21328 0.130371 
0.21362 0.130013 
0.21395 0.129675 
0.21429 0.129349 
0.21462 0.129000 
0.21495 0.128686 
0.21529 0.128345 
0.21562 0.127996 
0.21595 0.127686 
0.21629 0.127345 
0.21662 0.127028 
0.21696 0.126723 
0.21729 0.126437 
0.21762 0.126116 
0.21796 0.125781 
0.21829 0.125490 
0.21862 0.125200 
0.21896 0.124888 
0.21929 0.124578 
0.21963 0.124264 
0.21996 0.123933 
0.22029 0.123649 
0.22063 0.123344 
0.22096 0.123026 
0.22130 0.122696 
0.22163 0.122395 
0.22196 0.122094 
0.22230 0.121800 
0.22263 0.121493 
0.22296 0.121206 
0.22330 0.120911 
0.22363 0.120634 
0.22397 0.120319 
0.22430 0.120023 
0.22463 0.119755 
0.22497 0.119440 
0.22530 0.119160 
0.22563 0.118865 
0.22597 0.118579 
0.22630 0.118264 
0.22664 0.117968 
0.22697 0.117703 
0.22730 0.117418 
0.22764 0.117156 
0.22797 0.116860 
0.22830 0.116574 
0.22864 0.116332 
0.22897 0.116073 
0.22931 0.115824 
0.22964 0.115551 
0.22997 0.115266 
0.23031 0.115004 
0.23064 0.114747 
0.23097 0.114448 
0.23131 0.114193 
0.23164 0.113914 
0.23198 0.113632 
0.23231 0.113384 
0.23264 0.113108 
0.23298 0.112850 
0.23331 0.112600 
0.23364 0.112328 
0.23398 0.112060 
0.23431 0.111794 
0.23465 0.111553 
0.23498 0.111280 
0.23531 0.111025 
0.23565 0.110767 
0.23598 0.110526 
0.23632 0.110261 
0.23665 0.110002 
0.23698 0.109744 
0.23732 0.109507 
0.23765 0.109270 
0.23798 0.109011 
0.23832 0.108760 
0.23865 0.108488 
0.23899 0.108243 
0.23932 0.107980 
0.23965 0.107714 
0.23999 0.107481 
0.24032 0.107228 
0.24065 0.106962 
0.24099 0.106696 
0.24132 0.106455 
0.24166 0.106206 
0.24199 0.105967 
0.24232 0.105751 
0.24266 0.105532 
0.24299 0.105306 
0.24332 0.105078 
0.24366 0.104846 
0.24399 0.104612 
0.24433 0.104375 
0.24466 0.104149 
0.24499 0.103921 
0.24533 0.103683 
0.24566 0.103435 
0.24599 0.103202 
0.24633 0.102955 
0.24666 0.102710 
0.24700 0.102476 
0.24733 0.102232 
0.24766 0.101997 
0.24800 0.101755 
0.24833 0.101539 
0.24866 0.101288 
0.24900 0.101042 
0.24933 0.100814 
0.24967 0.100577 
0.25000 0.100376 
0.25033 0.100144 
0.25067 0.099917 
0.25100 0.099679 
0.25134 0.099450 
0.25167 0.099232 
0.25200 0.099000 
0.25234 0.098791 
0.25267 0.098562 
0.25300 0.098371 
0.25334 0.098150 
0.25367 0.097947 
0.25401 0.097732 
0.25434 0.097523 
0.25467 0.097316 
0.25501 0.097092 
0.25534 0.096883 
0.25567 0.096681 
0.25601 0.096470 
0.25634 0.096266 
0.25668 0.096039 
0.25701 0.095840 
0.25734 0.095629 
0.25768 0.095442 
0.25801 0.095228 
0.25834 0.095012 
0.25868 0.094797 
0.25901 0.094586 
0.25935 0.094392 
0.25968 0.094176 
0.26001 0.093984 
0.26035 0.093772 
0.26068 0.093575 
0.26101 0.093372 
0.26135 0.093156 
0.26168 0.092961 
0.26202 0.092763 
0.26235 0.092582 
0.26268 0.092385 
0.26302 0.092186 
0.26335 0.091995 
0.26368 0.091800 
0.26402 0.091613 
0.26435 0.091404 
0.26469 0.091215 
0.26502 0.091042 
0.26535 0.090835 
0.26569 0.090642 
0.26602 0.090446 
0.26636 0.090251 
0.26669 0.090050 
0.26702 0.089853 
0.26736 0.089679 
0.26769 0.089489 
0.26802 0.089307 
0.26836 0.089115 
0.26869 0.088937 
0.26903 0.088754 
0.26936 0.088564 
0.26969 0.088388 
0.27003 0.088206 
0.27036 0.088022 
0.27069 0.087829 
0.27103 0.087653 
0.27136 0.087455 
0.27170 0.087261 
0.27203 0.087065 
0.27236 0.086885 
0.27270 0.086708 
0.27303 0.086538 
0.27336 0.086345 
0.27370 0.086164 
0.27403 0.086002 
0.27437 0.085831 
0.27470 0.085655 
0.27503 0.085482 
0.27537 0.085305 
0.27570 0.085124 
0.27603 0.084957 
0.27637 0.084778 
0.27670 0.084599 
0.27704 0.084425 
0.27737 0.084247 
0.27770 0.084071 
0.27804 0.083910 
0.27837 0.083751 
0.27870 0.083577 
0.27904 0.083403 
0.27937 0.083249 
0.27971 0.083073 
0.28004 0.082921 
0.28037 0.082737 
0.28071 0.082583 
0.28104 0.082424 
0.28138 0.082262 
0.28171 0.082098 
0.28204 0.081934 
0.28238 0.081766 
0.28271 0.081590 
0.28304 0.081422 
0.28338 0.081258 
0.28371 0.081097 
0.28405 0.080926 
0.28438 0.080778 
0.28471 0.080621 
0.28505 0.080465 
0.28538 0.080313 
0.28571 0.080161 
0.28605 0.080009 
0.28638 0.079850 
0.28672 0.079694 
0.28705 0.079516 
0.28738 0.079359 
0.28772 0.079218 
0.28805 0.079077 
0.28838 0.078929 
0.28872 0.078768 
0.28905 0.078615 
0.28939 0.078461 
0.28972 0.078320 
0.29005 0.078163 
0.29039 0.078015 
0.29072 0.077881 
0.29105 0.077734 
0.29139 0.077585 
0.29172 0.077441 
0.29206 0.077285 
0.29239 0.077135 
0.29272 0.076990 
0.29306 0.076841 
0.29339 0.076689 
0.29372 0.076538 
0.29406 0.076393 
0.29439 0.076261 
0.29473 0.076114 
0.29506 0.075962 
0.29539 0.075816 
0.29573 0.075668 
0.29606 0.075530 
0.29640 0.075391 
0.29673 0.075249 
0.29706 0.075100 
0.29740 0.074962 
0.29773 0.074816 
0.29806 0.074674 
0.29840 0.074527 
0.29873 0.074380 
0.29907 0.074252 
0.29940 0.074109 
0.29973 0.073966 
0.30007 0.073839 
0.30040 0.073709 
0.30073 0.073560 
0.30107 0.073424 
0.30140 0.073289 
0.30174 0.073163 
0.30207 0.073014 
0.30240 0.072877 
0.30274 0.072750 
0.30307 0.072614 
0.30340 0.072472 
0.30374 0.072341 
0.30407 0.072199 
0.30441 0.072070 
0.30474 0.071934 
0.30507 0.071805 
0.30541 0.071674 
0.30574 0.071544 
0.30607 0.071414 
0.30641 0.071278 
0.30674 0.071151 
0.30708 0.071029 
0.30741 0.070887 
0.30774 0.070764 
0.30808 0.070632 
0.30841 0.070498 
0.30874 0.070380 
0.30908 0.070245 
0.30941 0.070119 
0.30975 0.069986 
0.31008 0.069854 
0.31041 0.069734 
0.31075 0.069607 
0.31108 0.069474 
0.31142 0.069348 
0.31175 0.069216 
0.31208 0.069086 
0.31242 0.068957 
0.31275 0.068825 
0.31308 0.068701 
0.31342 0.068571 
0.31375 0.068445 
0.31409 0.068325 
0.31442 0.068200 
0.31475 0.068071 
0.31509 0.067952 
0.31542 0.067824 
0.31575 0.067705 
0.31609 0.067586 
0.31642 0.067464 
0.31676 0.067344 
0.31709 0.067215 
0.31742 0.067103 
0.31776 0.066977 
0.31809 0.066850 
0.31842 0.066732 
0.31876 0.066612 
0.31909 0.066492 
0.31943 0.066379 
0.31976 0.066254 
0.32009 0.066142 
0.32043 0.066024 
0.32076 0.065908 
0.32109 0.065797 
0.32143 0.065675 
0.32176 0.065556 
0.32210 0.065433 
0.32243 0.065319 
0.32276 0.065199 
0.32310 0.065092 
0.32343 0.064979 
0.32377 0.064858 
0.32410 0.064741 
0.32443 0.064619 
0.32477 0.064505 
0.32510 0.064385 
0.32543 0.064270 
0.32577 0.064155 
0.32610 0.064045 
0.32644 0.063935 
0.32677 0.063812 
0.32710 0.063707 
0.32744 0.063594 
0.32777 0.063481 
0.32810 0.063364 
0.32844 0.063258 
0.32877 0.063148 
0.32911 0.063039 
0.32944 0.062934 
0.32977 0.062825 
0.33011 0.062712 
0.33044 0.062610 
0.33077 0.062502 
0.33111 0.062394 
0.33144 0.062279 
0.33178 0.062166 
0.33211 0.062057 
0.33244 0.061942 
0.33278 0.061826 
0.33311 0.061720 
0.33344 0.061615 
0.33378 0.061512 
0.33411 0.061421 
0.33445 0.061312 
0.33478 0.061206 
0.33511 0.061096 
0.33545 0.060988 
0.33578 0.060879 
0.33611 0.060769 
0.33645 0.060657 
0.33678 0.060550 
0.33712 0.060442 
0.33745 0.060348 
0.33778 0.060239 
0.33812 0.060143 
0.33845 0.060032 
0.33879 0.059933 
0.33912 0.059833 
0.33945 0.059727 
0.33979 0.059629 
0.34012 0.059519 
0.34045 0.059418 
0.34079 0.059323 
0.34112 0.059226 
0.34146 0.059127 
0.34179 0.059031 
0.34212 0.058937 
0.34246 0.058847 
0.34279 0.058743 
0.34312 0.058644 
0.34346 0.058543 
0.34379 0.058439 
0.34413 0.058341 
0.34446 0.058239 
0.34479 0.058143 
0.34513 0.058048 
0.34546 0.057952 
0.34579 0.057855 
0.34613 0.057764 
0.34646 0.057666 
0.34680 0.057574 
0.34713 0.057478 
0.34746 0.057378 
0.34780 0.057279 
0.34813 0.057179 
0.34846 0.057089 
0.34880 0.056996 
0.34913 0.056900 
0.34947 0.056803 
0.34980 0.056701 
0.35013 0.056602 
0.35047 0.056511 
0.35080 0.056423 
0.35113 0.056327 
0.35147 0.056229 
0.35180 0.056137 
0.35214 0.056039 
0.35247 0.055953 
0.35280 0.055863 
0.35314 0.055768 
0.35347 0.055675 
0.35381 0.055579 
0.35414 0.055494 
0.35447 0.055402 
0.35481 0.055310 
0.35514 0.055222 
0.35547 0.055131 
0.35581 0.055045 
0.35614 0.054963 
0.35648 0.054870 
0.35681 0.054784 
0.35714 0.054704 
0.35748 0.054612 
0.35781 0.054530 
0.35814 0.054438 
0.35848 0.054349 
0.35881 0.054270 
0.35915 0.054182 
0.35948 0.054098 
0.35981 0.054008 
0.36015 0.053924 
0.36048 0.053839 
0.36081 0.053759 
0.36115 0.053666 
0.36148 0.053582 
0.36182 0.053494 
0.36215 0.053410 
0.36248 0.053327 
0.36282 0.053241 
0.36315 0.053153 
0.36348 0.053066 
0.36382 0.052984 
0.36415 0.052893 
0.36449 0.052808 
0.36482 0.052723 
0.36515 0.052635 
0.36549 0.052554 
0.36582 0.052470 
0.36615 0.052387 
0.36649 0.052304 
0.36682 0.052218 
0.36716 0.052137 
0.36749 0.052052 
0.36782 0.051972 
0.36816 0.051888 
0.36849 0.051815 
0.36883 0.051731 
0.36916 0.051649 
0.36949 0.051567 
0.36983 0.051484 
0.37016 0.051409 
0.37049 0.051336 
0.37083 0.051252 
0.37116 0.051169 
0.37150 0.051087 
0.37183 0.051005 
0.37216 0.050926 
0.37250 0.050854 
0.37283 0.050771 
0.37316 0.050700 
0.37350 0.050619 
0.37383 0.050541 
0.37417 0.050462 
0.37450 0.050380 
0.37483 0.050300 
0.37517 0.050223 
0.37550 0.050140 
0.37583 0.050062 
0.37617 0.049983 
0.37650 0.049907 
0.37684 0.049832 
0.37717 0.049757 
0.37750 0.049676 
0.37784 0.049601 
0.37817 0.049531 
0.37850 0.049457 
0.37884 0.049378 
0.37917 0.049304 
0.37951 0.049226 
0.37984 0.049149 
0.38017 0.049073 
0.38051 0.049000 
0.38084 0.048926 
0.38117 0.048857 
0.38151 0.048787 
0.38184 0.048714 
0.38218 0.048638 
0.38251 0.048565 
0.38284 0.048491 
0.38318 0.048419 
0.38351 0.048344 
0.38385 0.048273 
0.38418 0.048202 
0.38451 0.048125 
0.38485 0.048051 
0.38518 0.047974 
0.38551 0.047903 
0.38585 0.047827 
0.38618 0.047758 
0.38652 0.047692 
0.38685 0.047620 
0.38718 0.047553 
0.38752 0.047477 
0.38785 0.047411 
0.38818 0.047343 
0.38852 0.047275 
0.38885 0.047209 
0.38919 0.047140 
0.38952 0.047069 
0.38985 0.047003 
0.39019 0.046936 
0.39052 0.046862 
0.39085 0.046790 
0.39119 0.046724 
0.39152 0.046654 
0.39186 0.046585 
0.39219 0.046517 
0.39252 0.046450 
0.39286 0.046385 
0.39319 0.046319 
0.39352 0.046257 
0.39386 0.046191 
0.39419 0.046126 
0.39453 0.046059 
0.39486 0.045990 
0.39519 0.045924 
0.39553 0.045860 
0.39586 0.045796 
0.39619 0.045733 
0.39653 0.045664 
0.39686 0.045599 
0.39720 0.045532 
0.39753 0.045466 
0.39786 0.045396 
0.39820 0.045334 
0.39853 0.045271 
0.39887 0.045207 
0.39920 0.045138 
0.39953 0.045071 
0.39987 0.045008 
0.40020 0.044943 
0.40053 0.044880 
0.40087 0.044817 
0.40120 0.044753 
0.40154 0.044690 
0.40187 0.044628 
0.40220 0.044565 
0.40254 0.044499 
0.40287 0.044438 
0.40320 0.044373 
0.40354 0.044312 
0.40387 0.044251 
0.40421 0.044185 
0.40454 0.044121 
0.40487 0.044062 
0.40521 0.043996 
0.40554 0.043929 
0.40587 0.043865 
0.40621 0.043805 
0.40654 0.043741 
0.40688 0.043682 
0.40721 0.043617 
0.40754 0.043559 
0.40788 0.043498 
0.40821 0.043431 
0.40854 0.043372 
0.40888 0.043309 
0.40921 0.043249 
0.40955 0.043189 
0.40988 0.043130 
0.41021 0.043068 
0.41055 0.043004 
0.41088 0.042943 
0.41121 0.042883 
0.41155 0.042824 
0.41188 0.042760 
0.41222 0.042698 
0.41255 0.042644 
0.41288 0.042588 
0.41322 0.042531 
0.41355 0.042467 
0.41389 0.042412 
0.41422 0.042358 
0.41455 0.042299 
0.41489 0.042236 
0.41522 0.042176 
0.41555 0.042116 
0.41589 0.042057 
0.41622 0.042000 
0.41656 0.041943 
0.41689 0.041886 
0.41722 0.041825 
0.41756 0.041771 
0.41789 0.041715 
0.41822 0.041657 
0.41856 0.041600 
0.41889 0.041546 
0.41923 0.041486 
0.41956 0.041433 
0.41989 0.041376 
0.42023 0.041320 
0.42056 0.041264 
0.42089 0.041204 
0.42123 0.041145 
0.42156 0.041090 
0.42190 0.041033 
0.42223 0.040974 
0.42256 0.040917 
0.42290 0.040865 
0.42323 0.040805 
0.42356 0.040753 
0.42390 0.040698 
0.42423 0.040641 
0.42457 0.040587 
0.42490 0.040533 
0.42523 0.040478 
0.42557 0.040426 
0.42590 0.040372 
0.42623 0.040318 
0.42657 0.040263 
0.42690 0.040206 
0.42724 0.040153 
0.42757 0.040098 
0.42790 0.040040 
0.42824 0.039989 
0.42857 0.039938 
0.42891 0.039884 
0.42924 0.039834 
0.42957 0.039782 
0.42991 0.039730 
0.43024 0.039675 
0.43057 0.039623 
0.43091 0.039574 
0.43124 0.039522 
0.43158 0.039469 
0.43191 0.039418 
0.43224 0.039366 
0.43258 0.039314 
0.43291 0.039261 
0.43324 0.039207 
0.43358 0.039157 
0.43391 0.039103 
0.43425 0.039053 
0.43458 0.039003 
0.43491 0.038953 
0.43525 0.038901 
0.43558 0.038852 
0.43591 0.038805 
0.43625 0.038752 
0.43658 0.038702 
0.43692 0.038650 
0.43725 0.038599 
0.43758 0.038550 
0.43792 0.038499 
0.43825 0.038449 
0.43858 0.038397 
0.43892 0.038347 
0.43925 0.038296 
0.43959 0.038245 
0.43992 0.038194 
0.44025 0.038147 
0.44059 0.038098 
0.44092 0.038051 
0.44126 0.038002 
0.44159 0.037953 
0.44192 0.037903 
0.44226 0.037856 
0.44259 0.037806 
0.44292 0.037756 
0.44326 0.037710 
0.44359 0.037661 
0.44393 0.037615 
0.44426 0.037570 
0.44459 0.037525 
0.44493 0.037477 
0.44526 0.037430 
0.44559 0.037380 
0.44593 0.037331 
0.44626 0.037283 
0.44660 0.037232 
0.44693 0.037186 
0.44726 0.037142 
0.44760 0.037093 
0.44793 0.037047 
0.44826 0.037000 
0.44860 0.036953 
0.44893 0.036907 
0.44927 0.036861 
0.44960 0.036816 
0.44993 0.036771 
0.45027 0.036726 
0.45060 0.036679 
0.45093 0.036631 
0.45127 0.036580 
0.45160 0.036534 
0.45194 0.036488 
0.45227 0.036443 
0.45260 0.036397 
0.45294 0.036355 
0.45327 0.036312 
0.45360 0.036267 
0.45394 0.036223 
0.45427 0.036178 
0.45461 0.036132 
0.45494 0.036088 
0.45527 0.036044 
0.45561 0.036002 
0.45594 0.035959 
0.45628 0.035915 
0.45661 0.035870 
0.45694 0.035826 
0.45728 0.035782 
0.45761 0.035738 
0.45794 0.035690 
0.45828 0.035645 
0.45861 0.035598 
0.45895 0.035556 
0.45928 0.035513 
0.45961 0.035470 
0.45995 0.035425 
0.46028 0.035381 
0.46061 0.035332 
0.46095 0.035286 
0.46128 0.035241 
0.46162 0.035196 
0.46195 0.035153 
0.46228 0.035109 
0.46262 0.035066 
0.46295 0.035022 
0.46328 0.034981 
0.46362 0.034936 
0.46395 0.034891 
0.46429 0.034849 
0.46462 0.034803 
0.46495 0.034758 
0.46529 0.034717 
0.46562 0.034675 
0.46595 0.034631 
0.46629 0.034586 
0.46662 0.034544 
0.46696 0.034502 
0.46729 0.034460 
0.46762 0.034418 
0.46796 0.034374 
0.46829 0.034333 
0.46862 0.034291 
0.46896 0.034246 
0.46929 0.034200 
0.46963 0.034159 
0.46996 0.034118 
0.47029 0.034076 
0.47063 0.034031 
0.47096 0.033989 
0.47130 0.033947 
0.47163 0.033907 
0.47196 0.033866 
0.47230 0.033827 
0.47263 0.033788 
0.47296 0.033747 
0.47330 0.033708 
0.47363 0.033667 
0.47397 0.033626 
0.47430 0.033584 
0.47463 0.033543 
0.47497 0.033502 
0.47530 0.033461 
0.47563 0.033417 
0.47597 0.033377 
0.47630 0.033339 
0.47664 0.033299 
0.47697 0.033257 
0.47730 0.033215 
0.47764 0.033174 
0.47797 0.033131 
0.47830 0.033092 
0.47864 0.033053 
0.47897 0.033011 
0.47931 0.032971 
0.47964 0.032928 
0.47997 0.032886 
0.48031 0.032847 
0.48064 0.032809 
0.48097 0.032769 
0.48131 0.032730 
0.48164 0.032692 
0.48198 0.032652 
0.48231 0.032614 
0.48264 0.032578 
0.48298 0.032536 
0.48331 0.032499 
0.48364 0.032461 
0.48398 0.032424 
0.48431 0.032382 
0.48465 0.032345 
0.48498 0.032307 
0.48531 0.032268 
0.48565 0.032230 
0.48598 0.032193 
0.48632 0.032153 
0.48665 0.032115 
0.48698 0.032077 
0.48732 0.032038 
0.48765 0.032001 
0.48798 0.031963 
0.48832 0.031926 
0.48865 0.031889 
0.48899 0.031853 
0.48932 0.031816 
0.48965 0.031778 
0.48999 0.031740 
0.49032 0.031703 
0.49065 0.031665 
0.49099 0.031626 
0.49132 0.031588 
0.49166 0.031553 
0.49199 0.031512 
0.49232 0.031477 
0.49266 0.031442 
0.49299 0.031404 
0.49332 0.031368 
0.49366 0.031332 
0.49399 0.031295 
0.49433 0.031257 
0.49466 0.031220 
0.49499 0.031186 
0.49533 0.031150 
0.49566 0.031113 
0.49599 0.031078 
0.49633 0.031043 
0.49666 0.031010 
0.49700 0.030973 
0.49733 0.030938 
0.49766 0.030901 
0.49800 0.030864 
0.49833 0.030828 
0.49866 0.030792 
0.49900 0.030759 
0.49933 0.030727 
0.49967 0.030694 
0.50000 0.030659 
0.50033 0.030623 
0.50067 0.030590 
0.50100 0.030556 
0.50134 0.030520 
0.50167 0.030486 
0.50200 0.030451 
0.50234 0.030418 
0.50267 0.030380 
0.50300 0.030344 
0.50334 0.030311 
0.50367 0.030277 
0.50401 0.030240 
0.50434 0.030203 
0.50467 0.030170 
0.50501 0.030137 
0.50534 0.030101 
0.50567 0.030066 
0.50601 0.030030 
0.50634 0.029998 
0.50668 0.029964 
0.50701 0.029933 
0.50734 0.029901 
0.50768 0.029868 
0.50801 0.029834 
0.50834 0.029798 
0.50868 0.029767 
0.50901 0.029732 
0.50935 0.029696 
0.50968 0.029661 
0.51001 0.029626 
0.51035 0.029590 
0.51068 0.029555 
0.51101 0.029522 
0.51135 0.029491 
0.51168 0.029459 
0.51202 0.029423 
0.51235 0.029387 
0.51268 0.029357 
0.51302 0.029324 
0.51335 0.029291 
0.51368 0.029258 
0.51402 0.029225 
0.51435 0.029193 
0.51469 0.029161 
0.51502 0.029130 
0.51535 0.029098 
0.51569 0.029066 
0.51602 0.029035 
0.51636 0.029004 
0.51669 0.028970 
0.51702 0.028935 
0.51736 0.028903 
0.51769 0.028871 
0.51802 0.028839 
0.51836 0.028806 
0.51869 0.028775 
0.51903 0.028743 
0.51936 0.028712 
0.51969 0.028681 
0.52003 0.028650 
0.52036 0.028618 
0.52069 0.028585 
0.52103 0.028553 
0.52136 0.028521 
0.52170 0.028489 
0.52203 0.028457 
0.52236 0.028426 
0.52270 0.028394 
0.52303 0.028366 
0.52336 0.028337 
0.52370 0.028306 
0.52403 0.028276 
0.52437 0.028244 
0.52470 0.028214 
0.52503 0.028186 
0.52537 0.028155 
0.52570 0.028126 
0.52603 0.028097 
0.52637 0.028068 
0.52670 0.028039 
0.52704 0.028009 
0.52737 0.027976 
0.52770 0.027947 
0.52804 0.027914 
0.52837 0.027882 
0.52870 0.027851 
0.52904 0.027819 
0.52937 0.027789 
0.52971 0.027757 
0.53004 0.027728 
0.53037 0.027700 
0.53071 0.027671 
0.53104 0.027640 
0.53138 0.027611 
0.53171 0.027580 
0.53204 0.027547 
0.53238 0.027516 
0.53271 0.027487 
0.53304 0.027458 
0.53338 0.027429 
0.53371 0.027398 
0.53405 0.027369 
0.53438 0.027341 
0.53471 0.027312 
0.53505 0.027284 
0.53538 0.027255 
0.53571 0.027225 
0.53605 0.027196 
0.53638 0.027168 
0.53672 0.027141 
0.53705 0.027113 
0.53738 0.027084 
0.53772 0.027056 
0.53805 0.027029 
0.53838 0.027000 
0.53872 0.026971 
0.53905 0.026941 
0.53939 0.026912 
0.53972 0.026882 
0.54005 0.026852 
0.54039 0.026822 
0.54072 0.026794 
0.54105 0.026763 
0.54139 0.026731 
0.54172 0.026703 
0.54206 0.026675 
0.54239 0.026647 
0.54272 0.026617 
0.54306 0.026589 
0.54339 0.026560 
0.54372 0.026532 
0.54406 0.026503 
0.54439 0.026475 
0.54473 0.026448 
0.54506 0.026419 
0.54539 0.026390 
0.54573 0.026365 
0.54606 0.026336 
0.54640 0.026308 
0.54673 0.026279 
0.54706 0.026253 
0.54740 0.026224 
0.54773 0.026197 
0.54806 0.026171 
0.54840 0.026143 
0.54873 0.026115 
0.54907 0.026088 
0.54940 0.026059 
0.54973 0.026030 
0.55007 0.026002 
0.55040 0.025975 
0.55073 0.025948 
0.55107 0.025920 
0.55140 0.025892 
0.55174 0.025864 
0.55207 0.025836 
0.55240 0.025809 
0.55274 0.025783 
0.55307 0.025756 
0.55340 0.025729 
0.55374 0.025703 
0.55407 0.025675 
0.55441 0.025649 
0.55474 0.025623 
0.55507 0.025596 
0.55541 0.025570 
0.55574 0.025544 
0.55607 0.025519 
0.55641 0.025493 
0.55674 0.025468 
0.55708 0.025442 
0.55741 0.025417 
0.55774 0.025391 
0.55808 0.025365 
0.55841 0.025340 
0.55874 0.025313 
0.55908 0.025287 
0.55941 0.025261 
0.55975 0.025233 
0.56008 0.025206 
0.56041 0.025179 
0.56075 0.025151 
0.56108 0.025126 
0.56142 0.025100 
0.56175 0.025075 
0.56208 0.025050 
0.56242 0.025025 
0.56275 0.024999 
0.56308 0.024974 
0.56342 0.024949 
0.56375 0.024924 
0.56409 0.024898 
0.56442 0.024874 
0.56475 0.024849 
0.56509 0.024823 
0.56542 0.024798 
0.56575 0.024773 
0.56609 0.024747 
0.56642 0.024723 
0.56676 0.024699 
0.56709 0.024675 
0.56742 0.024649 
0.56776 0.024624 
0.56809 0.024599 
0.56842 0.024575 
0.56876 0.024550 
0.56909 0.024526 
0.56943 0.024500 
0.56976 0.024475 
0.57009 0.024450 
0.57043 0.024425 
0.57076 0.024401 
0.57109 0.024378 
0.57143 0.024354 
0.57176 0.024330 
0.57210 0.024305 
0.57243 0.024279 
0.57276 0.024255 
0.57310 0.024232 
0.57343 0.024208 
0.57377 0.024184 
0.57410 0.024160 
0.57443 0.024135 
0.57477 0.024112 
0.57510 0.024088 
0.57543 0.024064 
0.57577 0.024040 
0.57610 0.024016 
0.57644 0.023990 
0.57677 0.023967 
0.57710 0.023944 
0.57744 0.023918 
0.57777 0.023894 
0.57810 0.023870 
0.57844 0.023844 
0.57877 0.023819 
0.57911 0.023795 
0.57944 0.023771 
0.57977 0.023748 
0.58011 0.023724 
0.58044 0.023703 
0.58077 0.023680 
0.58111 0.023657 
0.58144 0.023632 
0.58178 0.023608 
0.58211 0.023584 
0.58244 0.023561 
0.58278 0.023538 
0.58311 0.023515 
0.58344 0.023492 
0.58378 0.023469 
0.58411 0.023447 
0.58445 0.023423 
0.58478 0.023400 
0.58511 0.023377 
0.58545 0.023353 
0.58578 0.023329 
0.58611 0.023307 
0.58645 0.023283 
0.58678 0.023263 
0.58712 0.023239 
0.58745 0.023216 
0.58778 0.023193 
0.58812 0.023169 
0.58845 0.023146 
0.58879 0.023123 
0.58912 0.023100 
0.58945 0.023078 
0.58979 0.023056 
0.59012 0.023034 
0.59045 0.023011 
0.59079 0.022989 
0.59112 0.022968 
0.59146 0.022946 
0.59179 0.022923 
0.59212 0.022899 
0.59246 0.022876 
0.59279 0.022855 
0.59312 0.022832 
0.59346 0.022810 
0.59379 0.022787 
0.59413 0.022764 
0.59446 0.022742 
0.59479 0.022718 
0.59513 0.022697 
0.59546 0.022673 
0.59579 0.022651 
0.59613 0.022629 
0.59646 0.022608 
0.59680 0.022587 
0.59713 0.022565 
0.59746 0.022545 
0.59780 0.022524 
0.59813 0.022502 
0.59846 0.022479 
0.59880 0.022458 
0.59913 0.022436 
0.59947 0.022415 
0.59980 0.022393 
0.60013 0.022372 
0.60047 0.022350 
0.60080 0.022328 
0.60113 0.022308 
0.60147 0.022286 
0.60180 0.022266 
0.60214 0.022244 
0.60247 0.022224 
0.60280 0.022202 
0.60314 0.022181 
0.60347 0.022160 
0.60381 0.022139 
0.60414 0.022117 
0.60447 0.022096 
0.60481 0.022076 
0.60514 0.022055 
0.60547 0.022035 
0.60581 0.022015 
0.60614 0.021993 
0.60648 0.021972 
0.60681 0.021951 
0.60714 0.021932 
0.60748 0.021912 
0.60781 0.021891 
0.60814 0.021869 
0.60848 0.021849 
0.60881 0.021827 
0.60915 0.021806 
0.60948 0.021785 
0.60981 0.021762 
0.61015 0.021742 
0.61048 0.021721 
0.61081 0.021699 
0.61115 0.021679 
0.61148 0.021657 
0.61182 0.021636 
0.61215 0.021616 
0.61248 0.021595 
0.61282 0.021574 
0.61315 0.021555 
0.61348 0.021535 
0.61382 0.021514 
0.61415 0.021494 
0.61449 0.021473 
0.61482 0.021453 
0.61515 0.021433 
0.61549 0.021414 
0.61582 0.021395 
0.61615 0.021374 
0.61649 0.021355 
0.61682 0.021334 
0.61716 0.021314 
0.61749 0.021294 
0.61782 0.021274 
0.61816 0.021254 
0.61849 0.021235 
0.61883 0.021215 
0.61916 0.021195 
0.61949 0.021175 
0.61983 0.021156 
0.62016 0.021136 
0.62049 0.021117 
0.62083 0.021099 
0.62116 0.021080 
0.62150 0.021060 
0.62183 0.021040 
0.62216 0.021021 
0.62250 0.021001 
0.62283 0.020981 
0.62316 0.020960 
0.62350 0.020940 
0.62383 0.020921 
0.62417 0.020902 
0.62450 0.020880 
0.62483 0.020862 
0.62517 0.020843 
0.62550 0.020823 
0.62583 0.020805 
0.62617 0.020785 
0.62650 0.020765 
0.62684 0.020747 
0.62717 0.020728 
0.62750 0.020709 
0.62784 0.020688 
0.62817 0.020668 
0.62850 0.020648 
0.62884 0.020630 
0.62917 0.020611 
0.62951 0.020591 
0.62984 0.020572 
0.63017 0.020553 
0.63051 0.020534 
0.63084 0.020513 
0.63117 0.020494 
0.63151 0.020476 
0.63184 0.020456 
0.63218 0.020438 
0.63251 0.020419 
0.63284 0.020399 
0.63318 0.020380 
0.63351 0.020362 
0.63385 0.020344 
0.63418 0.020326 
0.63451 0.020307 
0.63485 0.020289 
0.63518 0.020270 
0.63551 0.020251 
0.63585 0.020233 
0.63618 0.020215 
0.63652 0.020197 
0.63685 0.020179 
0.63718 0.020161 
0.63752 0.020143 
0.63785 0.020126 
0.63818 0.020105 
0.63852 0.020088 
0.63885 0.020069 
0.63919 0.020051 
0.63952 0.020032 
0.63985 0.020015 
0.64019 0.019996 
0.64052 0.019977 
0.64085 0.019959 
0.64119 0.019941 
0.64152 0.019923 
0.64186 0.019905 
0.64219 0.019887 
0.64252 0.019869 
0.64286 0.019851 
0.64319 0.019833 
0.64352 0.019816 
0.64386 0.019798 
0.64419 0.019780 
0.64453 0.019763 
0.64486 0.019745 
0.64519 0.019727 
0.64553 0.019710 
0.64586 0.019692 
0.64619 0.019675 
0.64653 0.019657 
0.64686 0.019639 
0.64720 0.019621 
0.64753 0.019603 
0.64786 0.019586 
0.64820 0.019567 
0.64853 0.019549 
0.64887 0.019530 
0.64920 0.019512 
0.64953 0.019494 
0.64987 0.019476 
0.65020 0.019459 
0.65053 0.019441 
0.65087 0.019424 
0.65120 0.019406 
0.65154 0.019389 
0.65187 0.019372 
0.65220 0.019353 
0.65254 0.019337 
0.65287 0.019321 
0.65320 0.019304 
0.65354 0.019286 
0.65387 0.019270 
0.65421 0.019253 
0.65454 0.019235 
0.65487 0.019218 
0.65521 0.019201 
0.65554 0.019183 
0.65587 0.019166 
0.65621 0.019148 
0.65654 0.019132 
0.65688 0.019115 
0.65721 0.019098 
0.65754 0.019082 
0.65788 0.019065 
0.65821 0.019049 
0.65854 0.019031 
0.65888 0.019014 
0.65921 0.018997 
0.65955 0.018980 
0.65988 0.018964 
0.66021 0.018946 
0.66055 0.018930 
0.66088 0.018914 
0.66121 0.018897 
0.66155 0.018880 
0.66188 0.018864 
0.66222 0.018848 
0.66255 0.018832 
0.66288 0.018816 
0.66322 0.018798 
0.66355 0.018783 
0.66389 0.018766 
0.66422 0.018750 
0.66455 0.018735 
0.66489 0.018718 
0.66522 0.018701 
0.66555 0.018684 
0.66589 0.018668 
0.66622 0.018651 
0.66656 0.018636 
0.66689 0.018620 
0.66722 0.018603 
0.66756 0.018587 
0.66789 0.018570 
0.66822 0.018554 
0.66856 0.018538 
0.66889 0.018522 
0.66923 0.018506 
0.66956 0.018490 
0.66989 0.018474 
0.67023 0.018458 
0.67056 0.018442 
0.67089 0.018427 
0.67123 0.018411 
0.67156 0.018393 
0.67190 0.018378 
0.67223 0.018361 
0.67256 0.018345 
0.67290 0.018327 
0.67323 0.018312 
0.67356 0.018296 
0.67390 0.018281 
0.67423 0.018265 
0.67457 0.018249 
0.67490 0.018234 
0.67523 0.018219 
0.67557 0.018203 
0.67590 0.018188 
0.67623 0.018173 
0.67657 0.018156 
0.67690 0.018141 
0.67724 0.018126 
0.67757 0.018111 
0.67790 0.018096 
0.67824 0.018080 
0.67857 0.018064 
0.67891 0.018048 
0.67924 0.018033 
0.67957 0.018019 
0.67991 0.018002 
0.68024 0.017987 
0.68057 0.017971 
0.68091 0.017956 
0.68124 0.017940 
0.68158 0.017924 
0.68191 0.017909 
0.68224 0.017894 
0.68258 0.017879 
0.68291 0.017863 
0.68324 0.017848 
0.68358 0.017833 
0.68391 0.017818 
0.68425 0.017803 
0.68458 0.017787 
0.68491 0.017772 
0.68525 0.017757 
0.68558 0.017742 
0.68591 0.017727 
0.68625 0.017712 
0.68658 0.017697 
0.68692 0.017683 
0.68725 0.017667 
0.68758 0.017652 
0.68792 0.017636 
0.68825 0.017622 
0.68858 0.017607 
0.68892 0.017592 
0.68925 0.017577 
0.68959 0.017562 
0.68992 0.017548 
0.69025 0.017534 
0.69059 0.017519 
0.69092 0.017504 
0.69126 0.017490 
0.69159 0.017475 
0.69192 0.017460 
0.69226 0.017446 
0.69259 0.017431 
0.69292 0.017415 
0.69326 0.017400 
0.69359 0.017384 
0.69393 0.017369 
0.69426 0.017355 
0.69459 0.017340 
0.69493 0.017326 
0.69526 0.017310 
0.69559 0.017296 
0.69593 0.017280 
0.69626 0.017266 
0.69660 0.017251 
0.69693 0.017237 
0.69726 0.017223 
0.69760 0.017207 
0.69793 0.017193 
0.69826 0.017179 
0.69860 0.017165 
0.69893 0.017150 
0.69927 0.017136 
0.69960 0.017120 
0.69993 0.017106 
0.70027 0.017092 
0.70060 0.017078 
0.70093 0.017064 
0.70127 0.017049 
0.70160 0.017036 
0.70194 0.017021 
0.70227 0.017007 
0.70260 0.016992 
0.70294 0.016978 
0.70327 0.016964 
0.70360 0.016950 
0.70394 0.016936 
0.70427 0.016922 
0.70461 0.016907 
0.70494 0.016893 
0.70527 0.016879 
0.70561 0.016865 
0.70594 0.016850 
0.70628 0.016837 
0.70661 0.016824 
0.70694 0.016809 
0.70728 0.016796 
0.70761 0.016783 
0.70794 0.016769 
0.70828 0.016755 
0.70861 0.016740 
0.70895 0.016727 
0.70928 0.016713 
0.70961 0.016699 
0.70995 0.016686 
0.71028 0.016673 
0.71061 0.016659 
0.71095 0.016646 
0.71128 0.016633 
0.71162 0.016619 
0.71195 0.016606 
0.71228 0.016592 
0.71262 0.016579 
0.71295 0.016565 
0.71328 0.016552 
0.71362 0.016538 
0.71395 0.016524 
0.71429 0.016510 
0.71462 0.016497 
0.71495 0.016484 
0.71529 0.016471 
0.71562 0.016458 
0.71595 0.016444 
0.71629 0.016430 
0.71662 0.016417 
0.71696 0.016403 
0.71729 0.016390 
0.71762 0.016378 
0.71796 0.016364 
0.71829 0.016352 
0.71862 0.016339 
0.71896 0.016326 
0.71929 0.016312 
0.71963 0.016299 
0.71996 0.016286 
0.72029 0.016273 
0.72063 0.016261 
0.72096 0.016248 
0.72130 0.016235 
0.72163 0.016222 
0.72196 0.016209 
0.72230 0.016197 
0.72263 0.016184 
0.72296 0.016171 
0.72330 0.016158 
0.72363 0.016145 
0.72397 0.016132 
0.72430 0.016119 
0.72463 0.016106 
0.72497 0.016093 
0.72530 0.016080 
0.72563 0.016067 
0.72597 0.016054 
0.72630 0.016041 
0.72664 0.016028 
0.72697 0.016015 
0.72730 0.016002 
0.72764 0.015990 
0.72797 0.015977 
0.72830 0.015964 
0.72864 0.015951 
0.72897 0.015938 
0.72931 0.015925 
0.72964 0.015912 
0.72997 0.015899 
0.73031 0.015887 
0.73064 0.015874 
0.73097 0.015861 
0.73131 0.015847 
0.73164 0.015834 
0.73198 0.015822 
0.73231 0.015810 
0.73264 0.015798 
0.73298 0.015785 
0.73331 0.015773 
0.73364 0.015761 
0.73398 0.015748 
0.73431 0.015735 
0.73465 0.015722 
0.73498 0.015709 
0.73531 0.015696 
0.73565 0.015684 
0.73598 0.015671 
0.73632 0.015659 
0.73665 0.015646 
0.73698 0.015634 
0.73732 0.015621 
0.73765 0.015608 
0.73798 0.015595 
0.73832 0.015583 
0.73865 0.015570 
0.73899 0.015557 
0.73932 0.015545 
0.73965 0.015532 
0.73999 0.015519 
0.74032 0.015507 
0.74065 0.015495 
0.74099 0.015482 
0.74132 0.015469 
0.74166 0.015457 
0.74199 0.015445 
0.74232 0.015433 
0.74266 0.015421 
0.74299 0.015409 
0.74332 0.015397 
0.74366 0.015384 
0.74399 0.015372 
0.74433 0.015360 
0.74466 0.015348 
0.74499 0.015335 
0.74533 0.015322 
0.74566 0.015310 
0.74599 0.015298 
0.74633 0.015286 
0.74666 0.015274 
0.74700 0.015262 
0.74733 0.015249 
0.74766 0.015238 
0.74800 0.015226 
0.74833 0.015214 
0.74866 0.015202 
0.74900 0.015190 
0.74933 0.015178 
0.74967 0.015166 
0.75000 0.015154 
0.75033 0.015142 
0.75067 0.015130 
0.75100 0.015119 
0.75134 0.015107 
0.75167 0.015096 
0.75200 0.015084 
0.75234 0.015072 
0.75267 0.015061 
0.75300 0.015049 
0.75334 0.015037 
0.75367 0.015025 
0.75401 0.015014 
0.75434 0.015002 
0.75467 0.014991 
0.75501 0.014979 
0.75534 0.014968 
0.75567 0.014955 
0.75601 0.014944 
0.75634 0.014932 
0.75668 0.014921 
0.75701 0.014909 
0.75734 0.014898 
0.75768 0.014886 
0.75801 0.014874 
0.75834 0.014862 
0.75868 0.014851 
0.75901 0.014839 
0.75935 0.014828 
0.75968 0.014815 
0.76001 0.014804 
0.76035 0.014792 
0.76068 0.014781 
0.76101 0.014769 
0.76135 0.014758 
0.76168 0.014747 
0.76202 0.014735 
0.76235 0.014724 
0.76268 0.014713 
0.76302 0.014701 
0.76335 0.014690 
0.76368 0.014678 
0.76402 0.014666 
0.76435 0.014654 
0.76469 0.014642 
0.76502 0.014631 
0.76535 0.014620 
0.76569 0.014608 
0.76602 0.014597 
0.76636 0.014586 
0.76669 0.014574 
0.76702 0.014563 
0.76736 0.014551 
0.76769 0.014540 
0.76802 0.014529 
0.76836 0.014518 
0.76869 0.014506 
0.76903 0.014495 
0.76936 0.014484 
0.76969 0.014473 
0.77003 0.014461 
0.77036 0.014450 
0.77069 0.014439 
0.77103 0.014428 
0.77136 0.014417 
0.77170 0.014406 
0.77203 0.014395 
0.77236 0.014384 
0.77270 0.014373 
0.77303 0.014362 
0.77336 0.014352 
0.77370 0.014341 
0.77403 0.014331 
0.77437 0.014319 
0.77470 0.014308 
0.77503 0.014297 
0.77537 0.014286 
0.77570 0.014275 
0.77603 0.014264 
0.77637 0.014253 
0.77670 0.014242 
0.77704 0.014231 
0.77737 0.014220 
0.77770 0.014209 
0.77804 0.014199 
0.77837 0.014188 
0.77870 0.014177 
0.77904 0.014167 
0.77937 0.014156 
0.77971 0.014145 
0.78004 0.014135 
0.78037 0.014125 
0.78071 0.014114 
0.78104 0.014103 
0.78138 0.014093 
0.78171 0.014082 
0.78204 0.014071 
0.78238 0.014060 
0.78271 0.014049 
0.78304 0.014038 
0.78338 0.014027 
0.78371 0.014017 
0.78405 0.014006 
0.78438 0.013996 
0.78471 0.013985 
0.78505 0.013974 
0.78538 0.013964 
0.78571 0.013954 
0.78605 0.013944 
0.78638 0.013934 
0.78672 0.013923 
0.78705 0.013913 
0.78738 0.013903 
0.78772 0.013892 
0.78805 0.013882 
0.78838 0.013871 
0.78872 0.013861 
0.78905 0.013850 
0.78939 0.013840 
0.78972 0.013829 
0.79005 0.013819 
0.79039 0.013809 
0.79072 0.013798 
0.79105 0.013787 
0.79139 0.013778 
0.79172 0.013767 
0.79206 0.013757 
0.79239 0.013746 
0.79272 0.013736 
0.79306 0.013726 
0.79339 0.013716 
0.79372 0.013705 
0.79406 0.013696 
0.79439 0.013686 
0.79473 0.013675 
0.79506 0.013665 
0.79539 0.013655 
0.79573 0.013645 
0.79606 0.013635 
0.79640 0.013625 
0.79673 0.013615 
0.79706 0.013606 
0.79740 0.013595 
0.79773 0.013585 
0.79806 0.013575 
0.79840 0.013565 
0.79873 0.013554 
0.79907 0.013545 
0.79940 0.013535 
0.79973 0.013524 
0.80007 0.013515 
0.80040 0.013505 
0.80073 0.013496 
0.80107 0.013486 
0.80140 0.013476 
0.80174 0.013466 
0.80207 0.013456 
0.80240 0.013447 
0.80274 0.013436 
0.80307 0.013426 
0.80340 0.013416 
0.80374 0.013407 
0.80407 0.013397 
0.80441 0.013387 
0.80474 0.013377 
0.80507 0.013367 
0.80541 0.013358 
0.80574 0.013348 
0.80607 0.013338 
0.80641 0.013329 
0.80674 0.013319 
0.80708 0.013310 
0.80741 0.013300 
0.80774 0.013290 
0.80808 0.013280 
0.80841 0.013270 
0.80874 0.013260 
0.80908 0.013250 
0.80941 0.013241 
0.80975 0.013231 
0.81008 0.013221 
0.81041 0.013210 
0.81075 0.013201 
0.81108 0.013190 
0.81142 0.013181 
0.81175 0.013171 
0.81208 0.013161 
0.81242 0.013151 
0.81275 0.013142 
0.81308 0.013133 
0.81342 0.013123 
0.81375 0.013113 
0.81409 0.013104 
0.81442 0.013094 
0.81475 0.013084 
0.81509 0.013074 
0.81542 0.013064 
0.81575 0.013054 
0.81609 0.013045 
0.81642 0.013035 
0.81676 0.013026 
0.81709 0.013016 
0.81742 0.013007 
0.81776 0.012997 
0.81809 0.012987 
0.81842 0.012978 
0.81876 0.012968 
0.81909 0.012959 
0.81943 0.012949 
0.81976 0.012940 
0.82009 0.012930 
0.82043 0.012921 
0.82076 0.012911 
0.82109 0.012902 
0.82143 0.012893 
0.82176 0.012882 
0.82210 0.012873 
0.82243 0.012863 
0.82276 0.012854 
0.82310 0.012845 
0.82343 0.012835 
0.82377 0.012825 
0.82410 0.012816 
0.82443 0.012807 
0.82477 0.012798 
0.82510 0.012788 
0.82543 0.012779 
0.82577 0.012769 
0.82610 0.012760 
0.82644 0.012751 
0.82677 0.012741 
0.82710 0.012732 
0.82744 0.012723 
0.82777 0.012714 
0.82810 0.012705 
0.82844 0.012696 
0.82877 0.012686 
0.82911 0.012677 
0.82944 0.012668 
0.82977 0.012659 
0.83011 0.012650 
0.83044 0.012641 
0.83077 0.012632 
0.83111 0.012622 
0.83144 0.012613 
0.83178 0.012604 
0.83211 0.012594 
0.83244 0.012586 
0.83278 0.012577 
0.83311 0.012568 
0.83344 0.012559 
0.83378 0.012550 
0.83411 0.012541 
0.83445 0.012532 
0.83478 0.012523 
0.83511 0.012514 
0.83545 0.012505 
0.83578 0.012496 
0.83611 0.012487 
0.83645 0.012478 
0.83678 0.012469 
0.83712 0.012460 
0.83745 0.012451 
0.83778 0.012443 
0.83812 0.012434 
0.83845 0.012425 
0.83879 0.012416 
0.83912 0.012407 
0.83945 0.012398 
0.83979 0.012390 
0.84012 0.012381 
0.84045 0.012372 
0.84079 0.012364 
0.84112 0.012355 
0.84146 0.012346 
0.84179 0.012337 
0.84212 0.012328 
0.84246 0.012320 
0.84279 0.012311 
0.84312 0.012302 
0.84346 0.012293 
0.84379 0.012285 
0.84413 0.012276 
0.84446 0.012267 
0.84479 0.012258 
0.84513 0.012249 
0.84546 0.012241 
0.84579 0.012232 
0.84613 0.012223 
0.84646 0.012214 
0.84680 0.012206 
0.84713 0.012197 
0.84746 0.012189 
0.84780 0.012180 
0.84813 0.012171 
0.84846 0.012163 
0.84880 0.012154 
0.84913 0.012145 
0.84947 0.012137 
0.84980 0.012128 
0.85013 0.012119 
0.85047 0.012111 
0.85080 0.012103 
0.85113 0.012094 
0.85147 0.012085 
0.85180 0.012077 
0.85214 0.012068 
0.85247 0.012060 
0.85280 0.012051 
0.85314 0.012043 
0.85347 0.012034 
0.85381 0.012025 
0.85414 0.012017 
0.85447 0.012008 
0.85481 0.011999 
0.85514 0.011990 
0.85547 0.011982 
0.85581 0.011973 
0.85614 0.011965 
0.85648 0.011956 
0.85681 0.011947 
0.85714 0.011939 
0.85748 0.011931 
0.85781 0.011922 
0.85814 0.011914 
0.85848 0.011905 
0.85881 0.011897 
0.85915 0.011889 
0.85948 0.011881 
0.85981 0.011872 
0.86015 0.011864 
0.86048 0.011856 
0.86081 0.011847 
0.86115 0.011839 
0.86148 0.011831 
0.86182 0.011822 
0.86215 0.011814 
0.86248 0.011806 
0.86282 0.011798 
0.86315 0.011790 
0.86348 0.011782 
0.86382 0.011773 
0.86415 0.011765 
0.86449 0.011757 
0.86482 0.011749 
0.86515 0.011741 
0.86549 0.011733 
0.86582 0.011725 
0.86615 0.011716 
0.86649 0.011708 
0.86682 0.011700 
0.86716 0.011692 
0.86749 0.011684 
0.86782 0.011676 
0.86816 0.011668 
0.86849 0.011660 
0.86883 0.011652 
0.86916 0.011643 
0.86949 0.011635 
0.86983 0.011627 
0.87016 0.011619 
0.87049 0.011612 
0.87083 0.011604 
0.87116 0.011596 
0.87150 0.011588 
0.87183 0.011579 
0.87216 0.011571 
0.87250 0.011563 
0.87283 0.011555 
0.87316 0.011547 
0.87350 0.011539 
0.87383 0.011531 
0.87417 0.011523 
0.87450 0.011515 
0.87483 0.011507 
0.87517 0.011499 
0.87550 0.011491 
0.87583 0.011482 
0.87617 0.011474 
0.87650 0.011466 
0.87684 0.011458 
0.87717 0.011450 
0.87750 0.011442 
0.87784 0.011433 
0.87817 0.011426 
0.87850 0.011418 
0.87884 0.011409 
0.87917 0.011401 
0.87951 0.011393 
0.87984 0.011385 
0.88017 0.011377 
0.88051 0.011369 
0.88084 0.011361 
0.88117 0.011353 
0.88151 0.011345 
0.88184 0.011337 
0.88218 0.011329 
0.88251 0.011321 
0.88284 0.011314 
0.88318 0.011305 
0.88351 0.011297 
0.88385 0.011289 
0.88418 0.011281 
0.88451 0.011273 
0.88485 0.011266 
0.88518 0.011258 
0.88551 0.011250 
0.88585 0.011242 
0.88618 0.011234 
0.88652 0.011226 
0.88685 0.011218 
0.88718 0.011211 
0.88752 0.011203 
0.88785 0.011195 
0.88818 0.011187 
0.88852 0.011179 
0.88885 0.011172 
0.88919 0.011164 
0.88952 0.011156 
0.88985 0.011149 
0.89019 0.011141 
0.89052 0.011133 
0.89085 0.011125 
0.89119 0.011118 
0.89152 0.011110 
0.89186 0.011102 
0.89219 0.011094 
0.89252 0.011087 
0.89286 0.011079 
0.89319 0.011071 
0.89352 0.011064 
0.89386 0.011056 
0.89419 0.011049 
0.89453 0.011041 
0.89486 0.011033 
0.89519 0.011026 
0.89553 0.011018 
0.89586 0.011011 
0.89619 0.011003 
0.89653 0.010995 
0.89686 0.010988 
0.89720 0.010980 
0.89753 0.010973 
0.89786 0.010965 
0.89820 0.010958 
0.89853 0.010950 
0.89887 0.010943 
0.89920 0.010936 
0.89953 0.010928 
0.89987 0.010921 
0.90020 0.010913 
0.90053 0.010906 
0.90087 0.010898 
0.90120 0.010891 
0.90154 0.010883 
0.90187 0.010876 
0.90220 0.010869 
0.90254 0.010861 
0.90287 0.010854 
0.90320 0.010847 
0.90354 0.010839 
0.90387 0.010832 
0.90421 0.010824 
0.90454 0.010817 
0.90487 0.010810 
0.90521 0.010802 
0.90554 0.010795 
0.90587 0.010788 
0.90621 0.010780 
0.90654 0.010773 
0.90688 0.010766 
0.90721 0.010759 
0.90754 0.010752 
0.90788 0.010744 
0.90821 0.010737 
0.90854 0.010730 
0.90888 0.010723 
0.90921 0.010716 
0.90955 0.010708 
0.90988 0.010701 
0.91021 0.010693 
0.91055 0.010686 
0.91088 0.010679 
0.91121 0.010671 
0.91155 0.010664 
0.91188 0.010657 
0.91222 0.010650 
0.91255 0.010642 
0.91288 0.010635 
0.91322 0.010628 
0.91355 0.010621 
0.91389 0.010614 
0.91422 0.010606 
0.91455 0.010599 
0.91489 0.010592 
0.91522 0.010585 
0.91555 0.010577 
0.91589 0.010570 
0.91622 0.010563 
0.91656 0.010556 
0.91689 0.010548 
0.91722 0.010541 
0.91756 0.010534 
0.91789 0.010527 
0.91822 0.010520 
0.91856 0.010513 
0.91889 0.010506 
0.91923 0.010499 
0.91956 0.010492 
0.91989 0.010484 
0.92023 0.010478 
0.92056 0.010471 
0.92089 0.010463 
0.92123 0.010456 
0.92156 0.010449 
0.92190 0.010442 
0.92223 0.010435 
0.92256 0.010428 
0.92290 0.010421 
0.92323 0.010414 
0.92356 0.010407 
0.92390 0.010400 
0.92423 0.010393 
0.92457 0.010386 
0.92490 0.010379 
0.92523 0.010372 
0.92557 0.010365 
0.92590 0.010359 
0.92623 0.010352 
0.92657 0.010345 
0.92690 0.010338 
0.92724 0.010331 
0.92757 0.010325 
0.92790 0.010317 
0.92824 0.010310 
0.92857 0.010303 
0.92891 0.010296 
0.92924 0.010290 
0.92957 0.010283 
0.92991 0.010276 
0.93024 0.010269 
0.93057 0.010262 
0.93091 0.010255 
0.93124 0.010248 
0.93158 0.010242 
0.93191 0.010235 
0.93224 0.010228 
0.93258 0.010221 
0.93291 0.010214 
0.93324 0.010208 
0.93358 0.010201 
0.93391 0.010194 
0.93425 0.010187 
0.93458 0.010180 
0.93491 0.010173 
0.93525 0.010167 
0.93558 0.010159 
0.93591 0.010153 
0.93625 0.010146 
0.93658 0.010139 
0.93692 0.010133 
0.93725 0.010126 
0.93758 0.010119 
0.93792 0.010113 
0.93825 0.010106 
0.93858 0.010099 
0.93892 0.010092 
0.93925 0.010085 
0.93959 0.010078 
0.93992 0.010071 
0.94025 0.010064 
0.94059 0.010058 
0.94092 0.010051 
0.94126 0.010044 
0.94159 0.010037 
0.94192 0.010030 
0.94226 0.010023 
0.94259 0.010016 
0.94292 0.010010 
0.94326 0.010003 
0.94359 0.009996 
0.94393 0.009990 
0.94426 0.009983 
0.94459 0.009976 
0.94493 0.009969 
0.94526 0.009963 
0.94559 0.009956 
0.94593 0.009949 
0.94626 0.009943 
0.94660 0.009936 
0.94693 0.009929 
0.94726 0.009922 
0.94760 0.009916 
0.94793 0.009909 
0.94826 0.009902 
0.94860 0.009895 
0.94893 0.009889 
0.94927 0.009882 
0.94960 0.009875 
0.94993 0.009869 
0.95027 0.009862 
0.95060 0.009856 
0.95093 0.009849 
0.95127 0.009842 
0.95160 0.009836 
0.95194 0.009829 
0.95227 0.009822 
0.95260 0.009816 
0.95294 0.009809 
0.95327 0.009802 
0.95360 0.009796 
0.95394 0.009789 
0.95427 0.009783 
0.95461 0.009776 
0.95494 0.009769 
0.95527 0.009763 
0.95561 0.009756 
0.95594 0.009750 
0.95628 0.009743 
0.95661 0.009737 
0.95694 0.009730 
0.95728 0.009724 
0.95761 0.009717 
0.95794 0.009711 
0.95828 0.009704 
0.95861 0.009698 
0.95895 0.009691 
0.95928 0.009685 
0.95961 0.009678 
0.95995 0.009672 
0.96028 0.009665 
0.96061 0.009659 
0.96095 0.009652 
0.96128 0.009646 
0.96162 0.009640 
0.96195 0.009634 
0.96228 0.009627 
0.96262 0.009621 
0.96295 0.009614 
0.96328 0.009608 
0.96362 0.009601 
0.96395 0.009595 
0.96429 0.009589 
0.96462 0.009582 
0.96495 0.009576 
0.96529 0.009569 
0.96562 0.009563 
0.96595 0.009557 
0.96629 0.009550 
0.96662 0.009544 
0.96696 0.009538 
0.96729 0.009531 
0.96762 0.009525 
0.96796 0.009519 
0.96829 0.009512 
0.96862 0.009506 
0.96896 0.009500 
0.96929 0.009493 
0.96963 0.009487 
0.96996 0.009481 
0.97029 0.009475 
0.97063 0.009469 
0.97096 0.009462 
0.97130 0.009456 
0.97163 0.009450 
0.97196 0.009444 
0.97230 0.009437 
0.97263 0.009431 
0.97296 0.009425 
0.97330 0.009419 
0.97363 0.009413 
0.97397 0.009407 
0.97430 0.009400 
0.97463 0.009394 
0.97497 0.009388 
0.97530 0.009382 
0.97563 0.009376 
0.97597 0.009370 
0.97630 0.009364 
0.97664 0.009358 
0.97697 0.009352 
0.97730 0.009346 
0.97764 0.009339 
0.97797 0.009333 
0.97830 0.009327 
0.97864 0.009321 
0.97897 0.009315 
0.97931 0.009309 
0.97964 0.009303 
0.97997 0.009297 
0.98031 0.009291 
0.98064 0.009285 
0.98097 0.009279 
0.98131 0.009273 
0.98164 0.009267 
0.98198 0.009261 
0.98231 0.009254 
0.98264 0.009248 
0.98298 0.009242 
0.98331 0.009236 
0.98364 0.009230 
0.98398 0.009224 
0.98431 0.009218 
0.98465 0.009212 
0.98498 0.009206 
0.98531 0.009200 
0.98565 0.009194 
0.98598 0.009188 
0.98632 0.009182 
0.98665 0.009176 
0.98698 0.009170 
0.98732 0.009164 
0.98765 0.009158 
0.98798 0.009152 
0.98832 0.009146 
0.98865 0.009140 
0.98899 0.009134 
0.98932 0.009128 
0.98965 0.009122 
0.98999 0.009116 
0.99032 0.009110 
0.99065 0.009104 
0.99099 0.009099 
0.99132 0.009093 
0.99166 0.009087 
0.99199 0.009081 
0.99232 0.009075 
0.99266 0.009069 
0.99299 0.009063 
0.99332 0.009057 
0.99366 0.009051 
0.99399 0.009046 
0.99433 0.009040 
0.99466 0.009034 
0.99499 0.009028 
0.99533 0.009022 
0.99566 0.009016 
0.99599 0.009011 
0.99633 0.009005 
0.99666 0.008999 
0.99700 0.008993 
0.99733 0.008987 
0.99766 0.008982 
0.99800 0.008976 
0.99833 0.008970 
0.99866 0.008964 
0.99900 0.008959 
0.99933 0.008953 
0.99967 0.008947 
1.00000 0.008941 
