1 1
0.00070 1.000000 
0.00104 1.000000 
0.00139 1.000000 
0.00174 1.000000 
0.00209 1.000000 
0.00243 1.000000 
0.00278 1.000000 
0.00313 1.000000 
0.00348 1.000000 
0.00383 1.000000 
0.00417 1.000000 
0.00452 1.000000 
0.00487 1.000000 
0.00522 1.000000 
0.00557 1.000000 
0.00591 1.000000 
0.00626 1.000000 
0.00661 1.000000 
0.00696 1.000000 
0.00730 1.000000 
0.00765 1.000000 
0.00800 1.000000 
0.00835 1.000000 
0.00870 1.000000 
0.00904 1.000000 
0.00939 1.000000 
0.00974 1.000000 
0.01009 1.000000 
0.01043 1.000000 
0.01078 1.000000 
0.01113 1.000000 
0.01148 1.000000 
0.01183 1.000000 
0.01217 1.000000 
0.01252 1.000000 
0.01287 1.000000 
0.01322 1.000000 
0.01357 1.000000 
0.01391 1.000000 
0.01426 1.000000 
0.01461 1.000000 
0.01496 0.998893 
0.01530 0.998943 
0.01565 0.998990 
0.01600 0.999034 
0.01635 0.997225 
0.01670 0.992908 
0.01704 0.992347 
0.01739 0.991020 
0.01774 0.991373 
0.01809 0.990196 
0.01843 0.990566 
0.01878 0.990217 
0.01913 0.985859 
0.01948 0.985065 
0.01983 0.983709 
0.02017 0.981246 
0.02052 0.978960 
0.02087 0.976271 
0.02122 0.974863 
0.02157 0.971444 
0.02191 0.966718 
0.02226 0.963790 
0.02261 0.963462 
0.02296 0.963170 
0.02330 0.956128 
0.02365 0.954785 
0.02400 0.950980 
0.02435 0.944513 
0.02470 0.941247 
0.02504 0.936228 
0.02539 0.933029 
0.02574 0.927805 
0.02609 0.925766 
0.02643 0.921053 
0.02678 0.916268 
0.02713 0.912088 
0.02748 0.906524 
0.02783 0.902215 
0.02817 0.898148 
0.02852 0.894309 
0.02887 0.889803 
0.02922 0.887263 
0.02957 0.884034 
0.02991 0.880711 
0.03026 0.877306 
0.03061 0.874347 
0.03096 0.870787 
0.03130 0.866667 
0.03165 0.864225 
0.03200 0.860726 
0.03235 0.854839 
0.03270 0.848318 
0.03304 0.844569 
0.03339 0.843202 
0.03374 0.838703 
0.03409 0.835472 
0.03443 0.828489 
0.03478 0.821818 
0.03513 0.816832 
0.03548 0.814793 
0.03583 0.812488 
0.03617 0.808439 
0.03652 0.804945 
0.03687 0.801977 
0.03722 0.799859 
0.03757 0.793700 
0.03791 0.787802 
0.03826 0.784654 
0.03861 0.778215 
0.03896 0.772201 
0.03930 0.767857 
0.03965 0.760441 
0.04000 0.756979 
0.04035 0.752324 
0.04070 0.745505 
0.04104 0.742431 
0.04139 0.737644 
0.04174 0.732073 
0.04209 0.728788 
0.04243 0.721718 
0.04278 0.719046 
0.04313 0.716234 
0.04348 0.713161 
0.04383 0.708317 
0.04417 0.704787 
0.04452 0.699188 
0.04487 0.695736 
0.04522 0.693143 
0.04557 0.690429 
0.04591 0.688411 
0.04626 0.683983 
0.04661 0.679609 
0.04696 0.676506 
0.04730 0.671895 
0.04765 0.669386 
0.04800 0.663176 
0.04835 0.657491 
0.04870 0.653751 
0.04904 0.650659 
0.04939 0.645290 
0.04974 0.642569 
0.05009 0.639083 
0.05043 0.634866 
0.05078 0.630987 
0.05113 0.628739 
0.05148 0.624931 
0.05183 0.622075 
0.05217 0.617271 
0.05252 0.612450 
0.05287 0.607877 
0.05322 0.603199 
0.05357 0.600458 
0.05391 0.597235 
0.05426 0.594127 
0.05461 0.589499 
0.05496 0.587035 
0.05530 0.583313 
0.05565 0.579874 
0.05600 0.576553 
0.05635 0.572809 
0.05670 0.568431 
0.05704 0.564941 
0.05739 0.562232 
0.05774 0.559766 
0.05809 0.556526 
0.05843 0.553964 
0.05878 0.551564 
0.05913 0.549252 
0.05948 0.545717 
0.05983 0.542568 
0.06017 0.539253 
0.06052 0.536509 
0.06087 0.533399 
0.06122 0.531169 
0.06157 0.527671 
0.06191 0.524725 
0.06226 0.522692 
0.06261 0.518994 
0.06296 0.516575 
0.06330 0.514723 
0.06365 0.511019 
0.06400 0.508494 
0.06435 0.506404 
0.06470 0.503051 
0.06504 0.501121 
0.06539 0.498350 
0.06574 0.496004 
0.06609 0.493233 
0.06643 0.490769 
0.06678 0.488765 
0.06713 0.486291 
0.06748 0.482506 
0.06783 0.478721 
0.06817 0.475772 
0.06852 0.473376 
0.06887 0.470492 
0.06922 0.467997 
0.06957 0.466281 
0.06991 0.464179 
0.07026 0.461307 
0.07061 0.459152 
0.07096 0.457549 
0.07130 0.455285 
0.07165 0.452901 
0.07200 0.450448 
0.07235 0.447835 
0.07270 0.445252 
0.07304 0.442424 
0.07339 0.439494 
0.07374 0.437047 
0.07409 0.434848 
0.07443 0.431925 
0.07478 0.430428 
0.07513 0.428036 
0.07548 0.426481 
0.07583 0.423921 
0.07617 0.421641 
0.07652 0.419593 
0.07687 0.417153 
0.07722 0.414618 
0.07757 0.412152 
0.07791 0.409793 
0.07826 0.407698 
0.07861 0.405506 
0.07896 0.402986 
0.07930 0.401074 
0.07965 0.398414 
0.08000 0.396241 
0.08035 0.394165 
0.08070 0.391775 
0.08104 0.389448 
0.08139 0.387403 
0.08174 0.385706 
0.08209 0.383952 
0.08243 0.381749 
0.08278 0.379924 
0.08313 0.377624 
0.08348 0.375732 
0.08383 0.373513 
0.08417 0.371764 
0.08452 0.369860 
0.08487 0.368279 
0.08522 0.366343 
0.08557 0.364991 
0.08591 0.363286 
0.08626 0.361042 
0.08661 0.359373 
0.08696 0.357655 
0.08730 0.355952 
0.08765 0.354297 
0.08800 0.352343 
0.08835 0.350378 
0.08870 0.348680 
0.08904 0.346906 
0.08939 0.344784 
0.08974 0.343106 
0.09009 0.341025 
0.09043 0.339026 
0.09078 0.337224 
0.09113 0.335673 
0.09148 0.334281 
0.09183 0.332728 
0.09217 0.331018 
0.09252 0.329408 
0.09287 0.328039 
0.09322 0.326290 
0.09357 0.324779 
0.09391 0.323448 
0.09426 0.322236 
0.09461 0.321277 
0.09496 0.319759 
0.09530 0.318467 
0.09565 0.317107 
0.09600 0.315310 
0.09635 0.313818 
0.09670 0.312365 
0.09704 0.310771 
0.09739 0.309524 
0.09774 0.307626 
0.09809 0.306327 
0.09843 0.305215 
0.09878 0.303912 
0.09913 0.302224 
0.09948 0.300699 
0.09983 0.299213 
0.10017 0.297716 
0.10052 0.296112 
0.10087 0.294452 
0.10122 0.293115 
0.10157 0.291861 
0.10191 0.290430 
0.10226 0.289011 
0.10261 0.287674 
0.10296 0.286303 
0.10330 0.284739 
0.10365 0.283416 
0.10400 0.281924 
0.10435 0.280803 
0.10470 0.279358 
0.10504 0.278036 
0.10539 0.276856 
0.10574 0.275578 
0.10609 0.274353 
0.10643 0.272924 
0.10678 0.271827 
0.10713 0.270633 
0.10748 0.269428 
0.10783 0.267940 
0.10817 0.266694 
0.10852 0.265459 
0.10887 0.264213 
0.10922 0.263039 
0.10957 0.261794 
0.10991 0.260518 
0.11026 0.259394 
0.11061 0.258318 
0.11096 0.257112 
0.11130 0.255976 
0.11165 0.254809 
0.11200 0.253807 
0.11235 0.252793 
0.11270 0.251653 
0.11304 0.250883 
0.11339 0.249854 
0.11374 0.248982 
0.11409 0.247912 
0.11443 0.246757 
0.11478 0.245832 
0.11513 0.244878 
0.11548 0.244040 
0.11583 0.243026 
0.11617 0.241841 
0.11652 0.240772 
0.11687 0.239712 
0.11722 0.238660 
0.11757 0.237529 
0.11791 0.236442 
0.11826 0.235537 
0.11861 0.234708 
0.11896 0.233592 
0.11930 0.232503 
0.11965 0.231609 
0.12000 0.230519 
0.12035 0.229605 
0.12070 0.228665 
0.12104 0.227798 
0.12139 0.226921 
0.12174 0.225903 
0.12209 0.225071 
0.12243 0.224327 
0.12278 0.223394 
0.12313 0.222420 
0.12348 0.221517 
0.12383 0.220699 
0.12417 0.219762 
0.12452 0.218785 
0.12487 0.217877 
0.12522 0.216914 
0.12557 0.215974 
0.12591 0.215041 
0.12626 0.214206 
0.12661 0.213468 
0.12696 0.212509 
0.12730 0.211692 
0.12765 0.210792 
0.12800 0.210091 
0.12835 0.209305 
0.12870 0.208599 
0.12904 0.207722 
0.12939 0.206939 
0.12974 0.206146 
0.13009 0.205459 
0.13043 0.204649 
0.13078 0.203901 
0.13113 0.203115 
0.13148 0.202490 
0.13183 0.201547 
0.13217 0.200819 
0.13252 0.200166 
0.13287 0.199434 
0.13322 0.198625 
0.13357 0.197849 
0.13391 0.197200 
0.13426 0.196447 
0.13461 0.195726 
0.13496 0.194944 
0.13530 0.194167 
0.13565 0.193488 
0.13600 0.192800 
0.13635 0.192142 
0.13670 0.191385 
0.13704 0.190556 
0.13739 0.189899 
0.13774 0.189157 
0.13809 0.188535 
0.13843 0.187689 
0.13878 0.186975 
0.13913 0.186328 
0.13948 0.185748 
0.13983 0.184973 
0.14017 0.184376 
0.14052 0.183586 
0.14087 0.182948 
0.14122 0.182327 
0.14157 0.181685 
0.14191 0.181071 
0.14226 0.180366 
0.14261 0.179569 
0.14296 0.178862 
0.14330 0.178100 
0.14365 0.177402 
0.14400 0.176662 
0.14435 0.175997 
0.14470 0.175255 
0.14504 0.174633 
0.14539 0.173970 
0.14574 0.173391 
0.14609 0.172679 
0.14643 0.172085 
0.14678 0.171404 
0.14713 0.170851 
0.14748 0.170291 
0.14783 0.169678 
0.14817 0.168959 
0.14852 0.168365 
0.14887 0.167721 
0.14922 0.167222 
0.14957 0.166575 
0.14991 0.165953 
0.15026 0.165421 
0.15061 0.164924 
0.15096 0.164292 
0.15130 0.163653 
0.15165 0.163155 
0.15200 0.162471 
0.15235 0.161938 
0.15270 0.161346 
0.15304 0.160696 
0.15339 0.160183 
0.15374 0.159613 
0.15409 0.159025 
0.15443 0.158430 
0.15478 0.157961 
0.15513 0.157404 
0.15548 0.156850 
0.15583 0.156350 
0.15617 0.155813 
0.15652 0.155249 
0.15687 0.154708 
0.15722 0.154141 
0.15757 0.153568 
0.15791 0.153038 
0.15826 0.152529 
0.15861 0.152005 
0.15896 0.151465 
0.15930 0.150956 
0.15965 0.150431 
0.16000 0.149976 
0.16035 0.149495 
0.16070 0.148980 
0.16104 0.148430 
0.16139 0.147874 
0.16174 0.147442 
0.16209 0.146920 
0.16243 0.146419 
0.16278 0.145967 
0.16313 0.145427 
0.16348 0.144944 
0.16383 0.144464 
0.16417 0.143960 
0.16452 0.143477 
0.16487 0.143014 
0.16522 0.142518 
0.16557 0.142070 
0.16591 0.141580 
0.16626 0.141119 
0.16661 0.140643 
0.16696 0.140214 
0.16730 0.139761 
0.16765 0.139310 
0.16800 0.138819 
0.16835 0.138383 
0.16870 0.137974 
0.16904 0.137542 
0.16939 0.137104 
0.16974 0.136643 
0.17009 0.136151 
0.17043 0.135737 
0.17078 0.135309 
0.17113 0.134825 
0.17148 0.134410 
0.17183 0.133965 
0.17217 0.133530 
0.17252 0.133081 
0.17287 0.132626 
0.17322 0.132166 
0.17357 0.131774 
0.17391 0.131351 
0.17426 0.130922 
0.17461 0.130552 
0.17496 0.130128 
0.17530 0.129737 
0.17565 0.129326 
0.17600 0.128948 
0.17635 0.128486 
0.17670 0.128034 
0.17704 0.127601 
0.17739 0.127247 
0.17774 0.126887 
0.17809 0.126514 
0.17843 0.126142 
0.17878 0.125765 
0.17913 0.125345 
0.17948 0.124942 
0.17983 0.124503 
0.18017 0.124082 
0.18052 0.123679 
0.18087 0.123351 
0.18122 0.122974 
0.18157 0.122591 
0.18191 0.122254 
0.18226 0.121816 
0.18261 0.121439 
0.18296 0.121065 
0.18330 0.120677 
0.18365 0.120299 
0.18400 0.119887 
0.18435 0.119528 
0.18470 0.119205 
0.18504 0.118849 
0.18539 0.118488 
0.18574 0.118115 
0.18609 0.117764 
0.18643 0.117380 
0.18678 0.117075 
0.18713 0.116709 
0.18748 0.116373 
0.18783 0.116031 
0.18817 0.115657 
0.18852 0.115291 
0.18887 0.114962 
0.18922 0.114580 
0.18957 0.114247 
0.18991 0.113903 
0.19026 0.113560 
0.19061 0.113232 
0.19096 0.112893 
0.19130 0.112548 
0.19165 0.112199 
0.19200 0.111839 
0.19235 0.111506 
0.19270 0.111176 
0.19304 0.110886 
0.19339 0.110526 
0.19374 0.110206 
0.19409 0.109869 
0.19443 0.109572 
0.19478 0.109245 
0.19513 0.108925 
0.19548 0.108601 
0.19583 0.108279 
0.19617 0.107958 
0.19652 0.107663 
0.19687 0.107352 
0.19722 0.107067 
0.19757 0.106739 
0.19791 0.106426 
0.19826 0.106089 
0.19861 0.105792 
0.19896 0.105471 
0.19930 0.105182 
0.19965 0.104901 
0.20000 0.104590 
0.20035 0.104293 
0.20070 0.104022 
0.20104 0.103740 
0.20139 0.103454 
0.20174 0.103145 
0.20209 0.102837 
0.20243 0.102543 
0.20278 0.102256 
0.20313 0.101941 
0.20348 0.101633 
0.20383 0.101327 
0.20417 0.101058 
0.20452 0.100795 
0.20487 0.100493 
0.20522 0.100227 
0.20557 0.099974 
0.20591 0.099676 
0.20626 0.099443 
0.20661 0.099170 
0.20696 0.098905 
0.20730 0.098646 
0.20765 0.098400 
0.20800 0.098122 
0.20835 0.097855 
0.20870 0.097596 
0.20904 0.097332 
0.20939 0.097053 
0.20974 0.096792 
0.21009 0.096532 
0.21043 0.096256 
0.21078 0.095999 
0.21113 0.095720 
0.21148 0.095460 
0.21183 0.095179 
0.21217 0.094931 
0.21252 0.094690 
0.21287 0.094440 
0.21322 0.094179 
0.21357 0.093952 
0.21391 0.093695 
0.21426 0.093443 
0.21461 0.093209 
0.21496 0.092970 
0.21530 0.092722 
0.21565 0.092501 
0.21600 0.092265 
0.21635 0.092005 
0.21670 0.091771 
0.21704 0.091544 
0.21739 0.091323 
0.21774 0.091088 
0.21809 0.090853 
0.21843 0.090630 
0.21878 0.090402 
0.21913 0.090161 
0.21948 0.089930 
0.21983 0.089686 
0.22017 0.089452 
0.22052 0.089215 
0.22087 0.088994 
0.22122 0.088773 
0.22157 0.088539 
0.22191 0.088335 
0.22226 0.088093 
0.22261 0.087852 
0.22296 0.087607 
0.22330 0.087383 
0.22365 0.087140 
0.22400 0.086913 
0.22435 0.086697 
0.22470 0.086457 
0.22504 0.086233 
0.22539 0.086010 
0.22574 0.085792 
0.22609 0.085580 
0.22643 0.085350 
0.22678 0.085112 
0.22713 0.084894 
0.22748 0.084676 
0.22783 0.084478 
0.22817 0.084230 
0.22852 0.084002 
0.22887 0.083769 
0.22922 0.083566 
0.22957 0.083349 
0.22991 0.083148 
0.23026 0.082947 
0.23061 0.082738 
0.23096 0.082516 
0.23130 0.082335 
0.23165 0.082129 
0.23200 0.081946 
0.23235 0.081754 
0.23270 0.081559 
0.23304 0.081364 
0.23339 0.081162 
0.23374 0.080991 
0.23409 0.080782 
0.23443 0.080568 
0.23478 0.080352 
0.23513 0.080171 
0.23548 0.080000 
0.23583 0.079777 
0.23617 0.079590 
0.23652 0.079377 
0.23687 0.079187 
0.23722 0.079007 
0.23757 0.078823 
0.23791 0.078639 
0.23826 0.078439 
0.23861 0.078249 
0.23896 0.078064 
0.23930 0.077871 
0.23965 0.077670 
0.24000 0.077457 
0.24035 0.077267 
0.24070 0.077081 
0.24104 0.076892 
0.24139 0.076733 
0.24174 0.076566 
0.24209 0.076395 
0.24243 0.076209 
0.24278 0.076028 
0.24313 0.075872 
0.24348 0.075700 
0.24383 0.075504 
0.24417 0.075342 
0.24452 0.075152 
0.24487 0.074971 
0.24522 0.074799 
0.24557 0.074611 
0.24591 0.074424 
0.24626 0.074265 
0.24661 0.074080 
0.24696 0.073895 
0.24730 0.073719 
0.24765 0.073555 
0.24800 0.073376 
0.24835 0.073202 
0.24870 0.073041 
0.24904 0.072880 
0.24939 0.072708 
0.24974 0.072548 
0.25009 0.072373 
0.25043 0.072187 
0.25078 0.072010 
0.25113 0.071842 
0.25148 0.071693 
0.25183 0.071525 
0.25217 0.071366 
0.25252 0.071196 
0.25287 0.071038 
0.25322 0.070873 
0.25357 0.070716 
0.25391 0.070556 
0.25426 0.070390 
0.25461 0.070220 
0.25496 0.070047 
0.25530 0.069893 
0.25565 0.069729 
0.25600 0.069573 
0.25635 0.069406 
0.25670 0.069240 
0.25704 0.069082 
0.25739 0.068928 
0.25774 0.068782 
0.25809 0.068619 
0.25843 0.068452 
0.25878 0.068304 
0.25913 0.068157 
0.25948 0.068010 
0.25983 0.067853 
0.26017 0.067697 
0.26052 0.067559 
0.26087 0.067404 
0.26122 0.067263 
0.26157 0.067106 
0.26191 0.066973 
0.26226 0.066824 
0.26261 0.066664 
0.26296 0.066505 
0.26330 0.066361 
0.26365 0.066207 
0.26400 0.066057 
0.26435 0.065921 
0.26470 0.065786 
0.26504 0.065627 
0.26539 0.065486 
0.26574 0.065349 
0.26609 0.065209 
0.26643 0.065073 
0.26678 0.064924 
0.26713 0.064778 
0.26748 0.064637 
0.26783 0.064489 
0.26817 0.064359 
0.26852 0.064219 
0.26887 0.064070 
0.26922 0.063931 
0.26957 0.063789 
0.26991 0.063651 
0.27026 0.063521 
0.27061 0.063374 
0.27096 0.063251 
0.27130 0.063109 
0.27165 0.062960 
0.27200 0.062822 
0.27235 0.062675 
0.27270 0.062531 
0.27304 0.062398 
0.27339 0.062258 
0.27374 0.062123 
0.27409 0.061994 
0.27443 0.061863 
0.27478 0.061722 
0.27513 0.061592 
0.27548 0.061446 
0.27583 0.061319 
0.27617 0.061194 
0.27652 0.061052 
0.27687 0.060937 
0.27722 0.060812 
0.27757 0.060682 
0.27791 0.060539 
0.27826 0.060422 
0.27861 0.060290 
0.27896 0.060159 
0.27930 0.060030 
0.27965 0.059900 
0.28000 0.059760 
0.28035 0.059637 
0.28070 0.059516 
0.28104 0.059397 
0.28139 0.059277 
0.28174 0.059152 
0.28209 0.059031 
0.28243 0.058913 
0.28278 0.058789 
0.28313 0.058681 
0.28348 0.058558 
0.28383 0.058439 
0.28417 0.058323 
0.28452 0.058204 
0.28487 0.058080 
0.28522 0.057968 
0.28557 0.057847 
0.28591 0.057724 
0.28626 0.057602 
0.28661 0.057500 
0.28696 0.057387 
0.28730 0.057272 
0.28765 0.057157 
0.28800 0.057039 
0.28835 0.056919 
0.28870 0.056797 
0.28904 0.056680 
0.28939 0.056573 
0.28974 0.056469 
0.29009 0.056342 
0.29043 0.056230 
0.29078 0.056107 
0.29113 0.055990 
0.29148 0.055885 
0.29183 0.055769 
0.29217 0.055653 
0.29252 0.055532 
0.29287 0.055417 
0.29322 0.055305 
0.29357 0.055208 
0.29391 0.055094 
0.29426 0.054972 
0.29461 0.054862 
0.29496 0.054760 
0.29530 0.054651 
0.29565 0.054547 
0.29600 0.054438 
0.29635 0.054327 
0.29670 0.054208 
0.29704 0.054098 
0.29739 0.053990 
0.29774 0.053883 
0.29809 0.053782 
0.29843 0.053676 
0.29878 0.053564 
0.29913 0.053467 
0.29948 0.053361 
0.29983 0.053267 
0.30017 0.053171 
0.30052 0.053066 
0.30087 0.052962 
0.30122 0.052861 
0.30157 0.052758 
0.30191 0.052655 
0.30226 0.052545 
0.30261 0.052440 
0.30296 0.052333 
0.30330 0.052226 
0.30365 0.052119 
0.30400 0.052016 
0.30435 0.051920 
0.30470 0.051830 
0.30504 0.051728 
0.30539 0.051636 
0.30574 0.051534 
0.30609 0.051427 
0.30643 0.051331 
0.30678 0.051228 
0.30713 0.051135 
0.30748 0.051029 
0.30783 0.050924 
0.30817 0.050817 
0.30852 0.050718 
0.30887 0.050626 
0.30922 0.050527 
0.30957 0.050432 
0.30991 0.050331 
0.31026 0.050241 
0.31061 0.050138 
0.31096 0.050046 
0.31130 0.049949 
0.31165 0.049853 
0.31200 0.049769 
0.31235 0.049681 
0.31270 0.049585 
0.31304 0.049490 
0.31339 0.049399 
0.31374 0.049300 
0.31409 0.049205 
0.31443 0.049114 
0.31478 0.049012 
0.31513 0.048929 
0.31548 0.048838 
0.31583 0.048752 
0.31617 0.048667 
0.31652 0.048572 
0.31687 0.048484 
0.31722 0.048390 
0.31757 0.048301 
0.31791 0.048207 
0.31826 0.048126 
0.31861 0.048033 
0.31896 0.047937 
0.31930 0.047845 
0.31965 0.047769 
0.32000 0.047689 
0.32035 0.047595 
0.32070 0.047513 
0.32104 0.047431 
0.32139 0.047345 
0.32174 0.047252 
0.32209 0.047159 
0.32243 0.047076 
0.32278 0.047002 
0.32313 0.046924 
0.32348 0.046847 
0.32383 0.046753 
0.32417 0.046669 
0.32452 0.046573 
0.32487 0.046485 
0.32522 0.046395 
0.32557 0.046302 
0.32591 0.046215 
0.32626 0.046126 
0.32661 0.046039 
0.32696 0.045950 
0.32730 0.045866 
0.32765 0.045775 
0.32800 0.045685 
0.32835 0.045599 
0.32870 0.045518 
0.32904 0.045431 
0.32939 0.045344 
0.32974 0.045260 
0.33009 0.045177 
0.33043 0.045091 
0.33078 0.045012 
0.33113 0.044937 
0.33148 0.044861 
0.33183 0.044791 
0.33217 0.044703 
0.33252 0.044627 
0.33287 0.044550 
0.33322 0.044470 
0.33357 0.044394 
0.33391 0.044313 
0.33426 0.044236 
0.33461 0.044161 
0.33496 0.044084 
0.33530 0.044004 
0.33565 0.043921 
0.33600 0.043845 
0.33635 0.043772 
0.33670 0.043692 
0.33704 0.043614 
0.33739 0.043537 
0.33774 0.043462 
0.33809 0.043394 
0.33843 0.043313 
0.33878 0.043233 
0.33913 0.043165 
0.33948 0.043092 
0.33983 0.043029 
0.34017 0.042947 
0.34052 0.042878 
0.34087 0.042799 
0.34122 0.042724 
0.34157 0.042649 
0.34191 0.042579 
0.34226 0.042507 
0.34261 0.042439 
0.34296 0.042366 
0.34330 0.042288 
0.34365 0.042223 
0.34400 0.042148 
0.34435 0.042077 
0.34470 0.042006 
0.34504 0.041938 
0.34539 0.041864 
0.34574 0.041785 
0.34609 0.041712 
0.34643 0.041642 
0.34678 0.041568 
0.34713 0.041495 
0.34748 0.041422 
0.34783 0.041353 
0.34817 0.041279 
0.34852 0.041210 
0.34887 0.041144 
0.34922 0.041072 
0.34957 0.041000 
0.34991 0.040927 
0.35026 0.040863 
0.35061 0.040798 
0.35096 0.040729 
0.35130 0.040658 
0.35165 0.040595 
0.35200 0.040527 
0.35235 0.040462 
0.35270 0.040392 
0.35304 0.040326 
0.35339 0.040254 
0.35374 0.040187 
0.35409 0.040123 
0.35443 0.040052 
0.35478 0.039987 
0.35513 0.039920 
0.35548 0.039850 
0.35583 0.039782 
0.35617 0.039714 
0.35652 0.039647 
0.35687 0.039578 
0.35722 0.039516 
0.35757 0.039450 
0.35791 0.039387 
0.35826 0.039320 
0.35861 0.039257 
0.35896 0.039196 
0.35930 0.039131 
0.35965 0.039072 
0.36000 0.039006 
0.36035 0.038944 
0.36070 0.038880 
0.36104 0.038816 
0.36139 0.038758 
0.36174 0.038700 
0.36209 0.038637 
0.36243 0.038570 
0.36278 0.038509 
0.36313 0.038448 
0.36348 0.038384 
0.36383 0.038318 
0.36417 0.038254 
0.36452 0.038192 
0.36487 0.038130 
0.36522 0.038072 
0.36557 0.038005 
0.36591 0.037941 
0.36626 0.037880 
0.36661 0.037816 
0.36696 0.037753 
0.36730 0.037688 
0.36765 0.037624 
0.36800 0.037562 
0.36835 0.037498 
0.36870 0.037437 
0.36904 0.037371 
0.36939 0.037306 
0.36974 0.037243 
0.37009 0.037184 
0.37043 0.037125 
0.37078 0.037065 
0.37113 0.037001 
0.37148 0.036946 
0.37183 0.036889 
0.37217 0.036832 
0.37252 0.036772 
0.37287 0.036719 
0.37322 0.036660 
0.37357 0.036604 
0.37391 0.036544 
0.37426 0.036485 
0.37461 0.036427 
0.37496 0.036370 
0.37530 0.036315 
0.37565 0.036260 
0.37600 0.036203 
0.37635 0.036155 
0.37670 0.036093 
0.37704 0.036042 
0.37739 0.035986 
0.37774 0.035929 
0.37809 0.035870 
0.37843 0.035818 
0.37878 0.035765 
0.37913 0.035713 
0.37948 0.035655 
0.37983 0.035601 
0.38017 0.035543 
0.38052 0.035486 
0.38087 0.035433 
0.38122 0.035376 
0.38157 0.035322 
0.38191 0.035264 
0.38226 0.035208 
0.38261 0.035153 
0.38296 0.035099 
0.38330 0.035045 
0.38365 0.034990 
0.38400 0.034936 
0.38435 0.034883 
0.38470 0.034828 
0.38504 0.034778 
0.38539 0.034722 
0.38574 0.034672 
0.38609 0.034624 
0.38643 0.034572 
0.38678 0.034514 
0.38713 0.034464 
0.38748 0.034410 
0.38783 0.034354 
0.38817 0.034303 
0.38852 0.034249 
0.38887 0.034193 
0.38922 0.034143 
0.38957 0.034088 
0.38991 0.034032 
0.39026 0.033978 
0.39061 0.033925 
0.39096 0.033871 
0.39130 0.033820 
0.39165 0.033764 
0.39200 0.033710 
0.39235 0.033660 
0.39270 0.033613 
0.39304 0.033562 
0.39339 0.033516 
0.39374 0.033464 
0.39409 0.033413 
0.39443 0.033359 
0.39478 0.033306 
0.39513 0.033254 
0.39548 0.033205 
0.39583 0.033155 
0.39617 0.033105 
0.39652 0.033055 
0.39687 0.033004 
0.39722 0.032950 
0.39757 0.032903 
0.39791 0.032856 
0.39826 0.032808 
0.39861 0.032759 
0.39896 0.032715 
0.39930 0.032664 
0.39965 0.032611 
0.40000 0.032564 
0.40035 0.032516 
0.40070 0.032467 
0.40104 0.032415 
0.40139 0.032368 
0.40174 0.032323 
0.40209 0.032276 
0.40243 0.032224 
0.40278 0.032179 
0.40313 0.032133 
0.40348 0.032085 
0.40383 0.032037 
0.40417 0.031991 
0.40452 0.031946 
0.40487 0.031898 
0.40522 0.031847 
0.40557 0.031802 
0.40591 0.031752 
0.40626 0.031707 
0.40661 0.031660 
0.40696 0.031610 
0.40730 0.031566 
0.40765 0.031521 
0.40800 0.031478 
0.40835 0.031434 
0.40870 0.031389 
0.40904 0.031340 
0.40939 0.031294 
0.40974 0.031248 
0.41009 0.031204 
0.41043 0.031161 
0.41078 0.031113 
0.41113 0.031069 
0.41148 0.031022 
0.41183 0.030978 
0.41217 0.030933 
0.41252 0.030892 
0.41287 0.030843 
0.41322 0.030799 
0.41357 0.030756 
0.41391 0.030711 
0.41426 0.030668 
0.41461 0.030630 
0.41496 0.030588 
0.41530 0.030548 
0.41565 0.030504 
0.41600 0.030461 
0.41635 0.030417 
0.41670 0.030375 
0.41704 0.030331 
0.41739 0.030289 
0.41774 0.030243 
0.41809 0.030201 
0.41843 0.030156 
0.41878 0.030113 
0.41913 0.030069 
0.41948 0.030026 
0.41983 0.029983 
0.42017 0.029936 
0.42052 0.029892 
0.42087 0.029848 
0.42122 0.029803 
0.42157 0.029756 
0.42191 0.029714 
0.42226 0.029672 
0.42261 0.029630 
0.42296 0.029589 
0.42330 0.029549 
0.42365 0.029509 
0.42400 0.029468 
0.42435 0.029426 
0.42470 0.029383 
0.42504 0.029341 
0.42539 0.029298 
0.42574 0.029255 
0.42609 0.029212 
0.42643 0.029172 
0.42678 0.029132 
0.42713 0.029089 
0.42748 0.029046 
0.42783 0.029001 
0.42817 0.028961 
0.42852 0.028921 
0.42887 0.028884 
0.42922 0.028842 
0.42957 0.028803 
0.42991 0.028763 
0.43026 0.028721 
0.43061 0.028682 
0.43096 0.028640 
0.43130 0.028601 
0.43165 0.028562 
0.43200 0.028521 
0.43235 0.028479 
0.43270 0.028440 
0.43304 0.028404 
0.43339 0.028365 
0.43374 0.028329 
0.43409 0.028288 
0.43443 0.028250 
0.43478 0.028213 
0.43513 0.028176 
0.43548 0.028137 
0.43583 0.028100 
0.43617 0.028064 
0.43652 0.028026 
0.43687 0.027986 
0.43722 0.027948 
0.43757 0.027912 
0.43791 0.027876 
0.43826 0.027839 
0.43861 0.027801 
0.43896 0.027765 
0.43930 0.027726 
0.43965 0.027685 
0.44000 0.027650 
0.44035 0.027613 
0.44070 0.027576 
0.44104 0.027541 
0.44139 0.027505 
0.44174 0.027470 
0.44209 0.027432 
0.44243 0.027396 
0.44278 0.027359 
0.44313 0.027324 
0.44348 0.027286 
0.44383 0.027252 
0.44417 0.027215 
0.44452 0.027179 
0.44487 0.027144 
0.44522 0.027105 
0.44557 0.027067 
0.44591 0.027033 
0.44626 0.026995 
0.44661 0.026958 
0.44696 0.026919 
0.44730 0.026883 
0.44765 0.026848 
0.44800 0.026814 
0.44835 0.026779 
0.44870 0.026743 
0.44904 0.026710 
0.44939 0.026674 
0.44974 0.026640 
0.45009 0.026606 
0.45043 0.026570 
0.45078 0.026532 
0.45113 0.026500 
0.45148 0.026465 
0.45183 0.026429 
0.45217 0.026395 
0.45252 0.026362 
0.45287 0.026327 
0.45322 0.026292 
0.45357 0.026256 
0.45391 0.026222 
0.45426 0.026185 
0.45461 0.026151 
0.45496 0.026114 
0.45530 0.026083 
0.45565 0.026048 
0.45600 0.026011 
0.45635 0.025977 
0.45670 0.025945 
0.45704 0.025909 
0.45739 0.025876 
0.45774 0.025842 
0.45809 0.025809 
0.45843 0.025776 
0.45878 0.025744 
0.45913 0.025708 
0.45948 0.025672 
0.45983 0.025637 
0.46017 0.025601 
0.46052 0.025569 
0.46087 0.025533 
0.46122 0.025499 
0.46157 0.025466 
0.46191 0.025431 
0.46226 0.025398 
0.46261 0.025364 
0.46296 0.025331 
0.46330 0.025297 
0.46365 0.025263 
0.46400 0.025233 
0.46435 0.025200 
0.46470 0.025169 
0.46504 0.025138 
0.46539 0.025106 
0.46574 0.025074 
0.46609 0.025042 
0.46643 0.025011 
0.46678 0.024981 
0.46713 0.024950 
0.46748 0.024919 
0.46783 0.024887 
0.46817 0.024853 
0.46852 0.024821 
0.46887 0.024792 
0.46922 0.024760 
0.46957 0.024728 
0.46991 0.024697 
0.47026 0.024666 
0.47061 0.024635 
0.47096 0.024604 
0.47130 0.024573 
0.47165 0.024544 
0.47200 0.024514 
0.47235 0.024482 
0.47270 0.024451 
0.47304 0.024419 
0.47339 0.024384 
0.47374 0.024355 
0.47409 0.024325 
0.47443 0.024296 
0.47478 0.024267 
0.47513 0.024238 
0.47548 0.024206 
0.47583 0.024175 
0.47617 0.024143 
0.47652 0.024112 
0.47687 0.024081 
0.47722 0.024052 
0.47757 0.024022 
0.47791 0.023991 
0.47826 0.023960 
0.47861 0.023932 
0.47896 0.023904 
0.47930 0.023874 
0.47965 0.023842 
0.48000 0.023815 
0.48035 0.023787 
0.48070 0.023756 
0.48104 0.023727 
0.48139 0.023699 
0.48174 0.023671 
0.48209 0.023641 
0.48243 0.023611 
0.48278 0.023583 
0.48313 0.023556 
0.48348 0.023528 
0.48383 0.023501 
0.48417 0.023472 
0.48452 0.023443 
0.48487 0.023415 
0.48522 0.023385 
0.48557 0.023357 
0.48591 0.023331 
0.48626 0.023303 
0.48661 0.023274 
0.48696 0.023245 
0.48730 0.023218 
0.48765 0.023191 
0.48800 0.023163 
0.48835 0.023133 
0.48870 0.023104 
0.48904 0.023073 
0.48939 0.023043 
0.48974 0.023012 
0.49009 0.022983 
0.49043 0.022954 
0.49078 0.022927 
0.49113 0.022900 
0.49148 0.022872 
0.49183 0.022844 
0.49217 0.022816 
0.49252 0.022789 
0.49287 0.022762 
0.49322 0.022735 
0.49357 0.022709 
0.49391 0.022683 
0.49426 0.022657 
0.49461 0.022630 
0.49496 0.022603 
0.49530 0.022576 
0.49565 0.022550 
0.49600 0.022522 
0.49635 0.022494 
0.49670 0.022467 
0.49704 0.022441 
0.49739 0.022414 
0.49774 0.022386 
0.49809 0.022358 
0.49843 0.022333 
0.49878 0.022306 
0.49913 0.022279 
0.49948 0.022252 
0.49983 0.022226 
0.50017 0.022200 
0.50052 0.022175 
0.50087 0.022150 
0.50122 0.022125 
0.50157 0.022099 
0.50191 0.022073 
0.50226 0.022048 
0.50261 0.022022 
0.50296 0.021995 
0.50330 0.021968 
0.50365 0.021942 
0.50400 0.021917 
0.50435 0.021892 
0.50470 0.021866 
0.50504 0.021837 
0.50539 0.021812 
0.50574 0.021787 
0.50609 0.021760 
0.50643 0.021734 
0.50678 0.021710 
0.50713 0.021687 
0.50748 0.021662 
0.50783 0.021635 
0.50817 0.021611 
0.50852 0.021586 
0.50887 0.021561 
0.50922 0.021536 
0.50957 0.021509 
0.50991 0.021484 
0.51026 0.021460 
0.51061 0.021435 
0.51096 0.021409 
0.51130 0.021385 
0.51165 0.021361 
0.51200 0.021336 
0.51235 0.021311 
0.51270 0.021285 
0.51304 0.021260 
0.51339 0.021236 
0.51374 0.021211 
0.51409 0.021188 
0.51443 0.021163 
0.51478 0.021138 
0.51513 0.021113 
0.51548 0.021089 
0.51583 0.021063 
0.51617 0.021040 
0.51652 0.021014 
0.51687 0.020990 
0.51722 0.020965 
0.51757 0.020941 
0.51791 0.020919 
0.51826 0.020894 
0.51861 0.020872 
0.51896 0.020846 
0.51930 0.020824 
0.51965 0.020799 
0.52000 0.020777 
0.52035 0.020754 
0.52070 0.020730 
0.52104 0.020705 
0.52139 0.020680 
0.52174 0.020654 
0.52209 0.020632 
0.52243 0.020609 
0.52278 0.020584 
0.52313 0.020561 
0.52348 0.020538 
0.52383 0.020515 
0.52417 0.020492 
0.52452 0.020470 
0.52487 0.020448 
0.52522 0.020425 
0.52557 0.020402 
0.52591 0.020379 
0.52626 0.020355 
0.52661 0.020333 
0.52696 0.020309 
0.52730 0.020288 
0.52765 0.020265 
0.52800 0.020243 
0.52835 0.020222 
0.52870 0.020198 
0.52904 0.020175 
0.52939 0.020152 
0.52974 0.020131 
0.53009 0.020107 
0.53043 0.020084 
0.53078 0.020059 
0.53113 0.020037 
0.53148 0.020015 
0.53183 0.019992 
0.53217 0.019970 
0.53252 0.019947 
0.53287 0.019925 
0.53322 0.019904 
0.53357 0.019882 
0.53391 0.019859 
0.53426 0.019837 
0.53461 0.019815 
0.53496 0.019794 
0.53530 0.019770 
0.53565 0.019749 
0.53600 0.019727 
0.53635 0.019706 
0.53670 0.019682 
0.53704 0.019660 
0.53739 0.019638 
0.53774 0.019618 
0.53809 0.019596 
0.53843 0.019574 
0.53878 0.019552 
0.53913 0.019531 
0.53948 0.019510 
0.53983 0.019488 
0.54017 0.019464 
0.54052 0.019441 
0.54087 0.019420 
0.54122 0.019398 
0.54157 0.019376 
0.54191 0.019357 
0.54226 0.019335 
0.54261 0.019313 
0.54296 0.019293 
0.54330 0.019273 
0.54365 0.019252 
0.54400 0.019231 
0.54435 0.019209 
0.54470 0.019189 
0.54504 0.019167 
0.54539 0.019146 
0.54574 0.019125 
0.54609 0.019104 
0.54643 0.019084 
0.54678 0.019065 
0.54713 0.019044 
0.54748 0.019023 
0.54783 0.019002 
0.54817 0.018982 
0.54852 0.018960 
0.54887 0.018939 
0.54922 0.018919 
0.54957 0.018899 
0.54991 0.018880 
0.55026 0.018859 
0.55061 0.018840 
0.55096 0.018820 
0.55130 0.018799 
0.55165 0.018778 
0.55200 0.018758 
0.55235 0.018739 
0.55270 0.018717 
0.55304 0.018698 
0.55339 0.018677 
0.55374 0.018658 
0.55409 0.018637 
0.55443 0.018617 
0.55478 0.018597 
0.55513 0.018576 
0.55548 0.018557 
0.55583 0.018536 
0.55617 0.018517 
0.55652 0.018497 
0.55687 0.018477 
0.55722 0.018458 
0.55757 0.018436 
0.55791 0.018417 
0.55826 0.018397 
0.55861 0.018376 
0.55896 0.018355 
0.55930 0.018335 
0.55965 0.018313 
0.56000 0.018295 
0.56035 0.018273 
0.56070 0.018254 
0.56104 0.018236 
0.56139 0.018217 
0.56174 0.018198 
0.56209 0.018177 
0.56243 0.018159 
0.56278 0.018140 
0.56313 0.018121 
0.56348 0.018101 
0.56383 0.018081 
0.56417 0.018062 
0.56452 0.018043 
0.56487 0.018024 
0.56522 0.018004 
0.56557 0.017984 
0.56591 0.017965 
0.56626 0.017946 
0.56661 0.017928 
0.56696 0.017908 
0.56730 0.017890 
0.56765 0.017872 
0.56800 0.017852 
0.56835 0.017834 
0.56870 0.017816 
0.56904 0.017798 
0.56939 0.017780 
0.56974 0.017762 
0.57009 0.017741 
0.57043 0.017723 
0.57078 0.017704 
0.57113 0.017687 
0.57148 0.017668 
0.57183 0.017651 
0.57217 0.017631 
0.57252 0.017611 
0.57287 0.017592 
0.57322 0.017574 
0.57357 0.017556 
0.57391 0.017537 
0.57426 0.017519 
0.57461 0.017501 
0.57496 0.017482 
0.57530 0.017464 
0.57565 0.017444 
0.57600 0.017427 
0.57635 0.017410 
0.57670 0.017389 
0.57704 0.017371 
0.57739 0.017353 
0.57774 0.017335 
0.57809 0.017317 
0.57843 0.017299 
0.57878 0.017280 
0.57913 0.017261 
0.57948 0.017244 
0.57983 0.017226 
0.58017 0.017208 
0.58052 0.017189 
0.58087 0.017171 
0.58122 0.017153 
0.58157 0.017136 
0.58191 0.017119 
0.58226 0.017101 
0.58261 0.017084 
0.58296 0.017066 
0.58330 0.017048 
0.58365 0.017031 
0.58400 0.017013 
0.58435 0.016994 
0.58470 0.016977 
0.58504 0.016960 
0.58539 0.016943 
0.58574 0.016925 
0.58609 0.016906 
0.58643 0.016890 
0.58678 0.016874 
0.58713 0.016857 
0.58748 0.016841 
0.58783 0.016824 
0.58817 0.016806 
0.58852 0.016790 
0.58887 0.016771 
0.58922 0.016754 
0.58957 0.016736 
0.58991 0.016719 
0.59026 0.016703 
0.59061 0.016686 
0.59096 0.016670 
0.59130 0.016655 
0.59165 0.016638 
0.59200 0.016621 
0.59235 0.016604 
0.59270 0.016588 
0.59304 0.016572 
0.59339 0.016554 
0.59374 0.016538 
0.59409 0.016522 
0.59443 0.016506 
0.59478 0.016490 
0.59513 0.016473 
0.59548 0.016456 
0.59583 0.016440 
0.59617 0.016424 
0.59652 0.016408 
0.59687 0.016392 
0.59722 0.016375 
0.59757 0.016359 
0.59791 0.016343 
0.59826 0.016328 
0.59861 0.016310 
0.59896 0.016295 
0.59930 0.016278 
0.59965 0.016261 
0.60000 0.016244 
0.60035 0.016227 
0.60070 0.016211 
0.60104 0.016195 
0.60139 0.016179 
0.60174 0.016162 
0.60209 0.016146 
0.60243 0.016129 
0.60278 0.016113 
0.60313 0.016098 
0.60348 0.016082 
0.60383 0.016067 
0.60417 0.016051 
0.60452 0.016035 
0.60487 0.016020 
0.60522 0.016002 
0.60557 0.015986 
0.60591 0.015969 
0.60626 0.015954 
0.60661 0.015937 
0.60696 0.015922 
0.60730 0.015906 
0.60765 0.015891 
0.60800 0.015875 
0.60835 0.015859 
0.60870 0.015843 
0.60904 0.015828 
0.60939 0.015812 
0.60974 0.015795 
0.61009 0.015781 
0.61043 0.015764 
0.61078 0.015749 
0.61113 0.015734 
0.61148 0.015718 
0.61183 0.015703 
0.61217 0.015688 
0.61252 0.015672 
0.61287 0.015657 
0.61322 0.015642 
0.61357 0.015626 
0.61391 0.015610 
0.61426 0.015595 
0.61461 0.015579 
0.61496 0.015564 
0.61530 0.015549 
0.61565 0.015533 
0.61600 0.015517 
0.61635 0.015503 
0.61670 0.015488 
0.61704 0.015473 
0.61739 0.015458 
0.61774 0.015443 
0.61809 0.015427 
0.61843 0.015411 
0.61878 0.015396 
0.61913 0.015381 
0.61948 0.015366 
0.61983 0.015352 
0.62017 0.015338 
0.62052 0.015322 
0.62087 0.015307 
0.62122 0.015292 
0.62157 0.015277 
0.62191 0.015262 
0.62226 0.015248 
0.62261 0.015233 
0.62296 0.015218 
0.62330 0.015203 
0.62365 0.015187 
0.62400 0.015172 
0.62435 0.015158 
0.62470 0.015143 
0.62504 0.015129 
0.62539 0.015115 
0.62574 0.015101 
0.62609 0.015086 
0.62643 0.015071 
0.62678 0.015056 
0.62713 0.015042 
0.62748 0.015026 
0.62783 0.015012 
0.62817 0.014998 
0.62852 0.014984 
0.62887 0.014968 
0.62922 0.014954 
0.62957 0.014939 
0.62991 0.014925 
0.63026 0.014909 
0.63061 0.014895 
0.63096 0.014881 
0.63130 0.014867 
0.63165 0.014852 
0.63200 0.014839 
0.63235 0.014824 
0.63270 0.014810 
0.63304 0.014796 
0.63339 0.014782 
0.63374 0.014769 
0.63409 0.014755 
0.63443 0.014741 
0.63478 0.014727 
0.63513 0.014712 
0.63548 0.014698 
0.63583 0.014684 
0.63617 0.014669 
0.63652 0.014656 
0.63687 0.014643 
0.63722 0.014629 
0.63757 0.014616 
0.63791 0.014602 
0.63826 0.014589 
0.63861 0.014576 
0.63896 0.014562 
0.63930 0.014548 
0.63965 0.014534 
0.64000 0.014520 
0.64035 0.014507 
0.64070 0.014493 
0.64104 0.014478 
0.64139 0.014465 
0.64174 0.014451 
0.64209 0.014437 
0.64243 0.014424 
0.64278 0.014411 
0.64313 0.014397 
0.64348 0.014384 
0.64383 0.014371 
0.64417 0.014357 
0.64452 0.014344 
0.64487 0.014332 
0.64522 0.014318 
0.64557 0.014305 
0.64591 0.014292 
0.64626 0.014278 
0.64661 0.014265 
0.64696 0.014252 
0.64730 0.014239 
0.64765 0.014227 
0.64800 0.014212 
0.64835 0.014199 
0.64870 0.014186 
0.64904 0.014174 
0.64939 0.014161 
0.64974 0.014148 
0.65009 0.014135 
0.65043 0.014122 
0.65078 0.014109 
0.65113 0.014096 
0.65148 0.014083 
0.65183 0.014070 
0.65217 0.014056 
0.65252 0.014043 
0.65287 0.014031 
0.65322 0.014018 
0.65357 0.014005 
0.65391 0.013993 
0.65426 0.013980 
0.65461 0.013967 
0.65496 0.013954 
0.65530 0.013941 
0.65565 0.013929 
0.65600 0.013917 
0.65635 0.013904 
0.65670 0.013892 
0.65704 0.013879 
0.65739 0.013866 
0.65774 0.013852 
0.65809 0.013840 
0.65843 0.013828 
0.65878 0.013815 
0.65913 0.013801 
0.65948 0.013789 
0.65983 0.013776 
0.66017 0.013764 
0.66052 0.013751 
0.66087 0.013739 
0.66122 0.013727 
0.66157 0.013715 
0.66191 0.013702 
0.66226 0.013689 
0.66261 0.013677 
0.66296 0.013665 
0.66330 0.013653 
0.66365 0.013639 
0.66400 0.013627 
0.66435 0.013614 
0.66470 0.013600 
0.66504 0.013588 
0.66539 0.013576 
0.66574 0.013564 
0.66609 0.013552 
0.66643 0.013540 
0.66678 0.013528 
0.66713 0.013516 
0.66748 0.013504 
0.66783 0.013492 
0.66817 0.013479 
0.66852 0.013467 
0.66887 0.013455 
0.66922 0.013443 
0.66957 0.013430 
0.66991 0.013419 
0.67026 0.013406 
0.67061 0.013395 
0.67096 0.013382 
0.67130 0.013368 
0.67165 0.013356 
0.67200 0.013343 
0.67235 0.013331 
0.67270 0.013318 
0.67304 0.013306 
0.67339 0.013295 
0.67374 0.013283 
0.67409 0.013270 
0.67443 0.013257 
0.67478 0.013246 
0.67513 0.013234 
0.67548 0.013223 
0.67583 0.013212 
0.67617 0.013200 
0.67652 0.013189 
0.67687 0.013177 
0.67722 0.013166 
0.67757 0.013155 
0.67791 0.013143 
0.67826 0.013132 
0.67861 0.013120 
0.67896 0.013108 
0.67930 0.013096 
0.67965 0.013084 
0.68000 0.013073 
0.68035 0.013060 
0.68070 0.013048 
0.68104 0.013036 
0.68139 0.013024 
0.68174 0.013013 
0.68209 0.013001 
0.68243 0.012989 
0.68278 0.012978 
0.68313 0.012965 
0.68348 0.012954 
0.68383 0.012944 
0.68417 0.012933 
0.68452 0.012921 
0.68487 0.012910 
0.68522 0.012899 
0.68557 0.012887 
0.68591 0.012876 
0.68626 0.012865 
0.68661 0.012854 
0.68696 0.012842 
0.68730 0.012831 
0.68765 0.012819 
0.68800 0.012808 
0.68835 0.012797 
0.68870 0.012786 
0.68904 0.012775 
0.68939 0.012764 
0.68974 0.012753 
0.69009 0.012742 
0.69043 0.012731 
0.69078 0.012720 
0.69113 0.012709 
0.69148 0.012700 
0.69183 0.012689 
0.69217 0.012677 
0.69252 0.012667 
0.69287 0.012656 
0.69322 0.012645 
0.69357 0.012634 
0.69391 0.012623 
0.69426 0.012613 
0.69461 0.012602 
0.69496 0.012591 
0.69530 0.012580 
0.69565 0.012569 
0.69600 0.012558 
0.69635 0.012548 
0.69670 0.012537 
0.69704 0.012526 
0.69739 0.012516 
0.69774 0.012504 
0.69809 0.012494 
0.69843 0.012483 
0.69878 0.012471 
0.69913 0.012461 
0.69948 0.012449 
0.69983 0.012438 
0.70017 0.012427 
0.70052 0.012415 
0.70087 0.012404 
0.70122 0.012393 
0.70157 0.012382 
0.70191 0.012371 
0.70226 0.012360 
0.70261 0.012349 
0.70296 0.012339 
0.70330 0.012328 
0.70365 0.012317 
0.70400 0.012307 
0.70435 0.012296 
0.70470 0.012286 
0.70504 0.012276 
0.70539 0.012265 
0.70574 0.012254 
0.70609 0.012244 
0.70643 0.012234 
0.70678 0.012223 
0.70713 0.012213 
0.70748 0.012203 
0.70783 0.012192 
0.70817 0.012181 
0.70852 0.012171 
0.70887 0.012161 
0.70922 0.012150 
0.70957 0.012139 
0.70991 0.012128 
0.71026 0.012117 
0.71061 0.012107 
0.71096 0.012097 
0.71130 0.012086 
0.71165 0.012076 
0.71200 0.012065 
0.71235 0.012055 
0.71270 0.012044 
0.71304 0.012034 
0.71339 0.012024 
0.71374 0.012014 
0.71409 0.012004 
0.71443 0.011994 
0.71478 0.011984 
0.71513 0.011973 
0.71548 0.011963 
0.71583 0.011953 
0.71617 0.011943 
0.71652 0.011932 
0.71687 0.011922 
0.71722 0.011912 
0.71757 0.011902 
0.71791 0.011892 
0.71826 0.011881 
0.71861 0.011871 
0.71896 0.011862 
0.71930 0.011852 
0.71965 0.011841 
0.72000 0.011831 
0.72035 0.011821 
0.72070 0.011811 
0.72104 0.011800 
0.72139 0.011790 
0.72174 0.011781 
0.72209 0.011771 
0.72243 0.011762 
0.72278 0.011752 
0.72313 0.011741 
0.72348 0.011731 
0.72383 0.011721 
0.72417 0.011711 
0.72452 0.011701 
0.72487 0.011691 
0.72522 0.011681 
0.72557 0.011671 
0.72591 0.011661 
0.72626 0.011651 
0.72661 0.011641 
0.72696 0.011633 
0.72730 0.011622 
0.72765 0.011611 
0.72800 0.011601 
0.72835 0.011591 
0.72870 0.011582 
0.72904 0.011572 
0.72939 0.011562 
0.72974 0.011552 
0.73009 0.011542 
0.73043 0.011532 
0.73078 0.011523 
0.73113 0.011514 
0.73148 0.011504 
0.73183 0.011495 
0.73217 0.011485 
0.73252 0.011475 
0.73287 0.011466 
0.73322 0.011456 
0.73357 0.011447 
0.73391 0.011437 
0.73426 0.011428 
0.73461 0.011419 
0.73496 0.011409 
0.73530 0.011400 
0.73565 0.011391 
0.73600 0.011381 
0.73635 0.011372 
0.73670 0.011363 
0.73704 0.011354 
0.73739 0.011345 
0.73774 0.011335 
0.73809 0.011326 
0.73843 0.011316 
0.73878 0.011307 
0.73913 0.011298 
0.73948 0.011289 
0.73983 0.011280 
0.74017 0.011270 
0.74052 0.011261 
0.74087 0.011251 
0.74122 0.011242 
0.74157 0.011232 
0.74191 0.011223 
0.74226 0.011214 
0.74261 0.011205 
0.74296 0.011196 
0.74330 0.011187 
0.74365 0.011178 
0.74400 0.011169 
0.74435 0.011160 
0.74470 0.011152 
0.74504 0.011142 
0.74539 0.011133 
0.74574 0.011124 
0.74609 0.011116 
0.74643 0.011107 
0.74678 0.011098 
0.74713 0.011089 
0.74748 0.011080 
0.74783 0.011071 
0.74817 0.011062 
0.74852 0.011053 
0.74887 0.011045 
0.74922 0.011036 
0.74957 0.011027 
0.74991 0.011018 
0.75026 0.011009 
0.75061 0.011001 
0.75096 0.010992 
0.75130 0.010983 
0.75165 0.010974 
0.75200 0.010964 
0.75235 0.010955 
0.75270 0.010946 
0.75304 0.010937 
0.75339 0.010928 
0.75374 0.010919 
0.75409 0.010911 
0.75443 0.010901 
0.75478 0.010892 
0.75513 0.010883 
0.75548 0.010874 
0.75583 0.010865 
0.75617 0.010856 
0.75652 0.010848 
0.75687 0.010838 
0.75722 0.010830 
0.75757 0.010821 
0.75791 0.010812 
0.75826 0.010803 
0.75861 0.010794 
0.75896 0.010785 
0.75930 0.010777 
0.75965 0.010769 
0.76000 0.010760 
0.76035 0.010751 
0.76070 0.010742 
0.76104 0.010733 
0.76139 0.010724 
0.76174 0.010716 
0.76209 0.010707 
0.76243 0.010699 
0.76278 0.010690 
0.76313 0.010682 
0.76348 0.010672 
0.76383 0.010664 
0.76417 0.010655 
0.76452 0.010646 
0.76487 0.010638 
0.76522 0.010630 
0.76557 0.010621 
0.76591 0.010613 
0.76626 0.010604 
0.76661 0.010595 
0.76696 0.010586 
0.76730 0.010578 
0.76765 0.010569 
0.76800 0.010561 
0.76835 0.010552 
0.76870 0.010543 
0.76904 0.010534 
0.76939 0.010526 
0.76974 0.010518 
0.77009 0.010509 
0.77043 0.010500 
0.77078 0.010492 
0.77113 0.010483 
0.77148 0.010475 
0.77183 0.010467 
0.77217 0.010459 
0.77252 0.010451 
0.77287 0.010443 
0.77322 0.010435 
0.77357 0.010426 
0.77391 0.010418 
0.77426 0.010409 
0.77461 0.010401 
0.77496 0.010393 
0.77530 0.010385 
0.77565 0.010377 
0.77600 0.010369 
0.77635 0.010361 
0.77670 0.010353 
0.77704 0.010345 
0.77739 0.010336 
0.77774 0.010328 
0.77809 0.010320 
0.77843 0.010312 
0.77878 0.010304 
0.77913 0.010297 
0.77948 0.010288 
0.77983 0.010280 
0.78017 0.010272 
0.78052 0.010264 
0.78087 0.010257 
0.78122 0.010249 
0.78157 0.010241 
0.78191 0.010233 
0.78226 0.010225 
0.78261 0.010216 
0.78296 0.010209 
0.78330 0.010201 
0.78365 0.010193 
0.78400 0.010184 
0.78435 0.010176 
0.78470 0.010168 
0.78504 0.010160 
0.78539 0.010152 
0.78574 0.010144 
0.78609 0.010137 
0.78643 0.010129 
0.78678 0.010122 
0.78713 0.010114 
0.78748 0.010106 
0.78783 0.010098 
0.78817 0.010090 
0.78852 0.010082 
0.78887 0.010074 
0.78922 0.010066 
0.78957 0.010058 
0.78991 0.010050 
0.79026 0.010042 
0.79061 0.010035 
0.79096 0.010027 
0.79130 0.010019 
0.79165 0.010011 
0.79200 0.010004 
0.79235 0.009996 
0.79270 0.009988 
0.79304 0.009980 
0.79339 0.009972 
0.79374 0.009964 
0.79409 0.009957 
0.79443 0.009949 
0.79478 0.009941 
0.79513 0.009933 
0.79548 0.009925 
0.79583 0.009917 
0.79617 0.009909 
0.79652 0.009902 
0.79687 0.009893 
0.79722 0.009885 
0.79757 0.009878 
0.79791 0.009870 
0.79826 0.009862 
0.79861 0.009854 
0.79896 0.009846 
0.79930 0.009838 
0.79965 0.009831 
0.80000 0.009823 
0.80035 0.009815 
0.80070 0.009807 
0.80104 0.009799 
0.80139 0.009792 
0.80174 0.009784 
0.80209 0.009777 
0.80243 0.009769 
0.80278 0.009761 
0.80313 0.009753 
0.80348 0.009746 
0.80383 0.009738 
0.80417 0.009731 
0.80452 0.009723 
0.80487 0.009715 
0.80522 0.009708 
0.80557 0.009701 
0.80591 0.009693 
0.80626 0.009685 
0.80661 0.009678 
0.80696 0.009670 
0.80730 0.009662 
0.80765 0.009655 
0.80800 0.009647 
0.80835 0.009639 
0.80870 0.009632 
0.80904 0.009624 
0.80939 0.009617 
0.80974 0.009609 
0.81009 0.009602 
0.81043 0.009594 
0.81078 0.009587 
0.81113 0.009579 
0.81148 0.009572 
0.81183 0.009565 
0.81217 0.009557 
0.81252 0.009550 
0.81287 0.009542 
0.81322 0.009535 
0.81357 0.009528 
0.81391 0.009520 
0.81426 0.009513 
0.81461 0.009506 
0.81496 0.009499 
0.81530 0.009491 
0.81565 0.009484 
0.81600 0.009477 
0.81635 0.009469 
0.81670 0.009462 
0.81704 0.009455 
0.81739 0.009447 
0.81774 0.009440 
0.81809 0.009432 
0.81843 0.009425 
0.81878 0.009417 
0.81913 0.009410 
0.81948 0.009403 
0.81983 0.009395 
0.82017 0.009388 
0.82052 0.009381 
0.82087 0.009374 
0.82122 0.009367 
0.82157 0.009360 
0.82191 0.009353 
0.82226 0.009346 
0.82261 0.009339 
0.82296 0.009332 
0.82330 0.009325 
0.82365 0.009318 
0.82400 0.009311 
0.82435 0.009304 
0.82470 0.009297 
0.82504 0.009290 
0.82539 0.009283 
0.82574 0.009276 
0.82609 0.009268 
0.82643 0.009261 
0.82678 0.009254 
0.82713 0.009248 
0.82748 0.009241 
0.82783 0.009233 
0.82817 0.009226 
0.82852 0.009219 
0.82887 0.009212 
0.82922 0.009205 
0.82957 0.009198 
0.82991 0.009191 
0.83026 0.009184 
0.83061 0.009177 
0.83096 0.009170 
0.83130 0.009163 
0.83165 0.009156 
0.83200 0.009149 
0.83235 0.009142 
0.83270 0.009136 
0.83304 0.009129 
0.83339 0.009122 
0.83374 0.009115 
0.83409 0.009108 
0.83443 0.009101 
0.83478 0.009094 
0.83513 0.009087 
0.83548 0.009080 
0.83583 0.009073 
0.83617 0.009067 
0.83652 0.009059 
0.83687 0.009053 
0.83722 0.009046 
0.83757 0.009040 
0.83791 0.009033 
0.83826 0.009026 
0.83861 0.009019 
0.83896 0.009013 
0.83930 0.009006 
0.83965 0.009000 
0.84000 0.008993 
0.84035 0.008986 
0.84070 0.008980 
0.84104 0.008973 
0.84139 0.008966 
0.84174 0.008959 
0.84209 0.008953 
0.84243 0.008946 
0.84278 0.008939 
0.84313 0.008933 
0.84348 0.008926 
0.84383 0.008919 
0.84417 0.008913 
0.84452 0.008906 
0.84487 0.008900 
0.84522 0.008893 
0.84557 0.008887 
0.84591 0.008880 
0.84626 0.008873 
0.84661 0.008867 
0.84696 0.008860 
0.84730 0.008854 
0.84765 0.008847 
0.84800 0.008841 
0.84835 0.008834 
0.84870 0.008828 
0.84904 0.008821 
0.84939 0.008814 
0.84974 0.008808 
0.85009 0.008801 
0.85043 0.008794 
0.85078 0.008788 
0.85113 0.008781 
0.85148 0.008775 
0.85183 0.008768 
0.85217 0.008762 
0.85252 0.008755 
0.85287 0.008749 
0.85322 0.008742 
0.85357 0.008736 
0.85391 0.008729 
0.85426 0.008722 
0.85461 0.008715 
0.85496 0.008709 
0.85530 0.008703 
0.85565 0.008696 
0.85600 0.008690 
0.85635 0.008683 
0.85670 0.008677 
0.85704 0.008671 
0.85739 0.008664 
0.85774 0.008657 
0.85809 0.008651 
0.85843 0.008644 
0.85878 0.008638 
0.85913 0.008631 
0.85948 0.008625 
0.85983 0.008619 
0.86017 0.008612 
0.86052 0.008606 
0.86087 0.008600 
0.86122 0.008594 
0.86157 0.008587 
0.86191 0.008581 
0.86226 0.008575 
0.86261 0.008568 
0.86296 0.008562 
0.86330 0.008556 
0.86365 0.008549 
0.86400 0.008543 
0.86435 0.008537 
0.86470 0.008531 
0.86504 0.008524 
0.86539 0.008518 
0.86574 0.008512 
0.86609 0.008505 
0.86643 0.008499 
0.86678 0.008493 
0.86713 0.008486 
0.86748 0.008480 
0.86783 0.008474 
0.86817 0.008468 
0.86852 0.008461 
0.86887 0.008455 
0.86922 0.008449 
0.86957 0.008443 
0.86991 0.008437 
0.87026 0.008431 
0.87061 0.008425 
0.87096 0.008419 
0.87130 0.008413 
0.87165 0.008407 
0.87200 0.008400 
0.87235 0.008394 
0.87270 0.008388 
0.87304 0.008382 
0.87339 0.008376 
0.87374 0.008370 
0.87409 0.008364 
0.87443 0.008358 
0.87478 0.008352 
0.87513 0.008346 
0.87548 0.008340 
0.87583 0.008334 
0.87617 0.008328 
0.87652 0.008322 
0.87687 0.008316 
0.87722 0.008310 
0.87757 0.008304 
0.87791 0.008298 
0.87826 0.008292 
0.87861 0.008286 
0.87896 0.008280 
0.87930 0.008275 
0.87965 0.008269 
0.88000 0.008263 
0.88035 0.008257 
0.88070 0.008251 
0.88104 0.008245 
0.88139 0.008239 
0.88174 0.008234 
0.88209 0.008228 
0.88243 0.008222 
0.88278 0.008216 
0.88313 0.008210 
0.88348 0.008204 
0.88383 0.008198 
0.88417 0.008193 
0.88452 0.008186 
0.88487 0.008181 
0.88522 0.008175 
0.88557 0.008169 
0.88591 0.008163 
0.88626 0.008157 
0.88661 0.008152 
0.88696 0.008146 
0.88730 0.008140 
0.88765 0.008134 
0.88800 0.008129 
0.88835 0.008123 
0.88870 0.008117 
0.88904 0.008111 
0.88939 0.008106 
0.88974 0.008100 
0.89009 0.008094 
0.89043 0.008088 
0.89078 0.008083 
0.89113 0.008077 
0.89148 0.008071 
0.89183 0.008066 
0.89217 0.008060 
0.89252 0.008054 
0.89287 0.008048 
0.89322 0.008043 
0.89357 0.008037 
0.89391 0.008031 
0.89426 0.008026 
0.89461 0.008020 
0.89496 0.008014 
0.89530 0.008008 
0.89565 0.008003 
0.89600 0.007997 
0.89635 0.007991 
0.89670 0.007985 
0.89704 0.007979 
0.89739 0.007973 
0.89774 0.007967 
0.89809 0.007961 
0.89843 0.007956 
0.89878 0.007950 
0.89913 0.007944 
0.89948 0.007938 
0.89983 0.007932 
0.90017 0.007927 
0.90052 0.007921 
0.90087 0.007915 
0.90122 0.007909 
0.90157 0.007904 
0.90191 0.007898 
0.90226 0.007892 
0.90261 0.007886 
0.90296 0.007881 
0.90330 0.007875 
0.90365 0.007869 
0.90400 0.007863 
0.90435 0.007857 
0.90470 0.007852 
0.90504 0.007846 
0.90539 0.007841 
0.90574 0.007835 
0.90609 0.007829 
0.90643 0.007823 
0.90678 0.007818 
0.90713 0.007812 
0.90748 0.007807 
0.90783 0.007801 
0.90817 0.007795 
0.90852 0.007790 
0.90887 0.007784 
0.90922 0.007778 
0.90957 0.007773 
0.90991 0.007767 
0.91026 0.007761 
0.91061 0.007756 
0.91096 0.007750 
0.91130 0.007744 
0.91165 0.007739 
0.91200 0.007733 
0.91235 0.007728 
0.91270 0.007722 
0.91304 0.007717 
0.91339 0.007711 
0.91374 0.007705 
0.91409 0.007700 
0.91443 0.007694 
0.91478 0.007689 
0.91513 0.007683 
0.91548 0.007678 
0.91583 0.007672 
0.91617 0.007667 
0.91652 0.007661 
0.91687 0.007655 
0.91722 0.007650 
0.91757 0.007644 
0.91791 0.007639 
0.91826 0.007633 
0.91861 0.007628 
0.91896 0.007622 
0.91930 0.007617 
0.91965 0.007612 
0.92000 0.007606 
0.92035 0.007601 
0.92070 0.007595 
0.92104 0.007590 
0.92139 0.007585 
0.92174 0.007579 
0.92209 0.007574 
0.92243 0.007568 
0.92278 0.007563 
0.92313 0.007557 
0.92348 0.007552 
0.92383 0.007547 
0.92417 0.007541 
0.92452 0.007536 
0.92487 0.007530 
0.92522 0.007525 
0.92557 0.007520 
0.92591 0.007514 
0.92626 0.007509 
0.92661 0.007504 
0.92696 0.007498 
0.92730 0.007493 
0.92765 0.007488 
0.92800 0.007483 
0.92835 0.007477 
0.92870 0.007472 
0.92904 0.007467 
0.92939 0.007462 
0.92974 0.007457 
0.93009 0.007451 
0.93043 0.007446 
0.93078 0.007441 
0.93113 0.007436 
0.93148 0.007430 
0.93183 0.007425 
0.93217 0.007420 
0.93252 0.007415 
0.93287 0.007410 
0.93322 0.007404 
0.93357 0.007399 
0.93391 0.007394 
0.93426 0.007389 
0.93461 0.007383 
0.93496 0.007378 
0.93530 0.007373 
0.93565 0.007368 
0.93600 0.007363 
0.93635 0.007357 
0.93670 0.007352 
0.93704 0.007347 
0.93739 0.007342 
0.93774 0.007337 
0.93809 0.007331 
0.93843 0.007326 
0.93878 0.007321 
0.93913 0.007316 
0.93948 0.007311 
0.93983 0.007306 
0.94017 0.007301 
0.94052 0.007295 
0.94087 0.007290 
0.94122 0.007285 
0.94157 0.007280 
0.94191 0.007275 
0.94226 0.007270 
0.94261 0.007265 
0.94296 0.007260 
0.94330 0.007255 
0.94365 0.007250 
0.94400 0.007245 
0.94435 0.007240 
0.94470 0.007235 
0.94504 0.007230 
0.94539 0.007225 
0.94574 0.007220 
0.94609 0.007215 
0.94643 0.007210 
0.94678 0.007205 
0.94713 0.007200 
0.94748 0.007195 
0.94783 0.007190 
0.94817 0.007185 
0.94852 0.007180 
0.94887 0.007175 
0.94922 0.007170 
0.94957 0.007165 
0.94991 0.007160 
0.95026 0.007155 
0.95061 0.007150 
0.95096 0.007145 
0.95130 0.007140 
0.95165 0.007135 
0.95200 0.007130 
0.95235 0.007126 
0.95270 0.007121 
0.95304 0.007116 
0.95339 0.007111 
0.95374 0.007106 
0.95409 0.007101 
0.95443 0.007096 
0.95478 0.007091 
0.95513 0.007086 
0.95548 0.007082 
0.95583 0.007077 
0.95617 0.007072 
0.95652 0.007067 
0.95687 0.007062 
0.95722 0.007057 
0.95757 0.007052 
0.95791 0.007047 
0.95826 0.007043 
0.95861 0.007038 
0.95896 0.007033 
0.95930 0.007028 
0.95965 0.007023 
0.96000 0.007018 
0.96035 0.007014 
0.96070 0.007009 
0.96104 0.007004 
0.96139 0.006999 
0.96174 0.006994 
0.96209 0.006990 
0.96243 0.006985 
0.96278 0.006980 
0.96313 0.006975 
0.96348 0.006971 
0.96383 0.006966 
0.96417 0.006961 
0.96452 0.006956 
0.96487 0.006952 
0.96522 0.006947 
0.96557 0.006942 
0.96591 0.006937 
0.96626 0.006933 
0.96661 0.006928 
0.96696 0.006923 
0.96730 0.006918 
0.96765 0.006914 
0.96800 0.006909 
0.96835 0.006904 
0.96870 0.006900 
0.96904 0.006895 
0.96939 0.006890 
0.96974 0.006886 
0.97009 0.006881 
0.97043 0.006876 
0.97078 0.006872 
0.97113 0.006867 
0.97148 0.006862 
0.97183 0.006858 
0.97217 0.006853 
0.97252 0.006848 
0.97287 0.006843 
0.97322 0.006839 
0.97357 0.006834 
0.97391 0.006829 
0.97426 0.006825 
0.97461 0.006820 
0.97496 0.006816 
0.97530 0.006811 
0.97565 0.006806 
0.97600 0.006802 
0.97635 0.006797 
0.97670 0.006792 
0.97704 0.006788 
0.97739 0.006783 
0.97774 0.006779 
0.97809 0.006774 
0.97843 0.006769 
0.97878 0.006765 
0.97913 0.006760 
0.97948 0.006756 
0.97983 0.006751 
0.98017 0.006747 
0.98052 0.006742 
0.98087 0.006737 
0.98122 0.006733 
0.98157 0.006728 
0.98191 0.006724 
0.98226 0.006719 
0.98261 0.006715 
0.98296 0.006710 
0.98330 0.006706 
0.98365 0.006701 
0.98400 0.006697 
0.98435 0.006692 
0.98470 0.006688 
0.98504 0.006683 
0.98539 0.006679 
0.98574 0.006675 
0.98609 0.006670 
0.98643 0.006666 
0.98678 0.006661 
0.98713 0.006657 
0.98748 0.006652 
0.98783 0.006648 
0.98817 0.006643 
0.98852 0.006639 
0.98887 0.006635 
0.98922 0.006630 
0.98957 0.006626 
0.98991 0.006621 
0.99026 0.006617 
0.99061 0.006613 
0.99096 0.006608 
0.99130 0.006604 
0.99165 0.006599 
0.99200 0.006595 
0.99235 0.006591 
0.99270 0.006586 
0.99304 0.006582 
0.99339 0.006577 
0.99374 0.006573 
0.99409 0.006569 
0.99443 0.006564 
0.99478 0.006560 
0.99513 0.006556 
0.99548 0.006551 
0.99583 0.006547 
0.99617 0.006543 
0.99652 0.006538 
0.99687 0.006534 
0.99722 0.006530 
0.99757 0.006525 
0.99791 0.006521 
0.99826 0.006517 
0.99861 0.006513 
0.99896 0.006508 
0.99930 0.006504 
0.99965 0.006500 
1.00000 0.006495 
