1 1
0.00067 1.000000 
0.00101 1.000000 
0.00134 1.000000 
0.00168 1.000000 
0.00201 1.000000 
0.00235 1.000000 
0.00269 1.000000 
0.00302 1.000000 
0.00336 1.000000 
0.00369 1.000000 
0.00403 1.000000 
0.00436 1.000000 
0.00470 1.000000 
0.00504 1.000000 
0.00537 1.000000 
0.00571 1.000000 
0.00604 1.000000 
0.00638 1.000000 
0.00671 1.000000 
0.00705 1.000000 
0.00739 1.000000 
0.00772 1.000000 
0.00806 1.000000 
0.00839 1.000000 
0.00873 1.000000 
0.00906 1.000000 
0.00940 1.000000 
0.00973 1.000000 
0.01007 1.000000 
0.01041 1.000000 
0.01074 1.000000 
0.01108 1.000000 
0.01141 1.000000 
0.01175 1.000000 
0.01208 1.000000 
0.01242 0.998498 
0.01276 0.998578 
0.01309 0.998650 
0.01343 0.998718 
0.01376 0.998780 
0.01410 0.998839 
0.01443 0.998893 
0.01477 0.998943 
0.01511 0.998990 
0.01544 0.999034 
0.01578 0.999075 
0.01611 0.997340 
0.01645 0.997449 
0.01678 0.997551 
0.01712 0.997647 
0.01746 0.997738 
0.01779 0.997823 
0.01813 0.997904 
0.01846 0.995286 
0.01880 0.995455 
0.01913 0.993734 
0.01947 0.992740 
0.01981 0.990649 
0.02014 0.987571 
0.02048 0.986885 
0.02081 0.985193 
0.02115 0.981567 
0.02148 0.981647 
0.02182 0.978846 
0.02216 0.977622 
0.02249 0.975124 
0.02283 0.973661 
0.02316 0.970588 
0.02350 0.969772 
0.02383 0.966197 
0.02417 0.964006 
0.02450 0.962709 
0.02484 0.959274 
0.02518 0.958198 
0.02551 0.954035 
0.02585 0.951811 
0.02618 0.950383 
0.02652 0.948069 
0.02685 0.947468 
0.02719 0.944444 
0.02753 0.941885 
0.02786 0.938584 
0.02820 0.935743 
0.02853 0.932493 
0.02887 0.931874 
0.02920 0.929163 
0.02954 0.926594 
0.02988 0.921093 
0.03021 0.915855 
0.03055 0.912576 
0.03088 0.908027 
0.03122 0.905797 
0.03155 0.902539 
0.03189 0.899664 
0.03223 0.898026 
0.03256 0.895619 
0.03290 0.891227 
0.03323 0.885384 
0.03357 0.879798 
0.03390 0.875644 
0.03424 0.873228 
0.03458 0.872835 
0.03491 0.869119 
0.03525 0.865934 
0.03558 0.858760 
0.03592 0.856639 
0.03625 0.853236 
0.03659 0.848964 
0.03693 0.847706 
0.03726 0.845209 
0.03760 0.842825 
0.03793 0.839602 
0.03827 0.833877 
0.03860 0.829138 
0.03894 0.824588 
0.03927 0.818744 
0.03961 0.815732 
0.03995 0.813559 
0.04028 0.810504 
0.04062 0.808264 
0.04095 0.805446 
0.04129 0.800080 
0.04162 0.797272 
0.04196 0.793677 
0.04230 0.786413 
0.04263 0.781402 
0.04297 0.775591 
0.04330 0.769016 
0.04364 0.766607 
0.04397 0.762302 
0.04431 0.756535 
0.04465 0.754044 
0.04498 0.750309 
0.04532 0.747485 
0.04565 0.744989 
0.04599 0.739266 
0.04632 0.736909 
0.04666 0.734543 
0.04700 0.730421 
0.04733 0.727964 
0.04767 0.725602 
0.04800 0.722151 
0.04834 0.720571 
0.04867 0.716858 
0.04901 0.712140 
0.04935 0.707017 
0.04968 0.704541 
0.05002 0.700707 
0.05035 0.695391 
0.05069 0.690066 
0.05102 0.686999 
0.05136 0.683523 
0.05170 0.681182 
0.05203 0.677084 
0.05237 0.673945 
0.05270 0.669770 
0.05304 0.666290 
0.05337 0.662208 
0.05371 0.659198 
0.05404 0.654891 
0.05438 0.652174 
0.05472 0.648943 
0.05505 0.646641 
0.05539 0.643607 
0.05572 0.640380 
0.05606 0.637472 
0.05639 0.635586 
0.05673 0.632502 
0.05707 0.629377 
0.05740 0.626006 
0.05774 0.623555 
0.05807 0.620715 
0.05841 0.617434 
0.05874 0.613662 
0.05908 0.609610 
0.05942 0.606574 
0.05975 0.603377 
0.06009 0.600590 
0.06042 0.597455 
0.06076 0.594414 
0.06109 0.592132 
0.06143 0.590224 
0.06177 0.587075 
0.06210 0.584724 
0.06244 0.582796 
0.06277 0.579208 
0.06311 0.576289 
0.06344 0.573286 
0.06378 0.570315 
0.06412 0.566768 
0.06445 0.564245 
0.06479 0.562500 
0.06512 0.560921 
0.06546 0.557811 
0.06579 0.555939 
0.06613 0.553869 
0.06647 0.550223 
0.06680 0.547180 
0.06714 0.543518 
0.06747 0.539851 
0.06781 0.536722 
0.06814 0.534215 
0.06848 0.530281 
0.06882 0.527738 
0.06915 0.525030 
0.06949 0.522161 
0.06982 0.520531 
0.07016 0.518541 
0.07049 0.516200 
0.07083 0.514602 
0.07116 0.511848 
0.07150 0.509257 
0.07184 0.506954 
0.07217 0.505542 
0.07251 0.503488 
0.07284 0.501877 
0.07318 0.500486 
0.07351 0.498094 
0.07385 0.495683 
0.07419 0.493048 
0.07452 0.490563 
0.07486 0.487900 
0.07519 0.485426 
0.07553 0.483294 
0.07586 0.480983 
0.07620 0.478578 
0.07654 0.476157 
0.07687 0.473991 
0.07721 0.471806 
0.07754 0.469528 
0.07788 0.466861 
0.07821 0.464259 
0.07855 0.461979 
0.07889 0.459356 
0.07922 0.456870 
0.07956 0.454731 
0.07989 0.453356 
0.08023 0.451144 
0.08056 0.449303 
0.08090 0.447165 
0.08124 0.445287 
0.08157 0.443288 
0.08191 0.441139 
0.08224 0.438943 
0.08258 0.437000 
0.08291 0.434877 
0.08325 0.432709 
0.08359 0.431176 
0.08392 0.429141 
0.08426 0.427028 
0.08459 0.425030 
0.08493 0.423364 
0.08526 0.420871 
0.08560 0.419299 
0.08593 0.417402 
0.08627 0.415826 
0.08661 0.414895 
0.08694 0.413247 
0.08728 0.411108 
0.08761 0.409107 
0.08795 0.407154 
0.08828 0.405567 
0.08862 0.403387 
0.08896 0.401887 
0.08929 0.400057 
0.08963 0.397708 
0.08996 0.395690 
0.09030 0.394413 
0.09063 0.392372 
0.09097 0.390515 
0.09131 0.388729 
0.09164 0.386824 
0.09198 0.385284 
0.09231 0.383464 
0.09265 0.382003 
0.09298 0.380265 
0.09332 0.378594 
0.09366 0.376989 
0.09399 0.374885 
0.09433 0.373411 
0.09466 0.371571 
0.09500 0.370348 
0.09533 0.368387 
0.09567 0.367111 
0.09601 0.365403 
0.09634 0.363636 
0.09668 0.362055 
0.09701 0.361039 
0.09735 0.359122 
0.09768 0.357673 
0.09802 0.355858 
0.09836 0.354224 
0.09869 0.352975 
0.09903 0.351320 
0.09936 0.350023 
0.09970 0.348280 
0.10003 0.346621 
0.10037 0.345065 
0.10070 0.343456 
0.10104 0.342126 
0.10138 0.340521 
0.10171 0.338994 
0.10205 0.337784 
0.10238 0.336368 
0.10272 0.334748 
0.10305 0.333163 
0.10339 0.331973 
0.10373 0.330496 
0.10406 0.329011 
0.10440 0.327642 
0.10473 0.326325 
0.10507 0.325162 
0.10540 0.323396 
0.10574 0.322030 
0.10608 0.320514 
0.10641 0.319091 
0.10675 0.317977 
0.10708 0.316634 
0.10742 0.315419 
0.10775 0.314136 
0.10809 0.312784 
0.10843 0.311578 
0.10876 0.310324 
0.10910 0.309079 
0.10943 0.307938 
0.10977 0.306317 
0.11010 0.305195 
0.11044 0.303785 
0.11078 0.302662 
0.11111 0.301346 
0.11145 0.300222 
0.11178 0.298817 
0.11212 0.297549 
0.11245 0.296434 
0.11279 0.295185 
0.11313 0.294281 
0.11346 0.292961 
0.11380 0.291913 
0.11413 0.290647 
0.11447 0.289529 
0.11480 0.288505 
0.11514 0.287351 
0.11547 0.286155 
0.11581 0.285204 
0.11615 0.284175 
0.11648 0.282887 
0.11682 0.281659 
0.11715 0.280424 
0.11749 0.279460 
0.11782 0.278339 
0.11816 0.277163 
0.11850 0.276123 
0.11883 0.275348 
0.11917 0.274210 
0.11950 0.273160 
0.11984 0.272149 
0.12017 0.271161 
0.12051 0.269962 
0.12085 0.268864 
0.12118 0.267929 
0.12152 0.266923 
0.12185 0.265970 
0.12219 0.265068 
0.12252 0.264188 
0.12286 0.263208 
0.12320 0.262161 
0.12353 0.261403 
0.12387 0.260295 
0.12420 0.259357 
0.12454 0.258410 
0.12487 0.257369 
0.12521 0.256421 
0.12555 0.255423 
0.12588 0.254317 
0.12622 0.253163 
0.12655 0.252159 
0.12689 0.250979 
0.12722 0.250241 
0.12756 0.249382 
0.12790 0.248335 
0.12823 0.247406 
0.12857 0.246442 
0.12890 0.245458 
0.12924 0.244629 
0.12957 0.243537 
0.12991 0.242653 
0.13025 0.241682 
0.13058 0.240850 
0.13092 0.240142 
0.13125 0.239294 
0.13159 0.238308 
0.13192 0.237368 
0.13226 0.236525 
0.13259 0.235739 
0.13293 0.234919 
0.13327 0.234181 
0.13360 0.233282 
0.13394 0.232478 
0.13427 0.231729 
0.13461 0.230798 
0.13494 0.229799 
0.13528 0.228806 
0.13562 0.228067 
0.13595 0.227160 
0.13629 0.226309 
0.13662 0.225451 
0.13696 0.224515 
0.13729 0.223597 
0.13763 0.222697 
0.13797 0.221922 
0.13830 0.221187 
0.13864 0.220421 
0.13897 0.219590 
0.13931 0.218835 
0.13964 0.218084 
0.13998 0.217326 
0.14032 0.216447 
0.14065 0.215654 
0.14099 0.214968 
0.14132 0.214127 
0.14166 0.213405 
0.14199 0.212620 
0.14233 0.211863 
0.14267 0.211043 
0.14300 0.210395 
0.14334 0.209849 
0.14367 0.209142 
0.14401 0.208527 
0.14434 0.207741 
0.14468 0.206993 
0.14502 0.206185 
0.14535 0.205553 
0.14569 0.204766 
0.14602 0.203930 
0.14636 0.203269 
0.14669 0.202706 
0.14703 0.201969 
0.14736 0.201340 
0.14770 0.200756 
0.14804 0.200103 
0.14837 0.199352 
0.14871 0.198646 
0.14904 0.198076 
0.14938 0.197318 
0.14971 0.196695 
0.15005 0.196055 
0.15039 0.195300 
0.15072 0.194639 
0.15106 0.194081 
0.15139 0.193388 
0.15173 0.192650 
0.15206 0.192004 
0.15240 0.191324 
0.15274 0.190744 
0.15307 0.190158 
0.15341 0.189537 
0.15374 0.188939 
0.15408 0.188391 
0.15441 0.187686 
0.15475 0.187041 
0.15509 0.186420 
0.15542 0.185829 
0.15576 0.185084 
0.15609 0.184436 
0.15643 0.183774 
0.15676 0.183198 
0.15710 0.182681 
0.15744 0.182111 
0.15777 0.181527 
0.15811 0.181027 
0.15844 0.180476 
0.15878 0.179910 
0.15911 0.179347 
0.15945 0.178779 
0.15979 0.178249 
0.16012 0.177739 
0.16046 0.177267 
0.16079 0.176754 
0.16113 0.176192 
0.16146 0.175598 
0.16180 0.175119 
0.16213 0.174523 
0.16247 0.173981 
0.16281 0.173477 
0.16314 0.172882 
0.16348 0.172307 
0.16381 0.171727 
0.16415 0.171176 
0.16448 0.170711 
0.16482 0.170248 
0.16516 0.169730 
0.16549 0.169280 
0.16583 0.168718 
0.16616 0.168168 
0.16650 0.167563 
0.16683 0.167107 
0.16717 0.166558 
0.16751 0.166059 
0.16784 0.165523 
0.16818 0.164982 
0.16851 0.164460 
0.16885 0.163972 
0.16918 0.163472 
0.16952 0.162911 
0.16986 0.162408 
0.17019 0.161915 
0.17053 0.161441 
0.17086 0.160953 
0.17120 0.160530 
0.17153 0.160017 
0.17187 0.159461 
0.17221 0.159067 
0.17254 0.158608 
0.17288 0.158234 
0.17321 0.157793 
0.17355 0.157340 
0.17388 0.156837 
0.17422 0.156330 
0.17456 0.155817 
0.17489 0.155360 
0.17523 0.154919 
0.17556 0.154436 
0.17590 0.153927 
0.17623 0.153501 
0.17657 0.153091 
0.17691 0.152647 
0.17724 0.152220 
0.17758 0.151773 
0.17791 0.151286 
0.17825 0.150801 
0.17858 0.150362 
0.17892 0.149889 
0.17925 0.149426 
0.17959 0.149029 
0.17993 0.148563 
0.18026 0.148135 
0.18060 0.147695 
0.18093 0.147285 
0.18127 0.146815 
0.18160 0.146416 
0.18194 0.146012 
0.18228 0.145597 
0.18261 0.145143 
0.18295 0.144718 
0.18328 0.144343 
0.18362 0.143888 
0.18395 0.143517 
0.18429 0.143067 
0.18463 0.142699 
0.18496 0.142333 
0.18530 0.141857 
0.18563 0.141429 
0.18597 0.141081 
0.18630 0.140658 
0.18664 0.140262 
0.18698 0.139874 
0.18731 0.139489 
0.18765 0.139118 
0.18798 0.138730 
0.18832 0.138350 
0.18865 0.137921 
0.18899 0.137488 
0.18933 0.137107 
0.18966 0.136710 
0.19000 0.136333 
0.19033 0.135989 
0.19067 0.135560 
0.19100 0.135139 
0.19134 0.134770 
0.19168 0.134390 
0.19201 0.134012 
0.19235 0.133612 
0.19268 0.133243 
0.19302 0.132865 
0.19335 0.132482 
0.19369 0.132107 
0.19402 0.131722 
0.19436 0.131410 
0.19470 0.131064 
0.19503 0.130649 
0.19537 0.130288 
0.19570 0.129906 
0.19604 0.129561 
0.19637 0.129206 
0.19671 0.128859 
0.19705 0.128524 
0.19738 0.128191 
0.19772 0.127872 
0.19805 0.127553 
0.19839 0.127208 
0.19872 0.126898 
0.19906 0.126533 
0.19940 0.126180 
0.19973 0.125858 
0.20007 0.125509 
0.20040 0.125173 
0.20074 0.124861 
0.20107 0.124555 
0.20141 0.124246 
0.20175 0.123943 
0.20208 0.123626 
0.20242 0.123282 
0.20275 0.122967 
0.20309 0.122664 
0.20342 0.122336 
0.20376 0.121987 
0.20410 0.121770 
0.20443 0.121446 
0.20477 0.121139 
0.20510 0.120818 
0.20544 0.120498 
0.20577 0.120217 
0.20611 0.119857 
0.20645 0.119568 
0.20678 0.119243 
0.20712 0.118888 
0.20745 0.118566 
0.20779 0.118256 
0.20812 0.117948 
0.20846 0.117646 
0.20879 0.117330 
0.20913 0.117020 
0.20947 0.116779 
0.20980 0.116451 
0.21014 0.116141 
0.21047 0.115826 
0.21081 0.115518 
0.21114 0.115217 
0.21148 0.114917 
0.21182 0.114598 
0.21215 0.114285 
0.21249 0.114009 
0.21282 0.113694 
0.21316 0.113371 
0.21349 0.113094 
0.21383 0.112813 
0.21417 0.112498 
0.21450 0.112264 
0.21484 0.111977 
0.21517 0.111681 
0.21551 0.111391 
0.21584 0.111108 
0.21618 0.110845 
0.21652 0.110573 
0.21685 0.110289 
0.21719 0.110010 
0.21752 0.109728 
0.21786 0.109466 
0.21819 0.109190 
0.21853 0.108935 
0.21887 0.108667 
0.21920 0.108391 
0.21954 0.108129 
0.21987 0.107832 
0.22021 0.107564 
0.22054 0.107273 
0.22088 0.107017 
0.22122 0.106734 
0.22155 0.106488 
0.22189 0.106226 
0.22222 0.105982 
0.22256 0.105740 
0.22289 0.105463 
0.22323 0.105227 
0.22356 0.104979 
0.22390 0.104704 
0.22424 0.104449 
0.22457 0.104222 
0.22491 0.103951 
0.22524 0.103730 
0.22558 0.103461 
0.22591 0.103234 
0.22625 0.102998 
0.22659 0.102763 
0.22692 0.102516 
0.22726 0.102274 
0.22759 0.102042 
0.22793 0.101807 
0.22826 0.101551 
0.22860 0.101283 
0.22894 0.101033 
0.22927 0.100780 
0.22961 0.100554 
0.22994 0.100329 
0.23028 0.100079 
0.23061 0.099830 
0.23095 0.099573 
0.23129 0.099339 
0.23162 0.099119 
0.23196 0.098903 
0.23229 0.098667 
0.23263 0.098416 
0.23296 0.098170 
0.23330 0.097933 
0.23364 0.097722 
0.23397 0.097483 
0.23431 0.097273 
0.23464 0.097044 
0.23498 0.096804 
0.23531 0.096572 
0.23565 0.096350 
0.23599 0.096124 
0.23632 0.095916 
0.23666 0.095688 
0.23699 0.095445 
0.23733 0.095239 
0.23766 0.095010 
0.23800 0.094814 
0.23834 0.094595 
0.23867 0.094360 
0.23901 0.094131 
0.23934 0.093918 
0.23968 0.093714 
0.24001 0.093491 
0.24035 0.093288 
0.24068 0.093063 
0.24102 0.092835 
0.24136 0.092619 
0.24169 0.092416 
0.24203 0.092198 
0.24236 0.091989 
0.24270 0.091792 
0.24303 0.091581 
0.24337 0.091362 
0.24371 0.091137 
0.24404 0.090947 
0.24438 0.090727 
0.24471 0.090509 
0.24505 0.090306 
0.24538 0.090085 
0.24572 0.089891 
0.24606 0.089687 
0.24639 0.089487 
0.24673 0.089277 
0.24706 0.089086 
0.24740 0.088889 
0.24773 0.088692 
0.24807 0.088474 
0.24841 0.088264 
0.24874 0.088059 
0.24908 0.087854 
0.24941 0.087675 
0.24975 0.087476 
0.25008 0.087295 
0.25042 0.087126 
0.25076 0.086936 
0.25109 0.086736 
0.25143 0.086550 
0.25176 0.086377 
0.25210 0.086186 
0.25243 0.085978 
0.25277 0.085774 
0.25311 0.085571 
0.25344 0.085383 
0.25378 0.085182 
0.25411 0.084992 
0.25445 0.084788 
0.25478 0.084600 
0.25512 0.084394 
0.25545 0.084204 
0.25579 0.084017 
0.25613 0.083828 
0.25646 0.083653 
0.25680 0.083472 
0.25713 0.083288 
0.25747 0.083112 
0.25780 0.082946 
0.25814 0.082764 
0.25848 0.082576 
0.25881 0.082413 
0.25915 0.082230 
0.25948 0.082067 
0.25982 0.081912 
0.26015 0.081737 
0.26049 0.081566 
0.26083 0.081406 
0.26116 0.081227 
0.26150 0.081054 
0.26183 0.080886 
0.26217 0.080699 
0.26250 0.080522 
0.26284 0.080339 
0.26318 0.080180 
0.26351 0.080008 
0.26385 0.079824 
0.26418 0.079663 
0.26452 0.079493 
0.26485 0.079327 
0.26519 0.079152 
0.26553 0.078987 
0.26586 0.078816 
0.26620 0.078646 
0.26653 0.078480 
0.26687 0.078304 
0.26720 0.078142 
0.26754 0.077962 
0.26788 0.077801 
0.26821 0.077666 
0.26855 0.077494 
0.26888 0.077356 
0.26922 0.077182 
0.26955 0.077012 
0.26989 0.076857 
0.27022 0.076703 
0.27056 0.076538 
0.27090 0.076367 
0.27123 0.076205 
0.27157 0.076035 
0.27190 0.075878 
0.27224 0.075739 
0.27257 0.075589 
0.27291 0.075425 
0.27325 0.075260 
0.27358 0.075103 
0.27392 0.074940 
0.27425 0.074792 
0.27459 0.074633 
0.27492 0.074481 
0.27526 0.074326 
0.27560 0.074181 
0.27593 0.074033 
0.27627 0.073894 
0.27660 0.073736 
0.27694 0.073592 
0.27727 0.073458 
0.27761 0.073313 
0.27795 0.073165 
0.27828 0.073020 
0.27862 0.072865 
0.27895 0.072715 
0.27929 0.072572 
0.27962 0.072424 
0.27996 0.072274 
0.28030 0.072123 
0.28063 0.071979 
0.28097 0.071830 
0.28130 0.071685 
0.28164 0.071539 
0.28197 0.071386 
0.28231 0.071256 
0.28265 0.071101 
0.28298 0.070949 
0.28332 0.070803 
0.28365 0.070669 
0.28399 0.070536 
0.28432 0.070394 
0.28466 0.070251 
0.28499 0.070124 
0.28533 0.069990 
0.28567 0.069856 
0.28600 0.069722 
0.28634 0.069602 
0.28667 0.069475 
0.28701 0.069329 
0.28734 0.069197 
0.28768 0.069057 
0.28802 0.068924 
0.28835 0.068785 
0.28869 0.068660 
0.28902 0.068541 
0.28936 0.068406 
0.28969 0.068275 
0.29003 0.068149 
0.29037 0.068013 
0.29070 0.067888 
0.29104 0.067752 
0.29137 0.067628 
0.29171 0.067491 
0.29204 0.067365 
0.29238 0.067250 
0.29272 0.067119 
0.29305 0.066984 
0.29339 0.066860 
0.29372 0.066730 
0.29406 0.066601 
0.29439 0.066473 
0.29473 0.066353 
0.29507 0.066233 
0.29540 0.066111 
0.29574 0.065976 
0.29607 0.065850 
0.29641 0.065731 
0.29674 0.065601 
0.29708 0.065468 
0.29742 0.065330 
0.29775 0.065206 
0.29809 0.065072 
0.29842 0.064940 
0.29876 0.064812 
0.29909 0.064692 
0.29943 0.064582 
0.29977 0.064463 
0.30010 0.064338 
0.30044 0.064217 
0.30077 0.064096 
0.30111 0.063973 
0.30144 0.063863 
0.30178 0.063738 
0.30211 0.063614 
0.30245 0.063507 
0.30279 0.063381 
0.30312 0.063260 
0.30346 0.063143 
0.30379 0.063040 
0.30413 0.062935 
0.30446 0.062823 
0.30480 0.062704 
0.30514 0.062580 
0.30547 0.062462 
0.30581 0.062347 
0.30614 0.062232 
0.30648 0.062114 
0.30681 0.062003 
0.30715 0.061881 
0.30749 0.061770 
0.30782 0.061657 
0.30816 0.061544 
0.30849 0.061431 
0.30883 0.061317 
0.30916 0.061209 
0.30950 0.061098 
0.30984 0.060987 
0.31017 0.060873 
0.31051 0.060765 
0.31084 0.060639 
0.31118 0.060526 
0.31151 0.060417 
0.31185 0.060308 
0.31219 0.060192 
0.31252 0.060093 
0.31286 0.059989 
0.31319 0.059879 
0.31353 0.059776 
0.31386 0.059657 
0.31420 0.059543 
0.31454 0.059432 
0.31487 0.059328 
0.31521 0.059216 
0.31554 0.059108 
0.31588 0.059002 
0.31621 0.058911 
0.31655 0.058811 
0.31688 0.058697 
0.31722 0.058598 
0.31756 0.058492 
0.31789 0.058393 
0.31823 0.058299 
0.31856 0.058191 
0.31890 0.058089 
0.31923 0.057980 
0.31957 0.057882 
0.31991 0.057774 
0.32024 0.057666 
0.32058 0.057559 
0.32091 0.057449 
0.32125 0.057344 
0.32158 0.057242 
0.32192 0.057142 
0.32226 0.057036 
0.32259 0.056933 
0.32293 0.056834 
0.32326 0.056727 
0.32360 0.056631 
0.32393 0.056535 
0.32427 0.056437 
0.32461 0.056344 
0.32494 0.056247 
0.32528 0.056139 
0.32561 0.056040 
0.32595 0.055946 
0.32628 0.055837 
0.32662 0.055731 
0.32696 0.055625 
0.32729 0.055526 
0.32763 0.055431 
0.32796 0.055332 
0.32830 0.055244 
0.32863 0.055152 
0.32897 0.055060 
0.32931 0.054961 
0.32964 0.054869 
0.32998 0.054778 
0.33031 0.054684 
0.33065 0.054593 
0.33098 0.054507 
0.33132 0.054415 
0.33165 0.054330 
0.33199 0.054238 
0.33233 0.054143 
0.33266 0.054054 
0.33300 0.053963 
0.33333 0.053867 
0.33367 0.053773 
0.33400 0.053683 
0.33434 0.053585 
0.33468 0.053502 
0.33501 0.053421 
0.33535 0.053332 
0.33568 0.053241 
0.33602 0.053157 
0.33635 0.053065 
0.33669 0.052975 
0.33703 0.052883 
0.33736 0.052796 
0.33770 0.052707 
0.33803 0.052610 
0.33837 0.052517 
0.33870 0.052431 
0.33904 0.052345 
0.33938 0.052253 
0.33971 0.052173 
0.34005 0.052090 
0.34038 0.052004 
0.34072 0.051914 
0.34105 0.051827 
0.34139 0.051742 
0.34173 0.051666 
0.34206 0.051576 
0.34240 0.051502 
0.34273 0.051418 
0.34307 0.051329 
0.34340 0.051238 
0.34374 0.051157 
0.34408 0.051073 
0.34441 0.050990 
0.34475 0.050902 
0.34508 0.050822 
0.34542 0.050741 
0.34575 0.050657 
0.34609 0.050578 
0.34642 0.050498 
0.34676 0.050414 
0.34710 0.050337 
0.34743 0.050255 
0.34777 0.050165 
0.34810 0.050087 
0.34844 0.050003 
0.34877 0.049918 
0.34911 0.049828 
0.34945 0.049745 
0.34978 0.049670 
0.35012 0.049591 
0.35045 0.049511 
0.35079 0.049438 
0.35112 0.049356 
0.35146 0.049280 
0.35180 0.049205 
0.35213 0.049129 
0.35247 0.049052 
0.35280 0.048980 
0.35314 0.048894 
0.35347 0.048816 
0.35381 0.048732 
0.35415 0.048654 
0.35448 0.048573 
0.35482 0.048492 
0.35515 0.048413 
0.35549 0.048339 
0.35582 0.048258 
0.35616 0.048178 
0.35650 0.048100 
0.35683 0.048027 
0.35717 0.047956 
0.35750 0.047880 
0.35784 0.047801 
0.35817 0.047724 
0.35851 0.047641 
0.35885 0.047564 
0.35918 0.047491 
0.35952 0.047413 
0.35985 0.047337 
0.36019 0.047261 
0.36052 0.047183 
0.36086 0.047109 
0.36120 0.047037 
0.36153 0.046965 
0.36187 0.046885 
0.36220 0.046814 
0.36254 0.046731 
0.36287 0.046659 
0.36321 0.046589 
0.36354 0.046523 
0.36388 0.046451 
0.36422 0.046375 
0.36455 0.046304 
0.36489 0.046230 
0.36522 0.046154 
0.36556 0.046082 
0.36589 0.046018 
0.36623 0.045952 
0.36657 0.045885 
0.36690 0.045813 
0.36724 0.045741 
0.36757 0.045670 
0.36791 0.045604 
0.36824 0.045531 
0.36858 0.045461 
0.36892 0.045387 
0.36925 0.045317 
0.36959 0.045245 
0.36992 0.045176 
0.37026 0.045102 
0.37059 0.045030 
0.37093 0.044960 
0.37127 0.044897 
0.37160 0.044827 
0.37194 0.044763 
0.37227 0.044693 
0.37261 0.044626 
0.37294 0.044560 
0.37328 0.044495 
0.37362 0.044428 
0.37395 0.044361 
0.37429 0.044289 
0.37462 0.044223 
0.37496 0.044160 
0.37529 0.044093 
0.37563 0.044032 
0.37597 0.043968 
0.37630 0.043902 
0.37664 0.043840 
0.37697 0.043770 
0.37731 0.043697 
0.37764 0.043624 
0.37798 0.043556 
0.37831 0.043486 
0.37865 0.043426 
0.37899 0.043364 
0.37932 0.043301 
0.37966 0.043232 
0.37999 0.043168 
0.38033 0.043106 
0.38066 0.043041 
0.38100 0.042973 
0.38134 0.042910 
0.38167 0.042842 
0.38201 0.042777 
0.38234 0.042716 
0.38268 0.042652 
0.38301 0.042591 
0.38335 0.042524 
0.38369 0.042459 
0.38402 0.042395 
0.38436 0.042335 
0.38469 0.042273 
0.38503 0.042209 
0.38536 0.042148 
0.38570 0.042080 
0.38604 0.042018 
0.38637 0.041955 
0.38671 0.041890 
0.38704 0.041825 
0.38738 0.041761 
0.38771 0.041696 
0.38805 0.041630 
0.38839 0.041566 
0.38872 0.041505 
0.38906 0.041446 
0.38939 0.041388 
0.38973 0.041327 
0.39006 0.041273 
0.39040 0.041210 
0.39074 0.041150 
0.39107 0.041093 
0.39141 0.041028 
0.39174 0.040971 
0.39208 0.040912 
0.39241 0.040860 
0.39275 0.040802 
0.39308 0.040745 
0.39342 0.040687 
0.39376 0.040627 
0.39409 0.040565 
0.39443 0.040510 
0.39476 0.040459 
0.39510 0.040405 
0.39543 0.040350 
0.39577 0.040291 
0.39611 0.040237 
0.39644 0.040183 
0.39678 0.040128 
0.39711 0.040077 
0.39745 0.040019 
0.39778 0.039962 
0.39812 0.039903 
0.39846 0.039850 
0.39879 0.039794 
0.39913 0.039741 
0.39946 0.039683 
0.39980 0.039622 
0.40013 0.039563 
0.40047 0.039503 
0.40081 0.039446 
0.40114 0.039389 
0.40148 0.039335 
0.40181 0.039282 
0.40215 0.039223 
0.40248 0.039165 
0.40282 0.039110 
0.40316 0.039058 
0.40349 0.039005 
0.40383 0.038947 
0.40416 0.038894 
0.40450 0.038835 
0.40483 0.038784 
0.40517 0.038729 
0.40551 0.038675 
0.40584 0.038618 
0.40618 0.038563 
0.40651 0.038513 
0.40685 0.038461 
0.40718 0.038403 
0.40752 0.038346 
0.40785 0.038289 
0.40819 0.038236 
0.40853 0.038186 
0.40886 0.038127 
0.40920 0.038075 
0.40953 0.038026 
0.40987 0.037973 
0.41020 0.037921 
0.41054 0.037873 
0.41088 0.037817 
0.41121 0.037767 
0.41155 0.037713 
0.41188 0.037664 
0.41222 0.037615 
0.41255 0.037561 
0.41289 0.037510 
0.41323 0.037458 
0.41356 0.037404 
0.41390 0.037352 
0.41423 0.037301 
0.41457 0.037252 
0.41490 0.037198 
0.41524 0.037145 
0.41558 0.037098 
0.41591 0.037047 
0.41625 0.036997 
0.41658 0.036949 
0.41692 0.036901 
0.41725 0.036852 
0.41759 0.036803 
0.41793 0.036750 
0.41826 0.036704 
0.41860 0.036652 
0.41893 0.036599 
0.41927 0.036554 
0.41960 0.036503 
0.41994 0.036453 
0.42028 0.036403 
0.42061 0.036352 
0.42095 0.036308 
0.42128 0.036259 
0.42162 0.036212 
0.42195 0.036164 
0.42229 0.036114 
0.42263 0.036063 
0.42296 0.036019 
0.42330 0.035968 
0.42363 0.035916 
0.42397 0.035868 
0.42430 0.035819 
0.42464 0.035773 
0.42497 0.035727 
0.42531 0.035683 
0.42565 0.035633 
0.42598 0.035583 
0.42632 0.035535 
0.42665 0.035486 
0.42699 0.035437 
0.42732 0.035390 
0.42766 0.035338 
0.42800 0.035289 
0.42833 0.035245 
0.42867 0.035201 
0.42900 0.035157 
0.42934 0.035112 
0.42967 0.035063 
0.43001 0.035019 
0.43035 0.034978 
0.43068 0.034933 
0.43102 0.034888 
0.43135 0.034840 
0.43169 0.034797 
0.43202 0.034751 
0.43236 0.034706 
0.43270 0.034661 
0.43303 0.034614 
0.43337 0.034568 
0.43370 0.034523 
0.43404 0.034478 
0.43437 0.034432 
0.43471 0.034387 
0.43505 0.034343 
0.43538 0.034303 
0.43572 0.034257 
0.43605 0.034209 
0.43639 0.034167 
0.43672 0.034120 
0.43706 0.034073 
0.43740 0.034032 
0.43773 0.033987 
0.43807 0.033943 
0.43840 0.033898 
0.43874 0.033855 
0.43907 0.033812 
0.43941 0.033769 
0.43974 0.033728 
0.44008 0.033686 
0.44042 0.033641 
0.44075 0.033597 
0.44109 0.033555 
0.44142 0.033511 
0.44176 0.033470 
0.44209 0.033428 
0.44243 0.033384 
0.44277 0.033340 
0.44310 0.033298 
0.44344 0.033254 
0.44377 0.033211 
0.44411 0.033166 
0.44444 0.033125 
0.44478 0.033082 
0.44512 0.033041 
0.44545 0.032998 
0.44579 0.032958 
0.44612 0.032914 
0.44646 0.032873 
0.44679 0.032832 
0.44713 0.032789 
0.44747 0.032747 
0.44780 0.032703 
0.44814 0.032658 
0.44847 0.032619 
0.44881 0.032574 
0.44914 0.032532 
0.44948 0.032492 
0.44982 0.032446 
0.45015 0.032405 
0.45049 0.032362 
0.45082 0.032322 
0.45116 0.032280 
0.45149 0.032242 
0.45183 0.032199 
0.45217 0.032157 
0.45250 0.032113 
0.45284 0.032075 
0.45317 0.032037 
0.45351 0.031997 
0.45384 0.031960 
0.45418 0.031917 
0.45451 0.031879 
0.45485 0.031840 
0.45519 0.031800 
0.45552 0.031757 
0.45586 0.031718 
0.45619 0.031680 
0.45653 0.031641 
0.45686 0.031602 
0.45720 0.031566 
0.45754 0.031529 
0.45787 0.031491 
0.45821 0.031453 
0.45854 0.031411 
0.45888 0.031370 
0.45921 0.031332 
0.45955 0.031292 
0.45989 0.031251 
0.46022 0.031214 
0.46056 0.031176 
0.46089 0.031138 
0.46123 0.031100 
0.46156 0.031060 
0.46190 0.031022 
0.46224 0.030983 
0.46257 0.030944 
0.46291 0.030905 
0.46324 0.030868 
0.46358 0.030830 
0.46391 0.030793 
0.46425 0.030753 
0.46459 0.030714 
0.46492 0.030679 
0.46526 0.030642 
0.46559 0.030607 
0.46593 0.030572 
0.46626 0.030534 
0.46660 0.030497 
0.46694 0.030462 
0.46727 0.030425 
0.46761 0.030385 
0.46794 0.030349 
0.46828 0.030312 
0.46861 0.030274 
0.46895 0.030239 
0.46928 0.030204 
0.46962 0.030170 
0.46996 0.030135 
0.47029 0.030101 
0.47063 0.030067 
0.47096 0.030034 
0.47130 0.029996 
0.47163 0.029960 
0.47197 0.029925 
0.47231 0.029886 
0.47264 0.029850 
0.47298 0.029814 
0.47331 0.029780 
0.47365 0.029746 
0.47398 0.029709 
0.47432 0.029675 
0.47466 0.029641 
0.47499 0.029607 
0.47533 0.029572 
0.47566 0.029537 
0.47600 0.029502 
0.47633 0.029471 
0.47667 0.029432 
0.47701 0.029398 
0.47734 0.029366 
0.47768 0.029332 
0.47801 0.029295 
0.47835 0.029262 
0.47868 0.029224 
0.47902 0.029189 
0.47936 0.029154 
0.47969 0.029117 
0.48003 0.029083 
0.48036 0.029047 
0.48070 0.029013 
0.48103 0.028978 
0.48137 0.028945 
0.48171 0.028914 
0.48204 0.028878 
0.48238 0.028843 
0.48271 0.028812 
0.48305 0.028778 
0.48338 0.028742 
0.48372 0.028705 
0.48406 0.028669 
0.48439 0.028634 
0.48473 0.028600 
0.48506 0.028566 
0.48540 0.028535 
0.48573 0.028501 
0.48607 0.028468 
0.48640 0.028435 
0.48674 0.028404 
0.48708 0.028369 
0.48741 0.028337 
0.48775 0.028306 
0.48808 0.028274 
0.48842 0.028239 
0.48875 0.028206 
0.48909 0.028172 
0.48943 0.028140 
0.48976 0.028104 
0.49010 0.028072 
0.49043 0.028039 
0.49077 0.028007 
0.49110 0.027974 
0.49144 0.027939 
0.49178 0.027908 
0.49211 0.027876 
0.49245 0.027842 
0.49278 0.027810 
0.49312 0.027778 
0.49345 0.027747 
0.49379 0.027716 
0.49413 0.027684 
0.49446 0.027652 
0.49480 0.027619 
0.49513 0.027589 
0.49547 0.027556 
0.49580 0.027524 
0.49614 0.027492 
0.49648 0.027463 
0.49681 0.027432 
0.49715 0.027402 
0.49748 0.027371 
0.49782 0.027340 
0.49815 0.027310 
0.49849 0.027276 
0.49883 0.027248 
0.49916 0.027217 
0.49950 0.027185 
0.49983 0.027153 
0.50017 0.027123 
0.50050 0.027093 
0.50084 0.027063 
0.50117 0.027030 
0.50151 0.026999 
0.50185 0.026969 
0.50218 0.026938 
0.50252 0.026908 
0.50285 0.026877 
0.50319 0.026846 
0.50352 0.026814 
0.50386 0.026781 
0.50420 0.026752 
0.50453 0.026724 
0.50487 0.026691 
0.50520 0.026664 
0.50554 0.026632 
0.50587 0.026604 
0.50621 0.026571 
0.50655 0.026543 
0.50688 0.026513 
0.50722 0.026483 
0.50755 0.026453 
0.50789 0.026422 
0.50822 0.026395 
0.50856 0.026366 
0.50890 0.026338 
0.50923 0.026308 
0.50957 0.026275 
0.50990 0.026246 
0.51024 0.026220 
0.51057 0.026188 
0.51091 0.026157 
0.51125 0.026128 
0.51158 0.026099 
0.51192 0.026068 
0.51225 0.026037 
0.51259 0.026006 
0.51292 0.025977 
0.51326 0.025948 
0.51360 0.025917 
0.51393 0.025888 
0.51427 0.025860 
0.51460 0.025831 
0.51494 0.025800 
0.51527 0.025772 
0.51561 0.025744 
0.51594 0.025716 
0.51628 0.025685 
0.51662 0.025656 
0.51695 0.025628 
0.51729 0.025597 
0.51762 0.025569 
0.51796 0.025541 
0.51829 0.025514 
0.51863 0.025486 
0.51897 0.025459 
0.51930 0.025432 
0.51964 0.025401 
0.51997 0.025374 
0.52031 0.025347 
0.52064 0.025319 
0.52098 0.025290 
0.52132 0.025263 
0.52165 0.025234 
0.52199 0.025206 
0.52232 0.025180 
0.52266 0.025152 
0.52299 0.025122 
0.52333 0.025095 
0.52367 0.025068 
0.52400 0.025041 
0.52434 0.025014 
0.52467 0.024984 
0.52501 0.024958 
0.52534 0.024930 
0.52568 0.024905 
0.52602 0.024879 
0.52635 0.024853 
0.52669 0.024827 
0.52702 0.024798 
0.52736 0.024771 
0.52769 0.024744 
0.52803 0.024717 
0.52837 0.024688 
0.52870 0.024662 
0.52904 0.024635 
0.52937 0.024610 
0.52971 0.024583 
0.53004 0.024555 
0.53038 0.024527 
0.53072 0.024501 
0.53105 0.024475 
0.53139 0.024447 
0.53172 0.024421 
0.53206 0.024395 
0.53239 0.024369 
0.53273 0.024342 
0.53306 0.024315 
0.53340 0.024289 
0.53374 0.024264 
0.53407 0.024240 
0.53441 0.024212 
0.53474 0.024187 
0.53508 0.024162 
0.53541 0.024140 
0.53575 0.024114 
0.53609 0.024087 
0.53642 0.024063 
0.53676 0.024038 
0.53709 0.024011 
0.53743 0.023984 
0.53776 0.023959 
0.53810 0.023934 
0.53844 0.023906 
0.53877 0.023883 
0.53911 0.023858 
0.53944 0.023833 
0.53978 0.023808 
0.54011 0.023785 
0.54045 0.023758 
0.54079 0.023734 
0.54112 0.023710 
0.54146 0.023685 
0.54179 0.023659 
0.54213 0.023636 
0.54246 0.023611 
0.54280 0.023586 
0.54314 0.023561 
0.54347 0.023537 
0.54381 0.023512 
0.54414 0.023488 
0.54448 0.023463 
0.54481 0.023438 
0.54515 0.023415 
0.54549 0.023390 
0.54582 0.023365 
0.54616 0.023340 
0.54649 0.023317 
0.54683 0.023293 
0.54716 0.023268 
0.54750 0.023244 
0.54783 0.023220 
0.54817 0.023197 
0.54851 0.023173 
0.54884 0.023149 
0.54918 0.023126 
0.54951 0.023102 
0.54985 0.023080 
0.55018 0.023057 
0.55052 0.023034 
0.55086 0.023011 
0.55119 0.022986 
0.55153 0.022962 
0.55186 0.022937 
0.55220 0.022913 
0.55253 0.022890 
0.55287 0.022867 
0.55321 0.022845 
0.55354 0.022822 
0.55388 0.022797 
0.55421 0.022774 
0.55455 0.022750 
0.55488 0.022725 
0.55522 0.022701 
0.55556 0.022678 
0.55589 0.022654 
0.55623 0.022630 
0.55656 0.022606 
0.55690 0.022584 
0.55723 0.022560 
0.55757 0.022539 
0.55791 0.022518 
0.55824 0.022495 
0.55858 0.022472 
0.55891 0.022448 
0.55925 0.022426 
0.55958 0.022402 
0.55992 0.022377 
0.56026 0.022355 
0.56059 0.022330 
0.56093 0.022308 
0.56126 0.022286 
0.56160 0.022264 
0.56193 0.022243 
0.56227 0.022219 
0.56260 0.022198 
0.56294 0.022174 
0.56328 0.022151 
0.56361 0.022129 
0.56395 0.022106 
0.56428 0.022082 
0.56462 0.022058 
0.56495 0.022036 
0.56529 0.022013 
0.56563 0.021992 
0.56596 0.021971 
0.56630 0.021949 
0.56663 0.021926 
0.56697 0.021905 
0.56730 0.021883 
0.56764 0.021862 
0.56798 0.021840 
0.56831 0.021818 
0.56865 0.021797 
0.56898 0.021774 
0.56932 0.021753 
0.56965 0.021731 
0.56999 0.021709 
0.57033 0.021687 
0.57066 0.021665 
0.57100 0.021643 
0.57133 0.021623 
0.57167 0.021602 
0.57200 0.021581 
0.57234 0.021559 
0.57268 0.021537 
0.57301 0.021515 
0.57335 0.021494 
0.57368 0.021472 
0.57402 0.021452 
0.57435 0.021429 
0.57469 0.021408 
0.57503 0.021388 
0.57536 0.021369 
0.57570 0.021346 
0.57603 0.021327 
0.57637 0.021307 
0.57670 0.021284 
0.57704 0.021262 
0.57737 0.021240 
0.57771 0.021220 
0.57805 0.021200 
0.57838 0.021180 
0.57872 0.021159 
0.57905 0.021139 
0.57939 0.021118 
0.57972 0.021098 
0.58006 0.021078 
0.58040 0.021058 
0.58073 0.021038 
0.58107 0.021018 
0.58140 0.020997 
0.58174 0.020975 
0.58207 0.020954 
0.58241 0.020935 
0.58275 0.020915 
0.58308 0.020896 
0.58342 0.020875 
0.58375 0.020854 
0.58409 0.020834 
0.58442 0.020812 
0.58476 0.020792 
0.58510 0.020772 
0.58543 0.020753 
0.58577 0.020732 
0.58610 0.020713 
0.58644 0.020693 
0.58677 0.020674 
0.58711 0.020654 
0.58745 0.020635 
0.58778 0.020617 
0.58812 0.020596 
0.58845 0.020577 
0.58879 0.020557 
0.58912 0.020538 
0.58946 0.020518 
0.58980 0.020499 
0.59013 0.020479 
0.59047 0.020459 
0.59080 0.020438 
0.59114 0.020418 
0.59147 0.020399 
0.59181 0.020379 
0.59215 0.020358 
0.59248 0.020338 
0.59282 0.020318 
0.59315 0.020299 
0.59349 0.020279 
0.59382 0.020259 
0.59416 0.020240 
0.59449 0.020221 
0.59483 0.020201 
0.59517 0.020182 
0.59550 0.020162 
0.59584 0.020141 
0.59617 0.020121 
0.59651 0.020100 
0.59684 0.020079 
0.59718 0.020060 
0.59752 0.020042 
0.59785 0.020023 
0.59819 0.020002 
0.59852 0.019984 
0.59886 0.019965 
0.59919 0.019945 
0.59953 0.019927 
0.59987 0.019908 
0.60020 0.019889 
0.60054 0.019869 
0.60087 0.019851 
0.60121 0.019832 
0.60154 0.019813 
0.60188 0.019794 
0.60222 0.019775 
0.60255 0.019757 
0.60289 0.019738 
0.60322 0.019717 
0.60356 0.019697 
0.60389 0.019678 
0.60423 0.019660 
0.60457 0.019640 
0.60490 0.019620 
0.60524 0.019602 
0.60557 0.019583 
0.60591 0.019565 
0.60624 0.019547 
0.60658 0.019528 
0.60692 0.019510 
0.60725 0.019491 
0.60759 0.019473 
0.60792 0.019455 
0.60826 0.019436 
0.60859 0.019418 
0.60893 0.019400 
0.60926 0.019380 
0.60960 0.019363 
0.60994 0.019346 
0.61027 0.019328 
0.61061 0.019310 
0.61094 0.019292 
0.61128 0.019273 
0.61161 0.019256 
0.61195 0.019237 
0.61229 0.019218 
0.61262 0.019200 
0.61296 0.019182 
0.61329 0.019162 
0.61363 0.019146 
0.61396 0.019127 
0.61430 0.019107 
0.61464 0.019091 
0.61497 0.019074 
0.61531 0.019056 
0.61564 0.019038 
0.61598 0.019021 
0.61631 0.019004 
0.61665 0.018988 
0.61699 0.018970 
0.61732 0.018953 
0.61766 0.018935 
0.61799 0.018917 
0.61833 0.018900 
0.61866 0.018883 
0.61900 0.018865 
0.61934 0.018849 
0.61967 0.018832 
0.62001 0.018816 
0.62034 0.018798 
0.62068 0.018783 
0.62101 0.018765 
0.62135 0.018747 
0.62169 0.018730 
0.62202 0.018713 
0.62236 0.018697 
0.62269 0.018680 
0.62303 0.018662 
0.62336 0.018646 
0.62370 0.018630 
0.62403 0.018614 
0.62437 0.018596 
0.62471 0.018580 
0.62504 0.018563 
0.62538 0.018546 
0.62571 0.018529 
0.62605 0.018512 
0.62638 0.018495 
0.62672 0.018479 
0.62706 0.018460 
0.62739 0.018444 
0.62773 0.018427 
0.62806 0.018411 
0.62840 0.018395 
0.62873 0.018377 
0.62907 0.018361 
0.62941 0.018345 
0.62974 0.018328 
0.63008 0.018312 
0.63041 0.018296 
0.63075 0.018279 
0.63108 0.018263 
0.63142 0.018247 
0.63176 0.018230 
0.63209 0.018213 
0.63243 0.018196 
0.63276 0.018178 
0.63310 0.018162 
0.63343 0.018146 
0.63377 0.018130 
0.63411 0.018113 
0.63444 0.018097 
0.63478 0.018080 
0.63511 0.018064 
0.63545 0.018047 
0.63578 0.018031 
0.63612 0.018014 
0.63646 0.017998 
0.63679 0.017981 
0.63713 0.017965 
0.63746 0.017948 
0.63780 0.017932 
0.63813 0.017916 
0.63847 0.017901 
0.63880 0.017885 
0.63914 0.017869 
0.63948 0.017854 
0.63981 0.017838 
0.64015 0.017822 
0.64048 0.017804 
0.64082 0.017788 
0.64115 0.017771 
0.64149 0.017756 
0.64183 0.017740 
0.64216 0.017724 
0.64250 0.017709 
0.64283 0.017694 
0.64317 0.017679 
0.64350 0.017663 
0.64384 0.017647 
0.64418 0.017630 
0.64451 0.017613 
0.64485 0.017598 
0.64518 0.017582 
0.64552 0.017567 
0.64585 0.017552 
0.64619 0.017536 
0.64653 0.017522 
0.64686 0.017506 
0.64720 0.017490 
0.64753 0.017474 
0.64787 0.017458 
0.64820 0.017443 
0.64854 0.017428 
0.64888 0.017411 
0.64921 0.017395 
0.64955 0.017379 
0.64988 0.017364 
0.65022 0.017350 
0.65055 0.017334 
0.65089 0.017318 
0.65123 0.017304 
0.65156 0.017289 
0.65190 0.017274 
0.65223 0.017259 
0.65257 0.017243 
0.65290 0.017228 
0.65324 0.017213 
0.65358 0.017198 
0.65391 0.017184 
0.65425 0.017168 
0.65458 0.017152 
0.65492 0.017137 
0.65525 0.017121 
0.65559 0.017105 
0.65592 0.017090 
0.65626 0.017075 
0.65660 0.017059 
0.65693 0.017044 
0.65727 0.017029 
0.65760 0.017014 
0.65794 0.017000 
0.65827 0.016985 
0.65861 0.016971 
0.65895 0.016954 
0.65928 0.016940 
0.65962 0.016926 
0.65995 0.016911 
0.66029 0.016897 
0.66062 0.016881 
0.66096 0.016868 
0.66130 0.016853 
0.66163 0.016838 
0.66197 0.016823 
0.66230 0.016809 
0.66264 0.016794 
0.66297 0.016778 
0.66331 0.016764 
0.66365 0.016750 
0.66398 0.016735 
0.66432 0.016720 
0.66465 0.016705 
0.66499 0.016691 
0.66532 0.016677 
0.66566 0.016663 
0.66600 0.016649 
0.66633 0.016634 
0.66667 0.016620 
0.66700 0.016606 
0.66734 0.016592 
0.66767 0.016578 
0.66801 0.016563 
0.66835 0.016549 
0.66868 0.016535 
0.66902 0.016521 
0.66935 0.016507 
0.66969 0.016494 
0.67002 0.016480 
0.67036 0.016466 
0.67069 0.016451 
0.67103 0.016438 
0.67137 0.016425 
0.67170 0.016409 
0.67204 0.016396 
0.67237 0.016383 
0.67271 0.016369 
0.67304 0.016356 
0.67338 0.016342 
0.67372 0.016328 
0.67405 0.016314 
0.67439 0.016299 
0.67472 0.016284 
0.67506 0.016270 
0.67539 0.016256 
0.67573 0.016241 
0.67607 0.016227 
0.67640 0.016212 
0.67674 0.016198 
0.67707 0.016183 
0.67741 0.016170 
0.67774 0.016156 
0.67808 0.016142 
0.67842 0.016129 
0.67875 0.016115 
0.67909 0.016101 
0.67942 0.016087 
0.67976 0.016074 
0.68009 0.016060 
0.68043 0.016046 
0.68077 0.016033 
0.68110 0.016018 
0.68144 0.016004 
0.68177 0.015991 
0.68211 0.015977 
0.68244 0.015963 
0.68278 0.015950 
0.68312 0.015936 
0.68345 0.015922 
0.68379 0.015909 
0.68412 0.015895 
0.68446 0.015882 
0.68479 0.015869 
0.68513 0.015855 
0.68546 0.015840 
0.68580 0.015827 
0.68614 0.015814 
0.68647 0.015801 
0.68681 0.015788 
0.68714 0.015774 
0.68748 0.015761 
0.68781 0.015748 
0.68815 0.015735 
0.68849 0.015721 
0.68882 0.015708 
0.68916 0.015693 
0.68949 0.015680 
0.68983 0.015667 
0.69016 0.015654 
0.69050 0.015642 
0.69084 0.015628 
0.69117 0.015616 
0.69151 0.015603 
0.69184 0.015591 
0.69218 0.015578 
0.69251 0.015565 
0.69285 0.015553 
0.69319 0.015539 
0.69352 0.015526 
0.69386 0.015514 
0.69419 0.015502 
0.69453 0.015489 
0.69486 0.015475 
0.69520 0.015462 
0.69554 0.015449 
0.69587 0.015437 
0.69621 0.015423 
0.69654 0.015411 
0.69688 0.015398 
0.69721 0.015386 
0.69755 0.015373 
0.69789 0.015361 
0.69822 0.015347 
0.69856 0.015334 
0.69889 0.015321 
0.69923 0.015309 
0.69956 0.015297 
0.69990 0.015284 
0.70023 0.015271 
0.70057 0.015259 
0.70091 0.015247 
0.70124 0.015234 
0.70158 0.015222 
0.70191 0.015209 
0.70225 0.015195 
0.70258 0.015183 
0.70292 0.015170 
0.70326 0.015159 
0.70359 0.015146 
0.70393 0.015134 
0.70426 0.015121 
0.70460 0.015109 
0.70493 0.015097 
0.70527 0.015084 
0.70561 0.015072 
0.70594 0.015061 
0.70628 0.015049 
0.70661 0.015037 
0.70695 0.015025 
0.70728 0.015014 
0.70762 0.015001 
0.70796 0.014989 
0.70829 0.014977 
0.70863 0.014965 
0.70896 0.014953 
0.70930 0.014941 
0.70963 0.014929 
0.70997 0.014917 
0.71031 0.014904 
0.71064 0.014892 
0.71098 0.014880 
0.71131 0.014868 
0.71165 0.014855 
0.71198 0.014843 
0.71232 0.014832 
0.71266 0.014820 
0.71299 0.014808 
0.71333 0.014795 
0.71366 0.014783 
0.71400 0.014772 
0.71433 0.014760 
0.71467 0.014748 
0.71501 0.014736 
0.71534 0.014724 
0.71568 0.014713 
0.71601 0.014701 
0.71635 0.014688 
0.71668 0.014674 
0.71702 0.014662 
0.71735 0.014650 
0.71769 0.014639 
0.71803 0.014626 
0.71836 0.014614 
0.71870 0.014603 
0.71903 0.014591 
0.71937 0.014579 
0.71970 0.014568 
0.72004 0.014555 
0.72038 0.014543 
0.72071 0.014532 
0.72105 0.014520 
0.72138 0.014508 
0.72172 0.014497 
0.72205 0.014486 
0.72239 0.014474 
0.72273 0.014463 
0.72306 0.014451 
0.72340 0.014439 
0.72373 0.014427 
0.72407 0.014416 
0.72440 0.014404 
0.72474 0.014393 
0.72508 0.014382 
0.72541 0.014370 
0.72575 0.014358 
0.72608 0.014346 
0.72642 0.014335 
0.72675 0.014324 
0.72709 0.014312 
0.72743 0.014300 
0.72776 0.014289 
0.72810 0.014278 
0.72843 0.014266 
0.72877 0.014255 
0.72910 0.014244 
0.72944 0.014232 
0.72978 0.014221 
0.73011 0.014210 
0.73045 0.014198 
0.73078 0.014186 
0.73112 0.014174 
0.73145 0.014163 
0.73179 0.014152 
0.73212 0.014141 
0.73246 0.014130 
0.73280 0.014120 
0.73313 0.014109 
0.73347 0.014098 
0.73380 0.014086 
0.73414 0.014074 
0.73447 0.014063 
0.73481 0.014052 
0.73515 0.014041 
0.73548 0.014030 
0.73582 0.014019 
0.73615 0.014008 
0.73649 0.013997 
0.73682 0.013986 
0.73716 0.013975 
0.73750 0.013965 
0.73783 0.013953 
0.73817 0.013942 
0.73850 0.013931 
0.73884 0.013920 
0.73917 0.013909 
0.73951 0.013897 
0.73985 0.013886 
0.74018 0.013876 
0.74052 0.013865 
0.74085 0.013854 
0.74119 0.013843 
0.74152 0.013833 
0.74186 0.013821 
0.74220 0.013810 
0.74253 0.013799 
0.74287 0.013788 
0.74320 0.013778 
0.74354 0.013767 
0.74387 0.013756 
0.74421 0.013746 
0.74455 0.013735 
0.74488 0.013724 
0.74522 0.013713 
0.74555 0.013703 
0.74589 0.013692 
0.74622 0.013682 
0.74656 0.013671 
0.74689 0.013661 
0.74723 0.013650 
0.74757 0.013640 
0.74790 0.013629 
0.74824 0.013619 
0.74857 0.013608 
0.74891 0.013598 
0.74924 0.013587 
0.74958 0.013576 
0.74992 0.013566 
0.75025 0.013555 
0.75059 0.013545 
0.75092 0.013534 
0.75126 0.013524 
0.75159 0.013514 
0.75193 0.013503 
0.75227 0.013493 
0.75260 0.013483 
0.75294 0.013472 
0.75327 0.013461 
0.75361 0.013450 
0.75394 0.013440 
0.75428 0.013429 
0.75462 0.013418 
0.75495 0.013408 
0.75529 0.013397 
0.75562 0.013386 
0.75596 0.013376 
0.75629 0.013366 
0.75663 0.013355 
0.75697 0.013345 
0.75730 0.013335 
0.75764 0.013324 
0.75797 0.013314 
0.75831 0.013303 
0.75864 0.013293 
0.75898 0.013282 
0.75932 0.013272 
0.75965 0.013261 
0.75999 0.013251 
0.76032 0.013241 
0.76066 0.013230 
0.76099 0.013219 
0.76133 0.013209 
0.76166 0.013199 
0.76200 0.013188 
0.76234 0.013178 
0.76267 0.013168 
0.76301 0.013158 
0.76334 0.013147 
0.76368 0.013137 
0.76401 0.013127 
0.76435 0.013117 
0.76469 0.013107 
0.76502 0.013096 
0.76536 0.013086 
0.76569 0.013076 
0.76603 0.013066 
0.76636 0.013057 
0.76670 0.013047 
0.76704 0.013038 
0.76737 0.013027 
0.76771 0.013017 
0.76804 0.013007 
0.76838 0.012996 
0.76871 0.012987 
0.76905 0.012977 
0.76939 0.012967 
0.76972 0.012957 
0.77006 0.012947 
0.77039 0.012937 
0.77073 0.012927 
0.77106 0.012918 
0.77140 0.012908 
0.77174 0.012898 
0.77207 0.012888 
0.77241 0.012878 
0.77274 0.012868 
0.77308 0.012858 
0.77341 0.012849 
0.77375 0.012839 
0.77409 0.012830 
0.77442 0.012820 
0.77476 0.012810 
0.77509 0.012800 
0.77543 0.012791 
0.77576 0.012781 
0.77610 0.012772 
0.77644 0.012763 
0.77677 0.012753 
0.77711 0.012744 
0.77744 0.012734 
0.77778 0.012724 
0.77811 0.012714 
0.77845 0.012705 
0.77878 0.012696 
0.77912 0.012686 
0.77946 0.012676 
0.77979 0.012667 
0.78013 0.012657 
0.78046 0.012647 
0.78080 0.012638 
0.78113 0.012629 
0.78147 0.012620 
0.78181 0.012610 
0.78214 0.012601 
0.78248 0.012591 
0.78281 0.012582 
0.78315 0.012573 
0.78348 0.012563 
0.78382 0.012554 
0.78416 0.012544 
0.78449 0.012535 
0.78483 0.012526 
0.78516 0.012517 
0.78550 0.012507 
0.78583 0.012499 
0.78617 0.012490 
0.78651 0.012480 
0.78684 0.012471 
0.78718 0.012462 
0.78751 0.012453 
0.78785 0.012444 
0.78818 0.012435 
0.78852 0.012425 
0.78886 0.012416 
0.78919 0.012407 
0.78953 0.012398 
0.78986 0.012389 
0.79020 0.012380 
0.79053 0.012371 
0.79087 0.012361 
0.79121 0.012352 
0.79154 0.012343 
0.79188 0.012334 
0.79221 0.012325 
0.79255 0.012315 
0.79288 0.012306 
0.79322 0.012297 
0.79355 0.012288 
0.79389 0.012278 
0.79423 0.012269 
0.79456 0.012260 
0.79490 0.012250 
0.79523 0.012241 
0.79557 0.012232 
0.79590 0.012223 
0.79624 0.012213 
0.79658 0.012204 
0.79691 0.012196 
0.79725 0.012187 
0.79758 0.012178 
0.79792 0.012169 
0.79825 0.012160 
0.79859 0.012150 
0.79893 0.012141 
0.79926 0.012132 
0.79960 0.012123 
0.79993 0.012113 
0.80027 0.012104 
0.80060 0.012095 
0.80094 0.012087 
0.80128 0.012078 
0.80161 0.012069 
0.80195 0.012060 
0.80228 0.012051 
0.80262 0.012042 
0.80295 0.012033 
0.80329 0.012025 
0.80363 0.012015 
0.80396 0.012006 
0.80430 0.011997 
0.80463 0.011989 
0.80497 0.011980 
0.80530 0.011971 
0.80564 0.011962 
0.80598 0.011954 
0.80631 0.011945 
0.80665 0.011936 
0.80698 0.011928 
0.80732 0.011919 
0.80765 0.011910 
0.80799 0.011901 
0.80832 0.011892 
0.80866 0.011884 
0.80900 0.011875 
0.80933 0.011866 
0.80967 0.011858 
0.81000 0.011848 
0.81034 0.011840 
0.81067 0.011831 
0.81101 0.011822 
0.81135 0.011813 
0.81168 0.011804 
0.81202 0.011796 
0.81235 0.011787 
0.81269 0.011778 
0.81302 0.011769 
0.81336 0.011761 
0.81370 0.011752 
0.81403 0.011744 
0.81437 0.011735 
0.81470 0.011727 
0.81504 0.011718 
0.81537 0.011710 
0.81571 0.011701 
0.81605 0.011693 
0.81638 0.011684 
0.81672 0.011676 
0.81705 0.011667 
0.81739 0.011659 
0.81772 0.011650 
0.81806 0.011642 
0.81840 0.011634 
0.81873 0.011626 
0.81907 0.011617 
0.81940 0.011609 
0.81974 0.011601 
0.82007 0.011592 
0.82041 0.011584 
0.82075 0.011575 
0.82108 0.011567 
0.82142 0.011559 
0.82175 0.011551 
0.82209 0.011543 
0.82242 0.011534 
0.82276 0.011526 
0.82309 0.011518 
0.82343 0.011510 
0.82377 0.011502 
0.82410 0.011494 
0.82444 0.011486 
0.82477 0.011477 
0.82511 0.011469 
0.82544 0.011461 
0.82578 0.011453 
0.82612 0.011445 
0.82645 0.011437 
0.82679 0.011429 
0.82712 0.011421 
0.82746 0.011413 
0.82779 0.011405 
0.82813 0.011397 
0.82847 0.011388 
0.82880 0.011380 
0.82914 0.011372 
0.82947 0.011364 
0.82981 0.011356 
0.83014 0.011347 
0.83048 0.011340 
0.83082 0.011331 
0.83115 0.011323 
0.83149 0.011314 
0.83182 0.011306 
0.83216 0.011298 
0.83249 0.011290 
0.83283 0.011282 
0.83317 0.011274 
0.83350 0.011266 
0.83384 0.011257 
0.83417 0.011249 
0.83451 0.011241 
0.83484 0.011233 
0.83518 0.011225 
0.83552 0.011217 
0.83585 0.011208 
0.83619 0.011200 
0.83652 0.011192 
0.83686 0.011184 
0.83719 0.011176 
0.83753 0.011168 
0.83787 0.011161 
0.83820 0.011152 
0.83854 0.011144 
0.83887 0.011136 
0.83921 0.011128 
0.83954 0.011120 
0.83988 0.011112 
0.84021 0.011104 
0.84055 0.011096 
0.84089 0.011088 
0.84122 0.011080 
0.84156 0.011073 
0.84189 0.011065 
0.84223 0.011057 
0.84256 0.011049 
0.84290 0.011041 
0.84324 0.011034 
0.84357 0.011026 
0.84391 0.011018 
0.84424 0.011010 
0.84458 0.011003 
0.84491 0.010995 
0.84525 0.010987 
0.84559 0.010979 
0.84592 0.010971 
0.84626 0.010963 
0.84659 0.010955 
0.84693 0.010948 
0.84726 0.010940 
0.84760 0.010932 
0.84794 0.010925 
0.84827 0.010917 
0.84861 0.010909 
0.84894 0.010901 
0.84928 0.010893 
0.84961 0.010886 
0.84995 0.010878 
0.85029 0.010870 
0.85062 0.010862 
0.85096 0.010855 
0.85129 0.010847 
0.85163 0.010840 
0.85196 0.010832 
0.85230 0.010825 
0.85264 0.010817 
0.85297 0.010810 
0.85331 0.010802 
0.85364 0.010795 
0.85398 0.010787 
0.85431 0.010780 
0.85465 0.010772 
0.85498 0.010765 
0.85532 0.010757 
0.85566 0.010750 
0.85599 0.010742 
0.85633 0.010735 
0.85666 0.010727 
0.85700 0.010719 
0.85733 0.010712 
0.85767 0.010705 
0.85801 0.010697 
0.85834 0.010690 
0.85868 0.010682 
0.85901 0.010674 
0.85935 0.010667 
0.85968 0.010660 
0.86002 0.010652 
0.86036 0.010645 
0.86069 0.010637 
0.86103 0.010630 
0.86136 0.010622 
0.86170 0.010615 
0.86203 0.010607 
0.86237 0.010600 
0.86271 0.010592 
0.86304 0.010585 
0.86338 0.010577 
0.86371 0.010570 
0.86405 0.010562 
0.86438 0.010555 
0.86472 0.010548 
0.86506 0.010541 
0.86539 0.010533 
0.86573 0.010525 
0.86606 0.010518 
0.86640 0.010510 
0.86673 0.010503 
0.86707 0.010495 
0.86741 0.010488 
0.86774 0.010481 
0.86808 0.010473 
0.86841 0.010466 
0.86875 0.010458 
0.86908 0.010451 
0.86942 0.010443 
0.86975 0.010436 
0.87009 0.010428 
0.87043 0.010421 
0.87076 0.010414 
0.87110 0.010406 
0.87143 0.010399 
0.87177 0.010392 
0.87210 0.010384 
0.87244 0.010377 
0.87278 0.010370 
0.87311 0.010362 
0.87345 0.010355 
0.87378 0.010348 
0.87412 0.010340 
0.87445 0.010333 
0.87479 0.010326 
0.87513 0.010319 
0.87546 0.010312 
0.87580 0.010304 
0.87613 0.010297 
0.87647 0.010290 
0.87680 0.010283 
0.87714 0.010276 
0.87748 0.010269 
0.87781 0.010261 
0.87815 0.010254 
0.87848 0.010247 
0.87882 0.010240 
0.87915 0.010233 
0.87949 0.010226 
0.87983 0.010219 
0.88016 0.010212 
0.88050 0.010205 
0.88083 0.010198 
0.88117 0.010190 
0.88150 0.010184 
0.88184 0.010176 
0.88218 0.010170 
0.88251 0.010162 
0.88285 0.010156 
0.88318 0.010148 
0.88352 0.010142 
0.88385 0.010134 
0.88419 0.010128 
0.88453 0.010120 
0.88486 0.010114 
0.88520 0.010107 
0.88553 0.010099 
0.88587 0.010092 
0.88620 0.010086 
0.88654 0.010079 
0.88687 0.010072 
0.88721 0.010065 
0.88755 0.010058 
0.88788 0.010051 
0.88822 0.010044 
0.88855 0.010037 
0.88889 0.010031 
0.88922 0.010024 
0.88956 0.010017 
0.88990 0.010010 
0.89023 0.010003 
0.89057 0.009996 
0.89090 0.009989 
0.89124 0.009982 
0.89157 0.009975 
0.89191 0.009968 
0.89225 0.009961 
0.89258 0.009955 
0.89292 0.009948 
0.89325 0.009941 
0.89359 0.009934 
0.89392 0.009927 
0.89426 0.009921 
0.89460 0.009914 
0.89493 0.009907 
0.89527 0.009900 
0.89560 0.009894 
0.89594 0.009887 
0.89627 0.009880 
0.89661 0.009874 
0.89695 0.009867 
0.89728 0.009860 
0.89762 0.009853 
0.89795 0.009846 
0.89829 0.009840 
0.89862 0.009833 
0.89896 0.009826 
0.89930 0.009820 
0.89963 0.009813 
0.89997 0.009806 
0.90030 0.009799 
0.90064 0.009793 
0.90097 0.009786 
0.90131 0.009779 
0.90164 0.009772 
0.90198 0.009765 
0.90232 0.009759 
0.90265 0.009752 
0.90299 0.009745 
0.90332 0.009739 
0.90366 0.009732 
0.90399 0.009725 
0.90433 0.009718 
0.90467 0.009711 
0.90500 0.009705 
0.90534 0.009698 
0.90567 0.009691 
0.90601 0.009685 
0.90634 0.009678 
0.90668 0.009672 
0.90702 0.009665 
0.90735 0.009658 
0.90769 0.009652 
0.90802 0.009645 
0.90836 0.009639 
0.90869 0.009632 
0.90903 0.009626 
0.90937 0.009619 
0.90970 0.009613 
0.91004 0.009606 
0.91037 0.009599 
0.91071 0.009593 
0.91104 0.009586 
0.91138 0.009580 
0.91172 0.009573 
0.91205 0.009567 
0.91239 0.009560 
0.91272 0.009554 
0.91306 0.009547 
0.91339 0.009541 
0.91373 0.009535 
0.91407 0.009528 
0.91440 0.009522 
0.91474 0.009516 
0.91507 0.009509 
0.91541 0.009503 
0.91574 0.009496 
0.91608 0.009490 
0.91641 0.009484 
0.91675 0.009477 
0.91709 0.009471 
0.91742 0.009464 
0.91776 0.009458 
0.91809 0.009452 
0.91843 0.009445 
0.91876 0.009439 
0.91910 0.009433 
0.91944 0.009426 
0.91977 0.009420 
0.92011 0.009414 
0.92044 0.009408 
0.92078 0.009401 
0.92111 0.009395 
0.92145 0.009389 
0.92179 0.009382 
0.92212 0.009376 
0.92246 0.009370 
0.92279 0.009364 
0.92313 0.009357 
0.92346 0.009351 
0.92380 0.009345 
0.92414 0.009339 
0.92447 0.009333 
0.92481 0.009327 
0.92514 0.009320 
0.92548 0.009314 
0.92581 0.009308 
0.92615 0.009301 
0.92649 0.009295 
0.92682 0.009289 
0.92716 0.009283 
0.92749 0.009277 
0.92783 0.009270 
0.92816 0.009264 
0.92850 0.009258 
0.92884 0.009252 
0.92917 0.009246 
0.92951 0.009240 
0.92984 0.009233 
0.93018 0.009227 
0.93051 0.009221 
0.93085 0.009214 
0.93118 0.009208 
0.93152 0.009202 
0.93186 0.009195 
0.93219 0.009189 
0.93253 0.009182 
0.93286 0.009176 
0.93320 0.009170 
0.93353 0.009163 
0.93387 0.009157 
0.93421 0.009151 
0.93454 0.009144 
0.93488 0.009138 
0.93521 0.009132 
0.93555 0.009126 
0.93588 0.009120 
0.93622 0.009113 
0.93656 0.009107 
0.93689 0.009101 
0.93723 0.009095 
0.93756 0.009089 
0.93790 0.009082 
0.93823 0.009076 
0.93857 0.009070 
0.93891 0.009064 
0.93924 0.009058 
0.93958 0.009052 
0.93991 0.009045 
0.94025 0.009039 
0.94058 0.009033 
0.94092 0.009027 
0.94126 0.009021 
0.94159 0.009015 
0.94193 0.009008 
0.94226 0.009002 
0.94260 0.008996 
0.94293 0.008990 
0.94327 0.008984 
0.94361 0.008978 
0.94394 0.008972 
0.94428 0.008966 
0.94461 0.008960 
0.94495 0.008954 
0.94528 0.008948 
0.94562 0.008942 
0.94596 0.008935 
0.94629 0.008929 
0.94663 0.008923 
0.94696 0.008917 
0.94730 0.008911 
0.94763 0.008905 
0.94797 0.008899 
0.94830 0.008893 
0.94864 0.008887 
0.94898 0.008881 
0.94931 0.008875 
0.94965 0.008869 
0.94998 0.008863 
0.95032 0.008857 
0.95065 0.008851 
0.95099 0.008845 
0.95133 0.008839 
0.95166 0.008833 
0.95200 0.008827 
0.95233 0.008822 
0.95267 0.008816 
0.95300 0.008810 
0.95334 0.008804 
0.95368 0.008798 
0.95401 0.008792 
0.95435 0.008786 
0.95468 0.008780 
0.95502 0.008775 
0.95535 0.008769 
0.95569 0.008763 
0.95603 0.008757 
0.95636 0.008751 
0.95670 0.008745 
0.95703 0.008740 
0.95737 0.008734 
0.95770 0.008728 
0.95804 0.008722 
0.95838 0.008716 
0.95871 0.008710 
0.95905 0.008704 
0.95938 0.008699 
0.95972 0.008693 
0.96005 0.008687 
0.96039 0.008681 
0.96073 0.008675 
0.96106 0.008669 
0.96140 0.008664 
0.96173 0.008658 
0.96207 0.008652 
0.96240 0.008647 
0.96274 0.008641 
0.96307 0.008635 
0.96341 0.008630 
0.96375 0.008624 
0.96408 0.008618 
0.96442 0.008613 
0.96475 0.008607 
0.96509 0.008601 
0.96542 0.008596 
0.96576 0.008590 
0.96610 0.008584 
0.96643 0.008579 
0.96677 0.008573 
0.96710 0.008567 
0.96744 0.008561 
0.96777 0.008556 
0.96811 0.008550 
0.96845 0.008545 
0.96878 0.008539 
0.96912 0.008533 
0.96945 0.008528 
0.96979 0.008522 
0.97012 0.008516 
0.97046 0.008511 
0.97080 0.008505 
0.97113 0.008500 
0.97147 0.008494 
0.97180 0.008488 
0.97214 0.008483 
0.97247 0.008477 
0.97281 0.008471 
0.97315 0.008466 
0.97348 0.008460 
0.97382 0.008455 
0.97415 0.008449 
0.97449 0.008443 
0.97482 0.008438 
0.97516 0.008432 
0.97550 0.008427 
0.97583 0.008421 
0.97617 0.008416 
0.97650 0.008410 
0.97684 0.008405 
0.97717 0.008399 
0.97751 0.008393 
0.97784 0.008388 
0.97818 0.008382 
0.97852 0.008377 
0.97885 0.008371 
0.97919 0.008366 
0.97952 0.008360 
0.97986 0.008355 
0.98019 0.008349 
0.98053 0.008344 
0.98087 0.008338 
0.98120 0.008333 
0.98154 0.008328 
0.98187 0.008322 
0.98221 0.008317 
0.98254 0.008311 
0.98288 0.008306 
0.98322 0.008300 
0.98355 0.008295 
0.98389 0.008289 
0.98422 0.008284 
0.98456 0.008279 
0.98489 0.008273 
0.98523 0.008268 
0.98557 0.008262 
0.98590 0.008257 
0.98624 0.008251 
0.98657 0.008246 
0.98691 0.008241 
0.98724 0.008235 
0.98758 0.008230 
0.98792 0.008224 
0.98825 0.008219 
0.98859 0.008214 
0.98892 0.008208 
0.98926 0.008203 
0.98959 0.008198 
0.98993 0.008192 
0.99027 0.008187 
0.99060 0.008182 
0.99094 0.008176 
0.99127 0.008171 
0.99161 0.008166 
0.99194 0.008161 
0.99228 0.008155 
0.99261 0.008150 
0.99295 0.008145 
0.99329 0.008139 
0.99362 0.008134 
0.99396 0.008129 
0.99429 0.008124 
0.99463 0.008118 
0.99496 0.008113 
0.99530 0.008108 
0.99564 0.008103 
0.99597 0.008097 
0.99631 0.008092 
0.99664 0.008087 
0.99698 0.008082 
0.99731 0.008077 
0.99765 0.008071 
0.99799 0.008066 
0.99832 0.008061 
0.99866 0.008056 
0.99899 0.008051 
0.99933 0.008045 
0.99966 0.008040 
1.00000 0.008035 
