1 1
0.00067 1.000000 
0.00100 1.000000 
0.00133 1.000000 
0.00167 1.000000 
0.00200 1.000000 
0.00234 1.000000 
0.00267 1.000000 
0.00300 1.000000 
0.00334 1.000000 
0.00367 1.000000 
0.00400 1.000000 
0.00434 1.000000 
0.00467 1.000000 
0.00501 1.000000 
0.00534 1.000000 
0.00567 1.000000 
0.00601 1.000000 
0.00634 1.000000 
0.00667 1.000000 
0.00701 1.000000 
0.00734 1.000000 
0.00767 1.000000 
0.00801 1.000000 
0.00834 1.000000 
0.00868 1.000000 
0.00901 1.000000 
0.00934 1.000000 
0.00968 1.000000 
0.01001 1.000000 
0.01034 1.000000 
0.01068 1.000000 
0.01101 1.000000 
0.01134 1.000000 
0.01168 1.000000 
0.01201 1.000000 
0.01235 1.000000 
0.01268 1.000000 
0.01301 1.000000 
0.01335 1.000000 
0.01368 1.000000 
0.01401 1.000000 
0.01435 1.000000 
0.01468 1.000000 
0.01502 1.000000 
0.01535 0.999034 
0.01568 0.999075 
0.01602 0.999113 
0.01635 0.999150 
0.01668 0.999184 
0.01702 0.998431 
0.01735 0.994721 
0.01768 0.994194 
0.01802 0.993012 
0.01835 0.992593 
0.01869 0.991558 
0.01902 0.986842 
0.01935 0.984271 
0.01969 0.984220 
0.02002 0.982486 
0.02035 0.982514 
0.02069 0.982020 
0.02102 0.980031 
0.02135 0.979167 
0.02169 0.978846 
0.02202 0.977156 
0.02236 0.974220 
0.02269 0.972783 
0.02302 0.968883 
0.02336 0.967288 
0.02369 0.966600 
0.02402 0.966354 
0.02436 0.966134 
0.02469 0.965568 
0.02503 0.961802 
0.02536 0.958947 
0.02569 0.956938 
0.02603 0.953380 
0.02636 0.951639 
0.02669 0.949051 
0.02703 0.946605 
0.02736 0.945197 
0.02769 0.942698 
0.02803 0.942628 
0.02836 0.938375 
0.02870 0.935157 
0.02903 0.932104 
0.02936 0.927116 
0.02970 0.925434 
0.03003 0.921348 
0.03036 0.917216 
0.03070 0.913760 
0.03103 0.912576 
0.03136 0.910776 
0.03170 0.908623 
0.03203 0.903728 
0.03237 0.901632 
0.03270 0.899432 
0.03303 0.896310 
0.03337 0.892525 
0.03370 0.890297 
0.03403 0.887789 
0.03437 0.883114 
0.03470 0.879014 
0.03504 0.875458 
0.03537 0.872776 
0.03570 0.869688 
0.03604 0.867428 
0.03637 0.863914 
0.03670 0.860384 
0.03704 0.852744 
0.03737 0.849421 
0.03770 0.846239 
0.03804 0.843658 
0.03837 0.838596 
0.03871 0.835982 
0.03904 0.832891 
0.03937 0.828191 
0.03971 0.826236 
0.04004 0.821569 
0.04037 0.816942 
0.04071 0.813033 
0.04104 0.808743 
0.04137 0.806714 
0.04171 0.800903 
0.04204 0.795429 
0.04238 0.790401 
0.04271 0.787771 
0.04304 0.782703 
0.04338 0.780083 
0.04371 0.772989 
0.04404 0.767870 
0.04438 0.761905 
0.04471 0.758950 
0.04505 0.756882 
0.04538 0.753922 
0.04571 0.747853 
0.04605 0.746112 
0.04638 0.743510 
0.04671 0.737307 
0.04705 0.733232 
0.04738 0.730996 
0.04771 0.727667 
0.04805 0.725913 
0.04838 0.720690 
0.04872 0.716863 
0.04905 0.714099 
0.04938 0.711896 
0.04972 0.708779 
0.05005 0.705056 
0.05038 0.701280 
0.05072 0.697281 
0.05105 0.693928 
0.05138 0.688651 
0.05172 0.683955 
0.05205 0.680480 
0.05239 0.676057 
0.05272 0.674434 
0.05305 0.671523 
0.05339 0.668553 
0.05372 0.666770 
0.05405 0.664520 
0.05439 0.660683 
0.05472 0.658088 
0.05506 0.654915 
0.05539 0.652136 
0.05572 0.648510 
0.05606 0.645138 
0.05639 0.643068 
0.05672 0.640515 
0.05706 0.637564 
0.05739 0.635523 
0.05772 0.634091 
0.05806 0.631054 
0.05839 0.629031 
0.05873 0.625390 
0.05906 0.622111 
0.05939 0.618866 
0.05973 0.615718 
0.06006 0.611918 
0.06039 0.608594 
0.06073 0.606642 
0.06106 0.603255 
0.06139 0.600083 
0.06173 0.596240 
0.06206 0.592618 
0.06240 0.590420 
0.06273 0.587382 
0.06306 0.584431 
0.06340 0.582568 
0.06373 0.579994 
0.06406 0.577116 
0.06440 0.575453 
0.06473 0.573046 
0.06507 0.570605 
0.06540 0.567975 
0.06573 0.565109 
0.06607 0.562375 
0.06640 0.559819 
0.06673 0.556734 
0.06707 0.552736 
0.06740 0.549973 
0.06773 0.546847 
0.06807 0.544190 
0.06840 0.542468 
0.06874 0.539238 
0.06907 0.535997 
0.06940 0.533863 
0.06974 0.531745 
0.07007 0.528913 
0.07040 0.527375 
0.07074 0.525709 
0.07107 0.523253 
0.07140 0.520951 
0.07174 0.518235 
0.07207 0.516193 
0.07241 0.514465 
0.07274 0.511563 
0.07307 0.508860 
0.07341 0.505313 
0.07374 0.502921 
0.07407 0.501243 
0.07441 0.498768 
0.07474 0.496076 
0.07508 0.493929 
0.07541 0.491131 
0.07574 0.489026 
0.07608 0.486359 
0.07641 0.483720 
0.07674 0.481564 
0.07708 0.479353 
0.07741 0.476862 
0.07774 0.474545 
0.07808 0.472250 
0.07841 0.469795 
0.07875 0.467400 
0.07908 0.465029 
0.07941 0.462859 
0.07975 0.460532 
0.08008 0.458403 
0.08041 0.456535 
0.08075 0.454443 
0.08108 0.452029 
0.08141 0.450145 
0.08175 0.448344 
0.08208 0.446325 
0.08242 0.444192 
0.08275 0.442406 
0.08308 0.440148 
0.08342 0.437944 
0.08375 0.435857 
0.08408 0.433757 
0.08442 0.431426 
0.08475 0.429430 
0.08509 0.427204 
0.08542 0.425398 
0.08575 0.423669 
0.08609 0.420988 
0.08642 0.419054 
0.08675 0.416988 
0.08709 0.415444 
0.08742 0.413442 
0.08775 0.411517 
0.08809 0.409811 
0.08842 0.407490 
0.08876 0.405504 
0.08909 0.403565 
0.08942 0.401923 
0.08976 0.400516 
0.09009 0.398651 
0.09042 0.397376 
0.09076 0.395567 
0.09109 0.394015 
0.09142 0.392129 
0.09176 0.390285 
0.09209 0.388643 
0.09243 0.387014 
0.09276 0.385295 
0.09309 0.383358 
0.09343 0.381157 
0.09376 0.379487 
0.09409 0.378158 
0.09443 0.376287 
0.09476 0.374583 
0.09510 0.372696 
0.09543 0.371071 
0.09576 0.369947 
0.09610 0.368273 
0.09643 0.367383 
0.09676 0.365947 
0.09710 0.364048 
0.09743 0.362684 
0.09776 0.360910 
0.09810 0.359198 
0.09843 0.357477 
0.09877 0.355680 
0.09910 0.353877 
0.09943 0.352157 
0.09977 0.350340 
0.10010 0.348696 
0.10043 0.347243 
0.10077 0.345779 
0.10110 0.344415 
0.10143 0.342843 
0.10177 0.341264 
0.10210 0.339676 
0.10244 0.337804 
0.10277 0.336330 
0.10310 0.334741 
0.10344 0.333208 
0.10377 0.331874 
0.10410 0.330777 
0.10444 0.329278 
0.10477 0.328117 
0.10511 0.326681 
0.10544 0.325497 
0.10577 0.324442 
0.10611 0.323155 
0.10644 0.322155 
0.10677 0.320748 
0.10711 0.319607 
0.10744 0.318260 
0.10777 0.317039 
0.10811 0.315694 
0.10844 0.314264 
0.10878 0.312600 
0.10911 0.311439 
0.10944 0.310155 
0.10978 0.308955 
0.11011 0.307783 
0.11044 0.306729 
0.11078 0.305391 
0.11111 0.304154 
0.11144 0.302764 
0.11178 0.301582 
0.11211 0.300426 
0.11245 0.299332 
0.11278 0.298176 
0.11311 0.297027 
0.11345 0.295870 
0.11378 0.294773 
0.11411 0.293615 
0.11445 0.292688 
0.11478 0.291528 
0.11512 0.290260 
0.11545 0.289017 
0.11578 0.287751 
0.11612 0.286512 
0.11645 0.285512 
0.11678 0.284486 
0.11712 0.283272 
0.11745 0.282246 
0.11778 0.281258 
0.11812 0.280277 
0.11845 0.279351 
0.11879 0.278335 
0.11912 0.277075 
0.11945 0.276043 
0.11979 0.274832 
0.12012 0.273816 
0.12045 0.272607 
0.12079 0.271713 
0.12112 0.270673 
0.12145 0.269866 
0.12179 0.268749 
0.12212 0.267745 
0.12246 0.266643 
0.12279 0.265682 
0.12312 0.264537 
0.12346 0.263459 
0.12379 0.262373 
0.12412 0.261296 
0.12446 0.260284 
0.12479 0.259408 
0.12513 0.258267 
0.12546 0.257277 
0.12579 0.256279 
0.12613 0.255330 
0.12646 0.254206 
0.12679 0.253298 
0.12713 0.252134 
0.12746 0.251171 
0.12779 0.250448 
0.12813 0.249633 
0.12846 0.248755 
0.12880 0.247884 
0.12913 0.247058 
0.12946 0.246171 
0.12980 0.245276 
0.13013 0.244176 
0.13046 0.243295 
0.13080 0.242497 
0.13113 0.241574 
0.13146 0.240645 
0.13180 0.239825 
0.13213 0.238857 
0.13247 0.237908 
0.13280 0.237118 
0.13313 0.236370 
0.13347 0.235414 
0.13380 0.234539 
0.13413 0.233645 
0.13447 0.232658 
0.13480 0.231875 
0.13514 0.231145 
0.13547 0.230177 
0.13580 0.229203 
0.13614 0.228405 
0.13647 0.227731 
0.13680 0.226895 
0.13714 0.226135 
0.13747 0.225403 
0.13780 0.224582 
0.13814 0.223942 
0.13847 0.223095 
0.13881 0.222173 
0.13914 0.221407 
0.13947 0.220497 
0.13981 0.219822 
0.14014 0.218945 
0.14047 0.218188 
0.14081 0.217312 
0.14114 0.216542 
0.14147 0.215710 
0.14181 0.214972 
0.14214 0.214107 
0.14248 0.213434 
0.14281 0.212743 
0.14314 0.211860 
0.14348 0.211210 
0.14381 0.210392 
0.14414 0.209601 
0.14448 0.208975 
0.14481 0.208235 
0.14515 0.207469 
0.14548 0.206812 
0.14581 0.206149 
0.14615 0.205500 
0.14648 0.204772 
0.14681 0.204069 
0.14715 0.203484 
0.14748 0.202902 
0.14781 0.202200 
0.14815 0.201493 
0.14848 0.200931 
0.14882 0.200262 
0.14915 0.199577 
0.14948 0.198875 
0.14982 0.198248 
0.15015 0.197535 
0.15048 0.197004 
0.15082 0.196289 
0.15115 0.195599 
0.15148 0.195038 
0.15182 0.194394 
0.15215 0.193811 
0.15249 0.193146 
0.15282 0.192532 
0.15315 0.191883 
0.15349 0.191248 
0.15382 0.190625 
0.15415 0.190035 
0.15449 0.189392 
0.15482 0.188864 
0.15516 0.188283 
0.15549 0.187558 
0.15582 0.186930 
0.15616 0.186332 
0.15649 0.185720 
0.15682 0.185102 
0.15716 0.184569 
0.15749 0.183931 
0.15782 0.183287 
0.15816 0.182710 
0.15849 0.182199 
0.15883 0.181681 
0.15916 0.181051 
0.15949 0.180355 
0.15983 0.179733 
0.16016 0.179228 
0.16049 0.178690 
0.16083 0.178139 
0.16116 0.177573 
0.16149 0.176933 
0.16183 0.176357 
0.16216 0.175809 
0.16250 0.175256 
0.16283 0.174706 
0.16316 0.174193 
0.16350 0.173691 
0.16383 0.173149 
0.16416 0.172644 
0.16450 0.172166 
0.16483 0.171666 
0.16517 0.171145 
0.16550 0.170585 
0.16583 0.170036 
0.16617 0.169483 
0.16650 0.168916 
0.16683 0.168401 
0.16717 0.167880 
0.16750 0.167418 
0.16783 0.166871 
0.16817 0.166367 
0.16850 0.165881 
0.16884 0.165437 
0.16917 0.164955 
0.16950 0.164430 
0.16984 0.163947 
0.17017 0.163489 
0.17050 0.162948 
0.17084 0.162495 
0.17117 0.161961 
0.17150 0.161444 
0.17184 0.161029 
0.17217 0.160586 
0.17251 0.160099 
0.17284 0.159645 
0.17317 0.159157 
0.17351 0.158685 
0.17384 0.158172 
0.17417 0.157684 
0.17451 0.157198 
0.17484 0.156766 
0.17518 0.156292 
0.17551 0.155785 
0.17584 0.155280 
0.17618 0.154857 
0.17651 0.154401 
0.17684 0.153997 
0.17718 0.153566 
0.17751 0.153130 
0.17784 0.152682 
0.17818 0.152202 
0.17851 0.151717 
0.17885 0.151255 
0.17918 0.150796 
0.17951 0.150374 
0.17985 0.149927 
0.18018 0.149577 
0.18051 0.149134 
0.18085 0.148747 
0.18118 0.148349 
0.18151 0.147905 
0.18185 0.147497 
0.18218 0.147091 
0.18252 0.146647 
0.18285 0.146239 
0.18318 0.145826 
0.18352 0.145375 
0.18385 0.145012 
0.18418 0.144625 
0.18452 0.144187 
0.18485 0.143804 
0.18519 0.143442 
0.18552 0.143029 
0.18585 0.142658 
0.18619 0.142262 
0.18652 0.141843 
0.18685 0.141477 
0.18719 0.141075 
0.18752 0.140712 
0.18785 0.140370 
0.18819 0.139954 
0.18852 0.139585 
0.18886 0.139191 
0.18919 0.138750 
0.18952 0.138318 
0.18986 0.137881 
0.19019 0.137496 
0.19052 0.137149 
0.19086 0.136798 
0.19119 0.136394 
0.19152 0.136016 
0.19186 0.135646 
0.19219 0.135272 
0.19253 0.134863 
0.19286 0.134516 
0.19319 0.134153 
0.19353 0.133786 
0.19386 0.133426 
0.19419 0.133080 
0.19453 0.132759 
0.19486 0.132369 
0.19520 0.131963 
0.19553 0.131618 
0.19586 0.131210 
0.19620 0.130828 
0.19653 0.130441 
0.19686 0.130045 
0.19720 0.129714 
0.19753 0.129356 
0.19786 0.128954 
0.19820 0.128582 
0.19853 0.128240 
0.19887 0.127900 
0.19920 0.127545 
0.19953 0.127197 
0.19987 0.126873 
0.20020 0.126516 
0.20053 0.126167 
0.20087 0.125842 
0.20120 0.125486 
0.20153 0.125119 
0.20187 0.124793 
0.20220 0.124458 
0.20254 0.124135 
0.20287 0.123792 
0.20320 0.123455 
0.20354 0.123126 
0.20387 0.122830 
0.20420 0.122471 
0.20454 0.122141 
0.20487 0.121818 
0.20521 0.121506 
0.20554 0.121191 
0.20587 0.120924 
0.20621 0.120622 
0.20654 0.120274 
0.20687 0.119954 
0.20721 0.119635 
0.20754 0.119349 
0.20787 0.119043 
0.20821 0.118770 
0.20854 0.118451 
0.20888 0.118165 
0.20921 0.117834 
0.20954 0.117540 
0.20988 0.117227 
0.21021 0.116930 
0.21054 0.116620 
0.21088 0.116316 
0.21121 0.116044 
0.21154 0.115757 
0.21188 0.115452 
0.21221 0.115164 
0.21255 0.114891 
0.21288 0.114614 
0.21321 0.114285 
0.21355 0.113987 
0.21388 0.113690 
0.21421 0.113403 
0.21455 0.113123 
0.21488 0.112859 
0.21522 0.112591 
0.21555 0.112329 
0.21588 0.112044 
0.21622 0.111765 
0.21655 0.111515 
0.21688 0.111272 
0.21722 0.111001 
0.21755 0.110731 
0.21788 0.110434 
0.21822 0.110134 
0.21855 0.109868 
0.21889 0.109575 
0.21922 0.109283 
0.21955 0.108997 
0.21989 0.108726 
0.22022 0.108470 
0.22055 0.108215 
0.22089 0.107934 
0.22122 0.107686 
0.22155 0.107430 
0.22189 0.107161 
0.22222 0.106875 
0.22256 0.106604 
0.22289 0.106339 
0.22322 0.106070 
0.22356 0.105830 
0.22389 0.105585 
0.22422 0.105311 
0.22456 0.105069 
0.22489 0.104836 
0.22523 0.104583 
0.22556 0.104352 
0.22589 0.104092 
0.22623 0.103824 
0.22656 0.103575 
0.22689 0.103327 
0.22723 0.103066 
0.22756 0.102829 
0.22789 0.102575 
0.22823 0.102313 
0.22856 0.102083 
0.22890 0.101832 
0.22923 0.101608 
0.22956 0.101346 
0.22990 0.101124 
0.23023 0.100881 
0.23056 0.100627 
0.23090 0.100382 
0.23123 0.100138 
0.23156 0.099896 
0.23190 0.099650 
0.23223 0.099400 
0.23257 0.099165 
0.23290 0.098934 
0.23323 0.098721 
0.23357 0.098459 
0.23390 0.098223 
0.23423 0.097996 
0.23457 0.097782 
0.23490 0.097541 
0.23524 0.097316 
0.23557 0.097101 
0.23590 0.096882 
0.23624 0.096641 
0.23657 0.096428 
0.23690 0.096208 
0.23724 0.095997 
0.23757 0.095794 
0.23790 0.095573 
0.23824 0.095380 
0.23857 0.095148 
0.23891 0.094917 
0.23924 0.094695 
0.23957 0.094478 
0.23991 0.094250 
0.24024 0.094043 
0.24057 0.093836 
0.24091 0.093610 
0.24124 0.093417 
0.24157 0.093193 
0.24191 0.092966 
0.24224 0.092748 
0.24258 0.092554 
0.24291 0.092352 
0.24324 0.092159 
0.24358 0.091948 
0.24391 0.091719 
0.24424 0.091528 
0.24458 0.091338 
0.24491 0.091145 
0.24525 0.090938 
0.24558 0.090739 
0.24591 0.090548 
0.24625 0.090335 
0.24658 0.090120 
0.24691 0.089921 
0.24725 0.089714 
0.24758 0.089542 
0.24791 0.089341 
0.24825 0.089133 
0.24858 0.088944 
0.24892 0.088735 
0.24925 0.088529 
0.24958 0.088346 
0.24992 0.088139 
0.25025 0.087950 
0.25058 0.087751 
0.25092 0.087550 
0.25125 0.087353 
0.25158 0.087153 
0.25192 0.086964 
0.25225 0.086765 
0.25259 0.086550 
0.25292 0.086360 
0.25325 0.086164 
0.25359 0.085972 
0.25392 0.085794 
0.25425 0.085597 
0.25459 0.085424 
0.25492 0.085231 
0.25526 0.085060 
0.25559 0.084865 
0.25592 0.084688 
0.25626 0.084501 
0.25659 0.084329 
0.25692 0.084140 
0.25726 0.083956 
0.25759 0.083765 
0.25792 0.083585 
0.25826 0.083393 
0.25859 0.083224 
0.25893 0.083056 
0.25926 0.082876 
0.25959 0.082712 
0.25993 0.082536 
0.26026 0.082357 
0.26059 0.082166 
0.26093 0.081976 
0.26126 0.081789 
0.26159 0.081620 
0.26193 0.081457 
0.26226 0.081286 
0.26260 0.081102 
0.26293 0.080925 
0.26326 0.080742 
0.26360 0.080567 
0.26393 0.080414 
0.26426 0.080249 
0.26460 0.080088 
0.26493 0.079909 
0.26527 0.079736 
0.26560 0.079580 
0.26593 0.079403 
0.26627 0.079229 
0.26660 0.079081 
0.26693 0.078908 
0.26727 0.078742 
0.26760 0.078565 
0.26793 0.078387 
0.26827 0.078239 
0.26860 0.078066 
0.26894 0.077903 
0.26927 0.077738 
0.26960 0.077576 
0.26994 0.077421 
0.27027 0.077264 
0.27060 0.077097 
0.27094 0.076935 
0.27127 0.076770 
0.27160 0.076611 
0.27194 0.076460 
0.27227 0.076296 
0.27261 0.076133 
0.27294 0.075977 
0.27327 0.075816 
0.27361 0.075654 
0.27394 0.075506 
0.27427 0.075346 
0.27461 0.075207 
0.27494 0.075048 
0.27528 0.074893 
0.27561 0.074732 
0.27594 0.074575 
0.27628 0.074415 
0.27661 0.074264 
0.27694 0.074112 
0.27728 0.073962 
0.27761 0.073822 
0.27794 0.073685 
0.27828 0.073523 
0.27861 0.073384 
0.27895 0.073240 
0.27928 0.073088 
0.27961 0.072931 
0.27995 0.072788 
0.28028 0.072629 
0.28061 0.072485 
0.28095 0.072352 
0.28128 0.072206 
0.28161 0.072063 
0.28195 0.071917 
0.28228 0.071784 
0.28262 0.071642 
0.28295 0.071498 
0.28328 0.071352 
0.28362 0.071209 
0.28395 0.071069 
0.28428 0.070927 
0.28462 0.070789 
0.28495 0.070642 
0.28529 0.070504 
0.28562 0.070364 
0.28595 0.070230 
0.28629 0.070093 
0.28662 0.069952 
0.28695 0.069816 
0.28729 0.069678 
0.28762 0.069541 
0.28795 0.069407 
0.28829 0.069275 
0.28862 0.069142 
0.28896 0.069012 
0.28929 0.068879 
0.28962 0.068758 
0.28996 0.068629 
0.29029 0.068500 
0.29062 0.068364 
0.29096 0.068233 
0.29129 0.068095 
0.29162 0.067958 
0.29196 0.067826 
0.29229 0.067689 
0.29263 0.067561 
0.29296 0.067444 
0.29329 0.067308 
0.29363 0.067179 
0.29396 0.067052 
0.29429 0.066931 
0.29463 0.066797 
0.29496 0.066666 
0.29530 0.066536 
0.29563 0.066414 
0.29596 0.066295 
0.29630 0.066168 
0.29663 0.066050 
0.29696 0.065932 
0.29730 0.065804 
0.29763 0.065682 
0.29796 0.065557 
0.29830 0.065433 
0.29863 0.065314 
0.29897 0.065191 
0.29930 0.065071 
0.29963 0.064946 
0.29997 0.064823 
0.30030 0.064702 
0.30063 0.064585 
0.30097 0.064471 
0.30130 0.064363 
0.30163 0.064243 
0.30197 0.064128 
0.30230 0.064010 
0.30264 0.063891 
0.30297 0.063760 
0.30330 0.063642 
0.30364 0.063523 
0.30397 0.063411 
0.30430 0.063296 
0.30464 0.063191 
0.30497 0.063074 
0.30531 0.062953 
0.30564 0.062827 
0.30597 0.062709 
0.30631 0.062596 
0.30664 0.062477 
0.30697 0.062376 
0.30731 0.062253 
0.30764 0.062139 
0.30797 0.062021 
0.30831 0.061910 
0.30864 0.061790 
0.30898 0.061671 
0.30931 0.061549 
0.30964 0.061438 
0.30998 0.061321 
0.31031 0.061213 
0.31064 0.061109 
0.31098 0.061008 
0.31131 0.060898 
0.31164 0.060786 
0.31198 0.060690 
0.31231 0.060569 
0.31265 0.060456 
0.31298 0.060341 
0.31331 0.060226 
0.31365 0.060121 
0.31398 0.060018 
0.31431 0.059901 
0.31465 0.059790 
0.31498 0.059684 
0.31532 0.059587 
0.31565 0.059479 
0.31598 0.059375 
0.31632 0.059266 
0.31665 0.059154 
0.31698 0.059049 
0.31732 0.058941 
0.31765 0.058835 
0.31798 0.058718 
0.31832 0.058612 
0.31865 0.058496 
0.31899 0.058387 
0.31932 0.058284 
0.31965 0.058185 
0.31999 0.058081 
0.32032 0.057975 
0.32065 0.057882 
0.32099 0.057777 
0.32132 0.057668 
0.32165 0.057568 
0.32199 0.057466 
0.32232 0.057357 
0.32266 0.057254 
0.32299 0.057155 
0.32332 0.057054 
0.32366 0.056951 
0.32399 0.056857 
0.32432 0.056759 
0.32466 0.056657 
0.32499 0.056562 
0.32533 0.056465 
0.32566 0.056358 
0.32599 0.056259 
0.32633 0.056165 
0.32666 0.056071 
0.32699 0.055973 
0.32733 0.055890 
0.32766 0.055787 
0.32799 0.055684 
0.32833 0.055591 
0.32866 0.055495 
0.32900 0.055395 
0.32933 0.055301 
0.32966 0.055203 
0.33000 0.055110 
0.33033 0.055019 
0.33066 0.054929 
0.33100 0.054826 
0.33133 0.054736 
0.33166 0.054644 
0.33200 0.054550 
0.33233 0.054457 
0.33267 0.054368 
0.33300 0.054263 
0.33333 0.054168 
0.33367 0.054080 
0.33400 0.053990 
0.33433 0.053890 
0.33467 0.053799 
0.33500 0.053717 
0.33534 0.053632 
0.33567 0.053547 
0.33600 0.053457 
0.33634 0.053363 
0.33667 0.053269 
0.33700 0.053177 
0.33734 0.053083 
0.33767 0.053004 
0.33800 0.052927 
0.33834 0.052842 
0.33867 0.052757 
0.33901 0.052671 
0.33934 0.052581 
0.33967 0.052497 
0.34001 0.052411 
0.34034 0.052327 
0.34067 0.052234 
0.34101 0.052151 
0.34134 0.052061 
0.34168 0.051978 
0.34201 0.051898 
0.34234 0.051814 
0.34268 0.051728 
0.34301 0.051639 
0.34334 0.051557 
0.34368 0.051469 
0.34401 0.051382 
0.34434 0.051303 
0.34468 0.051219 
0.34501 0.051136 
0.34535 0.051051 
0.34568 0.050973 
0.34601 0.050884 
0.34635 0.050797 
0.34668 0.050716 
0.34701 0.050631 
0.34735 0.050551 
0.34768 0.050472 
0.34801 0.050381 
0.34835 0.050301 
0.34868 0.050223 
0.34902 0.050143 
0.34935 0.050067 
0.34968 0.049985 
0.35002 0.049904 
0.35035 0.049825 
0.35068 0.049747 
0.35102 0.049667 
0.35135 0.049587 
0.35169 0.049511 
0.35202 0.049437 
0.35235 0.049359 
0.35269 0.049284 
0.35302 0.049210 
0.35335 0.049135 
0.35369 0.049058 
0.35402 0.048984 
0.35435 0.048902 
0.35469 0.048824 
0.35502 0.048748 
0.35536 0.048667 
0.35569 0.048590 
0.35602 0.048518 
0.35636 0.048431 
0.35669 0.048353 
0.35702 0.048271 
0.35736 0.048200 
0.35769 0.048121 
0.35802 0.048052 
0.35836 0.047980 
0.35869 0.047904 
0.35903 0.047829 
0.35936 0.047751 
0.35969 0.047674 
0.36003 0.047594 
0.36036 0.047513 
0.36069 0.047436 
0.36103 0.047363 
0.36136 0.047295 
0.36170 0.047217 
0.36203 0.047139 
0.36236 0.047062 
0.36270 0.046998 
0.36303 0.046920 
0.36336 0.046847 
0.36370 0.046775 
0.36403 0.046694 
0.36436 0.046619 
0.36470 0.046545 
0.36503 0.046473 
0.36537 0.046395 
0.36570 0.046324 
0.36603 0.046254 
0.36637 0.046187 
0.36670 0.046109 
0.36703 0.046037 
0.36737 0.045970 
0.36770 0.045900 
0.36803 0.045821 
0.36837 0.045755 
0.36870 0.045682 
0.36904 0.045617 
0.36937 0.045543 
0.36970 0.045474 
0.37004 0.045408 
0.37037 0.045336 
0.37070 0.045267 
0.37104 0.045196 
0.37137 0.045132 
0.37171 0.045062 
0.37204 0.044998 
0.37237 0.044935 
0.37271 0.044870 
0.37304 0.044806 
0.37337 0.044739 
0.37371 0.044670 
0.37404 0.044601 
0.37437 0.044541 
0.37471 0.044473 
0.37504 0.044405 
0.37538 0.044338 
0.37571 0.044277 
0.37604 0.044214 
0.37638 0.044147 
0.37671 0.044088 
0.37704 0.044022 
0.37738 0.043958 
0.37771 0.043890 
0.37804 0.043823 
0.37838 0.043757 
0.37871 0.043697 
0.37905 0.043628 
0.37938 0.043562 
0.37971 0.043492 
0.38005 0.043421 
0.38038 0.043353 
0.38071 0.043294 
0.38105 0.043226 
0.38138 0.043164 
0.38172 0.043101 
0.38205 0.043034 
0.38238 0.042973 
0.38272 0.042910 
0.38305 0.042845 
0.38338 0.042784 
0.38372 0.042721 
0.38405 0.042656 
0.38438 0.042594 
0.38472 0.042537 
0.38505 0.042475 
0.38539 0.042415 
0.38572 0.042352 
0.38605 0.042294 
0.38639 0.042234 
0.38672 0.042166 
0.38705 0.042102 
0.38739 0.042042 
0.38772 0.041978 
0.38805 0.041919 
0.38839 0.041855 
0.38872 0.041792 
0.38906 0.041727 
0.38939 0.041668 
0.38972 0.041605 
0.39006 0.041544 
0.39039 0.041485 
0.39072 0.041423 
0.39106 0.041359 
0.39139 0.041300 
0.39173 0.041242 
0.39206 0.041180 
0.39239 0.041122 
0.39273 0.041066 
0.39306 0.041010 
0.39339 0.040954 
0.39373 0.040896 
0.39406 0.040839 
0.39439 0.040777 
0.39473 0.040719 
0.39506 0.040660 
0.39540 0.040603 
0.39573 0.040545 
0.39606 0.040488 
0.39640 0.040425 
0.39673 0.040370 
0.39706 0.040311 
0.39740 0.040254 
0.39773 0.040198 
0.39806 0.040139 
0.39840 0.040079 
0.39873 0.040023 
0.39907 0.039971 
0.39940 0.039914 
0.39973 0.039860 
0.40007 0.039805 
0.40040 0.039748 
0.40073 0.039689 
0.40107 0.039631 
0.40140 0.039572 
0.40174 0.039515 
0.40207 0.039456 
0.40240 0.039405 
0.40274 0.039346 
0.40307 0.039287 
0.40340 0.039234 
0.40374 0.039179 
0.40407 0.039122 
0.40440 0.039064 
0.40474 0.039011 
0.40507 0.038956 
0.40541 0.038897 
0.40574 0.038846 
0.40607 0.038787 
0.40641 0.038729 
0.40674 0.038677 
0.40707 0.038625 
0.40741 0.038566 
0.40774 0.038512 
0.40807 0.038460 
0.40841 0.038410 
0.40874 0.038359 
0.40908 0.038303 
0.40941 0.038248 
0.40974 0.038197 
0.41008 0.038144 
0.41041 0.038092 
0.41074 0.038039 
0.41108 0.037985 
0.41141 0.037933 
0.41175 0.037883 
0.41208 0.037830 
0.41241 0.037779 
0.41275 0.037726 
0.41308 0.037673 
0.41341 0.037622 
0.41375 0.037571 
0.41408 0.037515 
0.41441 0.037461 
0.41475 0.037413 
0.41508 0.037366 
0.41542 0.037312 
0.41575 0.037264 
0.41608 0.037210 
0.41642 0.037160 
0.41675 0.037112 
0.41708 0.037061 
0.41742 0.037015 
0.41775 0.036965 
0.41808 0.036915 
0.41842 0.036862 
0.41875 0.036812 
0.41909 0.036763 
0.41942 0.036714 
0.41975 0.036670 
0.42009 0.036620 
0.42042 0.036568 
0.42075 0.036521 
0.42109 0.036470 
0.42142 0.036424 
0.42176 0.036376 
0.42209 0.036330 
0.42242 0.036279 
0.42276 0.036228 
0.42309 0.036182 
0.42342 0.036137 
0.42376 0.036088 
0.42409 0.036038 
0.42442 0.035992 
0.42476 0.035941 
0.42509 0.035895 
0.42543 0.035848 
0.42576 0.035801 
0.42609 0.035748 
0.42643 0.035701 
0.42676 0.035656 
0.42709 0.035605 
0.42743 0.035553 
0.42776 0.035506 
0.42809 0.035457 
0.42843 0.035409 
0.42876 0.035362 
0.42910 0.035314 
0.42943 0.035265 
0.42976 0.035222 
0.43010 0.035177 
0.43043 0.035128 
0.43076 0.035081 
0.43110 0.035038 
0.43143 0.034988 
0.43177 0.034945 
0.43210 0.034898 
0.43243 0.034852 
0.43277 0.034805 
0.43310 0.034757 
0.43343 0.034712 
0.43377 0.034668 
0.43410 0.034620 
0.43443 0.034573 
0.43477 0.034525 
0.43510 0.034479 
0.43544 0.034432 
0.43577 0.034391 
0.43610 0.034344 
0.43644 0.034294 
0.43677 0.034248 
0.43710 0.034202 
0.43744 0.034162 
0.43777 0.034117 
0.43810 0.034073 
0.43844 0.034032 
0.43877 0.033986 
0.43911 0.033944 
0.43944 0.033900 
0.43977 0.033856 
0.44011 0.033810 
0.44044 0.033765 
0.44077 0.033723 
0.44111 0.033683 
0.44144 0.033642 
0.44178 0.033601 
0.44211 0.033558 
0.44244 0.033515 
0.44278 0.033471 
0.44311 0.033429 
0.44344 0.033384 
0.44378 0.033343 
0.44411 0.033304 
0.44444 0.033260 
0.44478 0.033214 
0.44511 0.033172 
0.44545 0.033131 
0.44578 0.033088 
0.44611 0.033046 
0.44645 0.033002 
0.44678 0.032960 
0.44711 0.032915 
0.44745 0.032876 
0.44778 0.032835 
0.44811 0.032792 
0.44845 0.032748 
0.44878 0.032705 
0.44912 0.032662 
0.44945 0.032620 
0.44978 0.032578 
0.45012 0.032539 
0.45045 0.032498 
0.45078 0.032458 
0.45112 0.032415 
0.45145 0.032374 
0.45179 0.032335 
0.45212 0.032295 
0.45245 0.032255 
0.45279 0.032214 
0.45312 0.032173 
0.45345 0.032135 
0.45379 0.032094 
0.45412 0.032054 
0.45445 0.032010 
0.45479 0.031970 
0.45512 0.031934 
0.45546 0.031895 
0.45579 0.031859 
0.45612 0.031821 
0.45646 0.031784 
0.45679 0.031747 
0.45712 0.031707 
0.45746 0.031665 
0.45779 0.031629 
0.45812 0.031587 
0.45846 0.031547 
0.45879 0.031511 
0.45913 0.031470 
0.45946 0.031431 
0.45979 0.031393 
0.46013 0.031354 
0.46046 0.031318 
0.46079 0.031282 
0.46113 0.031244 
0.46146 0.031205 
0.46180 0.031165 
0.46213 0.031127 
0.46246 0.031089 
0.46280 0.031049 
0.46313 0.031013 
0.46346 0.030976 
0.46380 0.030935 
0.46413 0.030897 
0.46446 0.030855 
0.46480 0.030820 
0.46513 0.030785 
0.46547 0.030748 
0.46580 0.030709 
0.46613 0.030668 
0.46647 0.030633 
0.46680 0.030594 
0.46713 0.030561 
0.46747 0.030525 
0.46780 0.030490 
0.46813 0.030451 
0.46847 0.030418 
0.46880 0.030380 
0.46914 0.030344 
0.46947 0.030305 
0.46980 0.030268 
0.47014 0.030232 
0.47047 0.030196 
0.47080 0.030159 
0.47114 0.030121 
0.47147 0.030084 
0.47181 0.030049 
0.47214 0.030014 
0.47247 0.029979 
0.47281 0.029945 
0.47314 0.029909 
0.47347 0.029869 
0.47381 0.029833 
0.47414 0.029795 
0.47447 0.029759 
0.47481 0.029723 
0.47514 0.029688 
0.47548 0.029654 
0.47581 0.029618 
0.47614 0.029584 
0.47648 0.029550 
0.47681 0.029515 
0.47714 0.029481 
0.47748 0.029447 
0.47781 0.029409 
0.47814 0.029372 
0.47848 0.029335 
0.47881 0.029298 
0.47915 0.029265 
0.47948 0.029230 
0.47981 0.029197 
0.48015 0.029164 
0.48048 0.029129 
0.48081 0.029095 
0.48115 0.029062 
0.48148 0.029030 
0.48182 0.028995 
0.48215 0.028962 
0.48248 0.028928 
0.48282 0.028893 
0.48315 0.028860 
0.48348 0.028827 
0.48382 0.028792 
0.48415 0.028762 
0.48448 0.028727 
0.48482 0.028694 
0.48515 0.028659 
0.48549 0.028624 
0.48582 0.028591 
0.48615 0.028557 
0.48649 0.028520 
0.48682 0.028484 
0.48715 0.028451 
0.48749 0.028416 
0.48782 0.028383 
0.48815 0.028350 
0.48849 0.028317 
0.48882 0.028286 
0.48916 0.028253 
0.48949 0.028223 
0.48982 0.028189 
0.49016 0.028156 
0.49049 0.028123 
0.49082 0.028090 
0.49116 0.028058 
0.49149 0.028027 
0.49183 0.027996 
0.49216 0.027961 
0.49249 0.027931 
0.49283 0.027896 
0.49316 0.027864 
0.49349 0.027834 
0.49383 0.027800 
0.49416 0.027767 
0.49449 0.027734 
0.49483 0.027704 
0.49516 0.027670 
0.49550 0.027638 
0.49583 0.027607 
0.49616 0.027575 
0.49650 0.027545 
0.49683 0.027513 
0.49716 0.027483 
0.49750 0.027453 
0.49783 0.027422 
0.49816 0.027391 
0.49850 0.027358 
0.49883 0.027327 
0.49917 0.027294 
0.49950 0.027266 
0.49983 0.027237 
0.50017 0.027209 
0.50050 0.027178 
0.50083 0.027150 
0.50117 0.027121 
0.50150 0.027089 
0.50184 0.027060 
0.50217 0.027030 
0.50250 0.027000 
0.50284 0.026969 
0.50317 0.026941 
0.50350 0.026912 
0.50384 0.026883 
0.50417 0.026851 
0.50450 0.026823 
0.50484 0.026792 
0.50517 0.026763 
0.50551 0.026735 
0.50584 0.026707 
0.50617 0.026676 
0.50651 0.026644 
0.50684 0.026615 
0.50717 0.026588 
0.50751 0.026560 
0.50784 0.026528 
0.50817 0.026497 
0.50851 0.026469 
0.50884 0.026440 
0.50918 0.026409 
0.50951 0.026381 
0.50984 0.026353 
0.51018 0.026324 
0.51051 0.026298 
0.51084 0.026268 
0.51118 0.026240 
0.51151 0.026210 
0.51185 0.026183 
0.51218 0.026154 
0.51251 0.026125 
0.51285 0.026095 
0.51318 0.026066 
0.51351 0.026038 
0.51385 0.026011 
0.51418 0.025984 
0.51451 0.025954 
0.51485 0.025925 
0.51518 0.025898 
0.51552 0.025870 
0.51585 0.025843 
0.51618 0.025815 
0.51652 0.025786 
0.51685 0.025759 
0.51718 0.025729 
0.51752 0.025702 
0.51785 0.025675 
0.51818 0.025647 
0.51852 0.025620 
0.51885 0.025592 
0.51919 0.025565 
0.51952 0.025538 
0.51985 0.025510 
0.52019 0.025483 
0.52052 0.025454 
0.52085 0.025426 
0.52119 0.025397 
0.52152 0.025370 
0.52186 0.025342 
0.52219 0.025312 
0.52252 0.025283 
0.52286 0.025256 
0.52319 0.025230 
0.52352 0.025203 
0.52386 0.025176 
0.52419 0.025149 
0.52452 0.025123 
0.52486 0.025096 
0.52519 0.025067 
0.52553 0.025042 
0.52586 0.025014 
0.52619 0.024987 
0.52653 0.024961 
0.52686 0.024935 
0.52719 0.024908 
0.52753 0.024882 
0.52786 0.024856 
0.52819 0.024829 
0.52853 0.024804 
0.52886 0.024775 
0.52920 0.024750 
0.52953 0.024724 
0.52986 0.024696 
0.53020 0.024671 
0.53053 0.024644 
0.53086 0.024620 
0.53120 0.024593 
0.53153 0.024567 
0.53187 0.024542 
0.53220 0.024513 
0.53253 0.024487 
0.53287 0.024460 
0.53320 0.024433 
0.53353 0.024408 
0.53387 0.024382 
0.53420 0.024355 
0.53453 0.024332 
0.53487 0.024306 
0.53520 0.024279 
0.53554 0.024254 
0.53587 0.024228 
0.53620 0.024204 
0.53654 0.024178 
0.53687 0.024150 
0.53720 0.024125 
0.53754 0.024101 
0.53787 0.024073 
0.53820 0.024049 
0.53854 0.024023 
0.53887 0.023996 
0.53921 0.023969 
0.53954 0.023944 
0.53987 0.023919 
0.54021 0.023893 
0.54054 0.023869 
0.54087 0.023842 
0.54121 0.023817 
0.54154 0.023792 
0.54188 0.023768 
0.54221 0.023742 
0.54254 0.023717 
0.54288 0.023692 
0.54321 0.023668 
0.54354 0.023643 
0.54388 0.023619 
0.54421 0.023595 
0.54454 0.023572 
0.54488 0.023546 
0.54521 0.023520 
0.54555 0.023495 
0.54588 0.023473 
0.54621 0.023448 
0.54655 0.023425 
0.54688 0.023401 
0.54721 0.023376 
0.54755 0.023351 
0.54788 0.023327 
0.54821 0.023305 
0.54855 0.023280 
0.54888 0.023257 
0.54922 0.023233 
0.54955 0.023207 
0.54988 0.023182 
0.55022 0.023159 
0.55055 0.023134 
0.55088 0.023110 
0.55122 0.023085 
0.55155 0.023061 
0.55189 0.023038 
0.55222 0.023015 
0.55255 0.022991 
0.55289 0.022968 
0.55322 0.022945 
0.55355 0.022922 
0.55389 0.022897 
0.55422 0.022873 
0.55455 0.022850 
0.55489 0.022827 
0.55522 0.022806 
0.55556 0.022782 
0.55589 0.022759 
0.55622 0.022735 
0.55656 0.022713 
0.55689 0.022690 
0.55722 0.022667 
0.55756 0.022644 
0.55789 0.022621 
0.55822 0.022599 
0.55856 0.022575 
0.55889 0.022552 
0.55923 0.022530 
0.55956 0.022507 
0.55989 0.022483 
0.56023 0.022459 
0.56056 0.022436 
0.56089 0.022414 
0.56123 0.022392 
0.56156 0.022370 
0.56190 0.022348 
0.56223 0.022325 
0.56256 0.022302 
0.56290 0.022279 
0.56323 0.022257 
0.56356 0.022233 
0.56390 0.022211 
0.56423 0.022189 
0.56456 0.022167 
0.56490 0.022144 
0.56523 0.022122 
0.56557 0.022101 
0.56590 0.022078 
0.56623 0.022058 
0.56657 0.022034 
0.56690 0.022013 
0.56723 0.021989 
0.56757 0.021967 
0.56790 0.021945 
0.56823 0.021924 
0.56857 0.021902 
0.56890 0.021878 
0.56924 0.021858 
0.56957 0.021836 
0.56990 0.021813 
0.57024 0.021791 
0.57057 0.021770 
0.57090 0.021749 
0.57124 0.021727 
0.57157 0.021705 
0.57191 0.021686 
0.57224 0.021663 
0.57257 0.021642 
0.57291 0.021621 
0.57324 0.021601 
0.57357 0.021580 
0.57391 0.021560 
0.57424 0.021539 
0.57457 0.021518 
0.57491 0.021497 
0.57524 0.021476 
0.57558 0.021455 
0.57591 0.021434 
0.57624 0.021414 
0.57658 0.021392 
0.57691 0.021370 
0.57724 0.021350 
0.57758 0.021329 
0.57791 0.021309 
0.57824 0.021288 
0.57858 0.021266 
0.57891 0.021243 
0.57925 0.021222 
0.57958 0.021202 
0.57991 0.021184 
0.58025 0.021162 
0.58058 0.021142 
0.58091 0.021123 
0.58125 0.021102 
0.58158 0.021082 
0.58192 0.021061 
0.58225 0.021041 
0.58258 0.021021 
0.58292 0.021000 
0.58325 0.020977 
0.58358 0.020956 
0.58392 0.020935 
0.58425 0.020914 
0.58458 0.020893 
0.58492 0.020871 
0.58525 0.020851 
0.58559 0.020830 
0.58592 0.020809 
0.58625 0.020789 
0.58659 0.020769 
0.58692 0.020748 
0.58725 0.020727 
0.58759 0.020706 
0.58792 0.020687 
0.58825 0.020666 
0.58859 0.020647 
0.58892 0.020627 
0.58926 0.020608 
0.58959 0.020588 
0.58992 0.020569 
0.59026 0.020548 
0.59059 0.020529 
0.59092 0.020509 
0.59126 0.020489 
0.59159 0.020470 
0.59193 0.020450 
0.59226 0.020430 
0.59259 0.020410 
0.59293 0.020391 
0.59326 0.020371 
0.59359 0.020352 
0.59393 0.020331 
0.59426 0.020312 
0.59459 0.020293 
0.59493 0.020274 
0.59526 0.020256 
0.59560 0.020237 
0.59593 0.020218 
0.59626 0.020199 
0.59660 0.020179 
0.59693 0.020160 
0.59726 0.020141 
0.59760 0.020122 
0.59793 0.020103 
0.59826 0.020083 
0.59860 0.020064 
0.59893 0.020045 
0.59927 0.020027 
0.59960 0.020009 
0.59993 0.019990 
0.60027 0.019971 
0.60060 0.019952 
0.60093 0.019933 
0.60127 0.019916 
0.60160 0.019897 
0.60194 0.019877 
0.60227 0.019858 
0.60260 0.019840 
0.60294 0.019821 
0.60327 0.019801 
0.60360 0.019784 
0.60394 0.019766 
0.60427 0.019747 
0.60460 0.019729 
0.60494 0.019710 
0.60527 0.019692 
0.60561 0.019673 
0.60594 0.019656 
0.60627 0.019636 
0.60661 0.019617 
0.60694 0.019598 
0.60727 0.019580 
0.60761 0.019562 
0.60794 0.019545 
0.60827 0.019525 
0.60861 0.019508 
0.60894 0.019489 
0.60928 0.019472 
0.60961 0.019453 
0.60994 0.019436 
0.61028 0.019417 
0.61061 0.019399 
0.61094 0.019380 
0.61128 0.019361 
0.61161 0.019343 
0.61195 0.019325 
0.61228 0.019307 
0.61261 0.019288 
0.61295 0.019271 
0.61328 0.019254 
0.61361 0.019236 
0.61395 0.019218 
0.61428 0.019201 
0.61461 0.019182 
0.61495 0.019165 
0.61528 0.019148 
0.61562 0.019130 
0.61595 0.019113 
0.61628 0.019095 
0.61662 0.019077 
0.61695 0.019059 
0.61728 0.019040 
0.61762 0.019023 
0.61795 0.019006 
0.61828 0.018988 
0.61862 0.018971 
0.61895 0.018954 
0.61929 0.018936 
0.61962 0.018918 
0.61995 0.018900 
0.62029 0.018882 
0.62062 0.018865 
0.62095 0.018848 
0.62129 0.018832 
0.62162 0.018815 
0.62196 0.018797 
0.62229 0.018779 
0.62262 0.018760 
0.62296 0.018743 
0.62329 0.018726 
0.62362 0.018709 
0.62396 0.018693 
0.62429 0.018676 
0.62462 0.018659 
0.62496 0.018643 
0.62529 0.018626 
0.62563 0.018607 
0.62596 0.018590 
0.62629 0.018572 
0.62663 0.018555 
0.62696 0.018539 
0.62729 0.018522 
0.62763 0.018504 
0.62796 0.018486 
0.62829 0.018469 
0.62863 0.018453 
0.62896 0.018435 
0.62930 0.018418 
0.62963 0.018401 
0.62996 0.018383 
0.63030 0.018366 
0.63063 0.018349 
0.63096 0.018331 
0.63130 0.018315 
0.63163 0.018295 
0.63197 0.018278 
0.63230 0.018262 
0.63263 0.018245 
0.63297 0.018229 
0.63330 0.018212 
0.63363 0.018195 
0.63397 0.018179 
0.63430 0.018163 
0.63463 0.018145 
0.63497 0.018130 
0.63530 0.018113 
0.63564 0.018097 
0.63597 0.018079 
0.63630 0.018063 
0.63664 0.018047 
0.63697 0.018031 
0.63730 0.018014 
0.63764 0.017998 
0.63797 0.017982 
0.63830 0.017966 
0.63864 0.017951 
0.63897 0.017934 
0.63931 0.017918 
0.63964 0.017902 
0.63997 0.017886 
0.64031 0.017870 
0.64064 0.017853 
0.64097 0.017837 
0.64131 0.017820 
0.64164 0.017805 
0.64198 0.017788 
0.64231 0.017772 
0.64264 0.017756 
0.64298 0.017740 
0.64331 0.017723 
0.64364 0.017706 
0.64398 0.017691 
0.64431 0.017676 
0.64464 0.017660 
0.64498 0.017643 
0.64531 0.017628 
0.64565 0.017613 
0.64598 0.017597 
0.64631 0.017582 
0.64665 0.017567 
0.64698 0.017552 
0.64731 0.017535 
0.64765 0.017520 
0.64798 0.017505 
0.64831 0.017490 
0.64865 0.017474 
0.64898 0.017459 
0.64932 0.017443 
0.64965 0.017427 
0.64998 0.017411 
0.65032 0.017395 
0.65065 0.017380 
0.65098 0.017365 
0.65132 0.017350 
0.65165 0.017334 
0.65199 0.017319 
0.65232 0.017304 
0.65265 0.017288 
0.65299 0.017274 
0.65332 0.017258 
0.65365 0.017242 
0.65399 0.017227 
0.65432 0.017212 
0.65465 0.017196 
0.65499 0.017181 
0.65532 0.017167 
0.65566 0.017153 
0.65599 0.017138 
0.65632 0.017123 
0.65666 0.017109 
0.65699 0.017095 
0.65732 0.017080 
0.65766 0.017066 
0.65799 0.017052 
0.65832 0.017037 
0.65866 0.017023 
0.65899 0.017007 
0.65933 0.016992 
0.65966 0.016976 
0.65999 0.016961 
0.66033 0.016947 
0.66066 0.016932 
0.66099 0.016917 
0.66133 0.016903 
0.66166 0.016888 
0.66200 0.016873 
0.66233 0.016859 
0.66266 0.016844 
0.66300 0.016830 
0.66333 0.016816 
0.66366 0.016802 
0.66400 0.016788 
0.66433 0.016773 
0.66466 0.016759 
0.66500 0.016744 
0.66533 0.016731 
0.66567 0.016716 
0.66600 0.016702 
0.66633 0.016687 
0.66667 0.016673 
0.66700 0.016658 
0.66733 0.016644 
0.66767 0.016630 
0.66800 0.016616 
0.66834 0.016600 
0.66867 0.016587 
0.66900 0.016573 
0.66934 0.016560 
0.66967 0.016546 
0.67000 0.016532 
0.67034 0.016518 
0.67067 0.016503 
0.67100 0.016489 
0.67134 0.016475 
0.67167 0.016461 
0.67201 0.016447 
0.67234 0.016433 
0.67267 0.016419 
0.67301 0.016403 
0.67334 0.016389 
0.67367 0.016376 
0.67401 0.016362 
0.67434 0.016349 
0.67467 0.016335 
0.67501 0.016321 
0.67534 0.016307 
0.67568 0.016293 
0.67601 0.016279 
0.67634 0.016265 
0.67668 0.016252 
0.67701 0.016238 
0.67734 0.016224 
0.67768 0.016211 
0.67801 0.016198 
0.67835 0.016183 
0.67868 0.016170 
0.67901 0.016156 
0.67935 0.016142 
0.67968 0.016128 
0.68001 0.016115 
0.68035 0.016102 
0.68068 0.016088 
0.68101 0.016073 
0.68135 0.016059 
0.68168 0.016046 
0.68202 0.016033 
0.68235 0.016020 
0.68268 0.016007 
0.68302 0.015992 
0.68335 0.015979 
0.68368 0.015964 
0.68402 0.015951 
0.68435 0.015938 
0.68468 0.015925 
0.68502 0.015912 
0.68535 0.015899 
0.68569 0.015885 
0.68602 0.015871 
0.68635 0.015858 
0.68669 0.015846 
0.68702 0.015833 
0.68735 0.015820 
0.68769 0.015807 
0.68802 0.015794 
0.68836 0.015781 
0.68869 0.015768 
0.68902 0.015755 
0.68936 0.015742 
0.68969 0.015729 
0.69002 0.015715 
0.69036 0.015702 
0.69069 0.015690 
0.69102 0.015677 
0.69136 0.015664 
0.69169 0.015651 
0.69203 0.015638 
0.69236 0.015625 
0.69269 0.015612 
0.69303 0.015599 
0.69336 0.015586 
0.69369 0.015573 
0.69403 0.015561 
0.69436 0.015548 
0.69469 0.015536 
0.69503 0.015522 
0.69536 0.015508 
0.69570 0.015495 
0.69603 0.015483 
0.69636 0.015470 
0.69670 0.015456 
0.69703 0.015444 
0.69736 0.015431 
0.69770 0.015419 
0.69803 0.015406 
0.69837 0.015393 
0.69870 0.015380 
0.69903 0.015368 
0.69937 0.015354 
0.69970 0.015342 
0.70003 0.015329 
0.70037 0.015317 
0.70070 0.015304 
0.70103 0.015292 
0.70137 0.015279 
0.70170 0.015267 
0.70204 0.015254 
0.70237 0.015242 
0.70270 0.015231 
0.70304 0.015219 
0.70337 0.015206 
0.70370 0.015194 
0.70404 0.015181 
0.70437 0.015169 
0.70470 0.015156 
0.70504 0.015143 
0.70537 0.015130 
0.70571 0.015118 
0.70604 0.015106 
0.70637 0.015094 
0.70671 0.015082 
0.70704 0.015069 
0.70737 0.015057 
0.70771 0.015045 
0.70804 0.015033 
0.70838 0.015022 
0.70871 0.015009 
0.70904 0.014996 
0.70938 0.014984 
0.70971 0.014972 
0.71004 0.014959 
0.71038 0.014947 
0.71071 0.014935 
0.71104 0.014923 
0.71138 0.014909 
0.71171 0.014898 
0.71205 0.014886 
0.71238 0.014873 
0.71271 0.014861 
0.71305 0.014849 
0.71338 0.014837 
0.71371 0.014825 
0.71405 0.014813 
0.71438 0.014800 
0.71471 0.014788 
0.71505 0.014777 
0.71538 0.014765 
0.71572 0.014754 
0.71605 0.014742 
0.71638 0.014730 
0.71672 0.014717 
0.71705 0.014704 
0.71738 0.014692 
0.71772 0.014680 
0.71805 0.014668 
0.71839 0.014655 
0.71872 0.014643 
0.71905 0.014631 
0.71939 0.014619 
0.71972 0.014607 
0.72005 0.014596 
0.72039 0.014584 
0.72072 0.014573 
0.72105 0.014561 
0.72139 0.014550 
0.72172 0.014538 
0.72206 0.014526 
0.72239 0.014515 
0.72272 0.014503 
0.72306 0.014492 
0.72339 0.014480 
0.72372 0.014468 
0.72406 0.014457 
0.72439 0.014446 
0.72472 0.014434 
0.72506 0.014422 
0.72539 0.014410 
0.72573 0.014399 
0.72606 0.014386 
0.72639 0.014374 
0.72673 0.014363 
0.72706 0.014352 
0.72739 0.014341 
0.72773 0.014329 
0.72806 0.014318 
0.72840 0.014306 
0.72873 0.014295 
0.72906 0.014284 
0.72940 0.014271 
0.72973 0.014260 
0.73006 0.014249 
0.73040 0.014237 
0.73073 0.014226 
0.73106 0.014215 
0.73140 0.014204 
0.73173 0.014193 
0.73207 0.014182 
0.73240 0.014170 
0.73273 0.014158 
0.73307 0.014147 
0.73340 0.014135 
0.73373 0.014124 
0.73407 0.014113 
0.73440 0.014102 
0.73473 0.014091 
0.73507 0.014080 
0.73540 0.014069 
0.73574 0.014058 
0.73607 0.014047 
0.73640 0.014036 
0.73674 0.014024 
0.73707 0.014013 
0.73740 0.014003 
0.73774 0.013991 
0.73807 0.013980 
0.73841 0.013969 
0.73874 0.013958 
0.73907 0.013947 
0.73941 0.013937 
0.73974 0.013926 
0.74007 0.013915 
0.74041 0.013904 
0.74074 0.013892 
0.74107 0.013882 
0.74141 0.013871 
0.74174 0.013860 
0.74208 0.013850 
0.74241 0.013839 
0.74274 0.013828 
0.74308 0.013818 
0.74341 0.013806 
0.74374 0.013795 
0.74408 0.013784 
0.74441 0.013774 
0.74474 0.013764 
0.74508 0.013753 
0.74541 0.013743 
0.74575 0.013732 
0.74608 0.013722 
0.74641 0.013711 
0.74675 0.013701 
0.74708 0.013690 
0.74741 0.013679 
0.74775 0.013669 
0.74808 0.013658 
0.74842 0.013648 
0.74875 0.013638 
0.74908 0.013628 
0.74942 0.013617 
0.74975 0.013607 
0.75008 0.013597 
0.75042 0.013587 
0.75075 0.013576 
0.75108 0.013566 
0.75142 0.013555 
0.75175 0.013544 
0.75209 0.013534 
0.75242 0.013523 
0.75275 0.013512 
0.75309 0.013502 
0.75342 0.013491 
0.75375 0.013481 
0.75409 0.013470 
0.75442 0.013459 
0.75475 0.013448 
0.75509 0.013438 
0.75542 0.013428 
0.75576 0.013418 
0.75609 0.013408 
0.75642 0.013398 
0.75676 0.013388 
0.75709 0.013378 
0.75742 0.013367 
0.75776 0.013357 
0.75809 0.013347 
0.75843 0.013337 
0.75876 0.013327 
0.75909 0.013316 
0.75943 0.013306 
0.75976 0.013296 
0.76009 0.013286 
0.76043 0.013276 
0.76076 0.013265 
0.76109 0.013254 
0.76143 0.013244 
0.76176 0.013234 
0.76210 0.013224 
0.76243 0.013214 
0.76276 0.013203 
0.76310 0.013193 
0.76343 0.013183 
0.76376 0.013173 
0.76410 0.013162 
0.76443 0.013152 
0.76476 0.013142 
0.76510 0.013132 
0.76543 0.013122 
0.76577 0.013111 
0.76610 0.013101 
0.76643 0.013091 
0.76677 0.013081 
0.76710 0.013072 
0.76743 0.013062 
0.76777 0.013052 
0.76810 0.013042 
0.76844 0.013033 
0.76877 0.013023 
0.76910 0.013013 
0.76944 0.013004 
0.76977 0.012993 
0.77010 0.012984 
0.77044 0.012974 
0.77077 0.012964 
0.77110 0.012954 
0.77144 0.012944 
0.77177 0.012934 
0.77211 0.012924 
0.77244 0.012914 
0.77277 0.012905 
0.77311 0.012895 
0.77344 0.012885 
0.77377 0.012876 
0.77411 0.012866 
0.77444 0.012856 
0.77477 0.012847 
0.77511 0.012838 
0.77544 0.012828 
0.77578 0.012818 
0.77611 0.012809 
0.77644 0.012800 
0.77678 0.012790 
0.77711 0.012781 
0.77744 0.012771 
0.77778 0.012761 
0.77811 0.012751 
0.77845 0.012742 
0.77878 0.012732 
0.77911 0.012722 
0.77945 0.012713 
0.77978 0.012703 
0.78011 0.012694 
0.78045 0.012684 
0.78078 0.012675 
0.78111 0.012666 
0.78145 0.012656 
0.78178 0.012647 
0.78212 0.012637 
0.78245 0.012628 
0.78278 0.012618 
0.78312 0.012609 
0.78345 0.012599 
0.78378 0.012589 
0.78412 0.012579 
0.78445 0.012570 
0.78478 0.012561 
0.78512 0.012551 
0.78545 0.012542 
0.78579 0.012533 
0.78612 0.012524 
0.78645 0.012514 
0.78679 0.012505 
0.78712 0.012496 
0.78745 0.012486 
0.78779 0.012477 
0.78812 0.012467 
0.78846 0.012458 
0.78879 0.012448 
0.78912 0.012439 
0.78946 0.012429 
0.78979 0.012420 
0.79012 0.012410 
0.79046 0.012401 
0.79079 0.012391 
0.79112 0.012382 
0.79146 0.012373 
0.79179 0.012364 
0.79213 0.012354 
0.79246 0.012345 
0.79279 0.012337 
0.79313 0.012327 
0.79346 0.012318 
0.79379 0.012309 
0.79413 0.012300 
0.79446 0.012291 
0.79479 0.012282 
0.79513 0.012273 
0.79546 0.012264 
0.79580 0.012255 
0.79613 0.012246 
0.79646 0.012237 
0.79680 0.012228 
0.79713 0.012219 
0.79746 0.012210 
0.79780 0.012201 
0.79813 0.012192 
0.79847 0.012183 
0.79880 0.012174 
0.79913 0.012165 
0.79947 0.012157 
0.79980 0.012148 
0.80013 0.012139 
0.80047 0.012130 
0.80080 0.012121 
0.80113 0.012113 
0.80147 0.012104 
0.80180 0.012095 
0.80214 0.012086 
0.80247 0.012077 
0.80280 0.012068 
0.80314 0.012059 
0.80347 0.012050 
0.80380 0.012041 
0.80414 0.012033 
0.80447 0.012024 
0.80480 0.012014 
0.80514 0.012006 
0.80547 0.011997 
0.80581 0.011988 
0.80614 0.011979 
0.80647 0.011970 
0.80681 0.011961 
0.80714 0.011953 
0.80747 0.011944 
0.80781 0.011935 
0.80814 0.011927 
0.80848 0.011918 
0.80881 0.011910 
0.80914 0.011901 
0.80948 0.011892 
0.80981 0.011884 
0.81014 0.011876 
0.81048 0.011867 
0.81081 0.011858 
0.81114 0.011850 
0.81148 0.011841 
0.81181 0.011833 
0.81215 0.011824 
0.81248 0.011816 
0.81281 0.011807 
0.81315 0.011799 
0.81348 0.011790 
0.81381 0.011782 
0.81415 0.011773 
0.81448 0.011765 
0.81481 0.011757 
0.81515 0.011748 
0.81548 0.011740 
0.81582 0.011731 
0.81615 0.011723 
0.81648 0.011715 
0.81682 0.011706 
0.81715 0.011698 
0.81748 0.011689 
0.81782 0.011681 
0.81815 0.011673 
0.81849 0.011664 
0.81882 0.011655 
0.81915 0.011647 
0.81949 0.011639 
0.81982 0.011630 
0.82015 0.011622 
0.82049 0.011613 
0.82082 0.011605 
0.82115 0.011597 
0.82149 0.011588 
0.82182 0.011580 
0.82216 0.011572 
0.82249 0.011564 
0.82282 0.011555 
0.82316 0.011547 
0.82349 0.011539 
0.82382 0.011531 
0.82416 0.011523 
0.82449 0.011514 
0.82482 0.011506 
0.82516 0.011498 
0.82549 0.011490 
0.82583 0.011481 
0.82616 0.011473 
0.82649 0.011465 
0.82683 0.011457 
0.82716 0.011449 
0.82749 0.011440 
0.82783 0.011432 
0.82816 0.011423 
0.82850 0.011416 
0.82883 0.011407 
0.82916 0.011399 
0.82950 0.011391 
0.82983 0.011382 
0.83016 0.011374 
0.83050 0.011365 
0.83083 0.011357 
0.83116 0.011349 
0.83150 0.011341 
0.83183 0.011333 
0.83217 0.011325 
0.83250 0.011317 
0.83283 0.011309 
0.83317 0.011301 
0.83350 0.011292 
0.83383 0.011284 
0.83417 0.011276 
0.83450 0.011268 
0.83483 0.011260 
0.83517 0.011251 
0.83550 0.011243 
0.83584 0.011235 
0.83617 0.011227 
0.83650 0.011219 
0.83684 0.011211 
0.83717 0.011203 
0.83750 0.011195 
0.83784 0.011187 
0.83817 0.011179 
0.83851 0.011172 
0.83884 0.011164 
0.83917 0.011156 
0.83951 0.011148 
0.83984 0.011140 
0.84017 0.011132 
0.84051 0.011124 
0.84084 0.011116 
0.84117 0.011108 
0.84151 0.011100 
0.84184 0.011093 
0.84218 0.011085 
0.84251 0.011077 
0.84284 0.011069 
0.84318 0.011061 
0.84351 0.011053 
0.84384 0.011046 
0.84418 0.011038 
0.84451 0.011030 
0.84484 0.011022 
0.84518 0.011014 
0.84551 0.011006 
0.84585 0.010999 
0.84618 0.010991 
0.84651 0.010984 
0.84685 0.010976 
0.84718 0.010968 
0.84751 0.010961 
0.84785 0.010953 
0.84818 0.010945 
0.84852 0.010938 
0.84885 0.010930 
0.84918 0.010922 
0.84952 0.010915 
0.84985 0.010907 
0.85018 0.010900 
0.85052 0.010892 
0.85085 0.010884 
0.85118 0.010877 
0.85152 0.010869 
0.85185 0.010861 
0.85219 0.010853 
0.85252 0.010846 
0.85285 0.010839 
0.85319 0.010831 
0.85352 0.010823 
0.85385 0.010816 
0.85419 0.010808 
0.85452 0.010801 
0.85485 0.010793 
0.85519 0.010786 
0.85552 0.010778 
0.85586 0.010771 
0.85619 0.010763 
0.85652 0.010756 
0.85686 0.010748 
0.85719 0.010741 
0.85752 0.010733 
0.85786 0.010726 
0.85819 0.010719 
0.85853 0.010712 
0.85886 0.010704 
0.85919 0.010697 
0.85953 0.010689 
0.85986 0.010682 
0.86019 0.010674 
0.86053 0.010667 
0.86086 0.010659 
0.86119 0.010652 
0.86153 0.010644 
0.86186 0.010637 
0.86220 0.010629 
0.86253 0.010622 
0.86286 0.010614 
0.86320 0.010607 
0.86353 0.010599 
0.86386 0.010592 
0.86420 0.010584 
0.86453 0.010577 
0.86486 0.010569 
0.86520 0.010562 
0.86553 0.010554 
0.86587 0.010547 
0.86620 0.010540 
0.86653 0.010532 
0.86687 0.010525 
0.86720 0.010517 
0.86753 0.010510 
0.86787 0.010502 
0.86820 0.010495 
0.86854 0.010488 
0.86887 0.010480 
0.86920 0.010473 
0.86954 0.010466 
0.86987 0.010458 
0.87020 0.010451 
0.87054 0.010443 
0.87087 0.010436 
0.87120 0.010429 
0.87154 0.010422 
0.87187 0.010414 
0.87221 0.010407 
0.87254 0.010400 
0.87287 0.010393 
0.87321 0.010385 
0.87354 0.010378 
0.87387 0.010371 
0.87421 0.010363 
0.87454 0.010356 
0.87487 0.010349 
0.87521 0.010342 
0.87554 0.010335 
0.87588 0.010327 
0.87621 0.010320 
0.87654 0.010313 
0.87688 0.010306 
0.87721 0.010299 
0.87754 0.010291 
0.87788 0.010284 
0.87821 0.010276 
0.87855 0.010269 
0.87888 0.010263 
0.87921 0.010255 
0.87955 0.010248 
0.87988 0.010241 
0.88021 0.010234 
0.88055 0.010227 
0.88088 0.010220 
0.88121 0.010213 
0.88155 0.010206 
0.88188 0.010199 
0.88222 0.010192 
0.88255 0.010185 
0.88288 0.010178 
0.88322 0.010171 
0.88355 0.010164 
0.88388 0.010157 
0.88422 0.010151 
0.88455 0.010144 
0.88488 0.010137 
0.88522 0.010130 
0.88555 0.010123 
0.88589 0.010116 
0.88622 0.010109 
0.88655 0.010102 
0.88689 0.010095 
0.88722 0.010088 
0.88755 0.010082 
0.88789 0.010075 
0.88822 0.010068 
0.88856 0.010061 
0.88889 0.010054 
0.88922 0.010047 
0.88956 0.010040 
0.88989 0.010033 
0.89022 0.010026 
0.89056 0.010019 
0.89089 0.010012 
0.89122 0.010005 
0.89156 0.009998 
0.89189 0.009992 
0.89223 0.009985 
0.89256 0.009978 
0.89289 0.009971 
0.89323 0.009964 
0.89356 0.009958 
0.89389 0.009951 
0.89423 0.009944 
0.89456 0.009937 
0.89489 0.009931 
0.89523 0.009924 
0.89556 0.009917 
0.89590 0.009911 
0.89623 0.009904 
0.89656 0.009897 
0.89690 0.009891 
0.89723 0.009884 
0.89756 0.009877 
0.89790 0.009870 
0.89823 0.009864 
0.89857 0.009857 
0.89890 0.009850 
0.89923 0.009844 
0.89957 0.009837 
0.89990 0.009830 
0.90023 0.009823 
0.90057 0.009817 
0.90090 0.009810 
0.90123 0.009803 
0.90157 0.009797 
0.90190 0.009790 
0.90224 0.009783 
0.90257 0.009776 
0.90290 0.009770 
0.90324 0.009763 
0.90357 0.009756 
0.90390 0.009750 
0.90424 0.009743 
0.90457 0.009736 
0.90490 0.009730 
0.90524 0.009723 
0.90557 0.009717 
0.90591 0.009710 
0.90624 0.009704 
0.90657 0.009697 
0.90691 0.009690 
0.90724 0.009684 
0.90757 0.009677 
0.90791 0.009671 
0.90824 0.009664 
0.90858 0.009658 
0.90891 0.009651 
0.90924 0.009644 
0.90958 0.009638 
0.90991 0.009632 
0.91024 0.009625 
0.91058 0.009619 
0.91091 0.009612 
0.91124 0.009606 
0.91158 0.009599 
0.91191 0.009592 
0.91225 0.009586 
0.91258 0.009579 
0.91291 0.009573 
0.91325 0.009566 
0.91358 0.009560 
0.91391 0.009554 
0.91425 0.009547 
0.91458 0.009541 
0.91491 0.009535 
0.91525 0.009528 
0.91558 0.009522 
0.91592 0.009516 
0.91625 0.009509 
0.91658 0.009503 
0.91692 0.009496 
0.91725 0.009490 
0.91758 0.009483 
0.91792 0.009477 
0.91825 0.009471 
0.91859 0.009464 
0.91892 0.009458 
0.91925 0.009452 
0.91959 0.009445 
0.91992 0.009439 
0.92025 0.009432 
0.92059 0.009426 
0.92092 0.009420 
0.92125 0.009414 
0.92159 0.009407 
0.92192 0.009401 
0.92226 0.009395 
0.92259 0.009389 
0.92292 0.009382 
0.92326 0.009376 
0.92359 0.009370 
0.92392 0.009364 
0.92426 0.009357 
0.92459 0.009351 
0.92492 0.009345 
0.92526 0.009339 
0.92559 0.009333 
0.92593 0.009327 
0.92626 0.009321 
0.92659 0.009315 
0.92693 0.009308 
0.92726 0.009302 
0.92759 0.009296 
0.92793 0.009290 
0.92826 0.009284 
0.92860 0.009278 
0.92893 0.009272 
0.92926 0.009266 
0.92960 0.009260 
0.92993 0.009254 
0.93026 0.009247 
0.93060 0.009241 
0.93093 0.009235 
0.93126 0.009229 
0.93160 0.009223 
0.93193 0.009217 
0.93227 0.009211 
0.93260 0.009204 
0.93293 0.009198 
0.93327 0.009192 
0.93360 0.009185 
0.93393 0.009179 
0.93427 0.009173 
0.93460 0.009167 
0.93493 0.009161 
0.93527 0.009154 
0.93560 0.009148 
0.93594 0.009142 
0.93627 0.009136 
0.93660 0.009130 
0.93694 0.009123 
0.93727 0.009117 
0.93760 0.009111 
0.93794 0.009105 
0.93827 0.009098 
0.93861 0.009092 
0.93894 0.009086 
0.93927 0.009080 
0.93961 0.009074 
0.93994 0.009068 
0.94027 0.009062 
0.94061 0.009056 
0.94094 0.009050 
0.94127 0.009043 
0.94161 0.009037 
0.94194 0.009031 
0.94228 0.009025 
0.94261 0.009019 
0.94294 0.009013 
0.94328 0.009007 
0.94361 0.009000 
0.94394 0.008994 
0.94428 0.008988 
0.94461 0.008982 
0.94494 0.008976 
0.94528 0.008970 
0.94561 0.008964 
0.94595 0.008958 
0.94628 0.008952 
0.94661 0.008946 
0.94695 0.008940 
0.94728 0.008934 
0.94761 0.008928 
0.94795 0.008922 
0.94828 0.008916 
0.94862 0.008910 
0.94895 0.008904 
0.94928 0.008898 
0.94962 0.008892 
0.94995 0.008886 
0.95028 0.008880 
0.95062 0.008874 
0.95095 0.008868 
0.95128 0.008862 
0.95162 0.008856 
0.95195 0.008850 
0.95229 0.008844 
0.95262 0.008839 
0.95295 0.008833 
0.95329 0.008827 
0.95362 0.008821 
0.95395 0.008815 
0.95429 0.008809 
0.95462 0.008803 
0.95495 0.008797 
0.95529 0.008792 
0.95562 0.008786 
0.95596 0.008780 
0.95629 0.008774 
0.95662 0.008769 
0.95696 0.008763 
0.95729 0.008757 
0.95762 0.008751 
0.95796 0.008746 
0.95829 0.008740 
0.95863 0.008734 
0.95896 0.008728 
0.95929 0.008722 
0.95963 0.008716 
0.95996 0.008711 
0.96029 0.008705 
0.96063 0.008699 
0.96096 0.008693 
0.96129 0.008687 
0.96163 0.008682 
0.96196 0.008676 
0.96230 0.008670 
0.96263 0.008665 
0.96296 0.008659 
0.96330 0.008653 
0.96363 0.008648 
0.96396 0.008642 
0.96430 0.008636 
0.96463 0.008631 
0.96496 0.008625 
0.96530 0.008619 
0.96563 0.008614 
0.96597 0.008608 
0.96630 0.008602 
0.96663 0.008597 
0.96697 0.008591 
0.96730 0.008586 
0.96763 0.008580 
0.96797 0.008574 
0.96830 0.008569 
0.96864 0.008563 
0.96897 0.008557 
0.96930 0.008552 
0.96964 0.008546 
0.96997 0.008541 
0.97030 0.008535 
0.97064 0.008529 
0.97097 0.008524 
0.97130 0.008518 
0.97164 0.008513 
0.97197 0.008507 
0.97231 0.008502 
0.97264 0.008496 
0.97297 0.008491 
0.97331 0.008485 
0.97364 0.008480 
0.97397 0.008474 
0.97431 0.008468 
0.97464 0.008463 
0.97497 0.008457 
0.97531 0.008452 
0.97564 0.008446 
0.97598 0.008441 
0.97631 0.008435 
0.97664 0.008430 
0.97698 0.008424 
0.97731 0.008419 
0.97764 0.008413 
0.97798 0.008407 
0.97831 0.008402 
0.97865 0.008396 
0.97898 0.008391 
0.97931 0.008386 
0.97965 0.008380 
0.97998 0.008375 
0.98031 0.008369 
0.98065 0.008364 
0.98098 0.008358 
0.98131 0.008353 
0.98165 0.008347 
0.98198 0.008342 
0.98232 0.008336 
0.98265 0.008331 
0.98298 0.008326 
0.98332 0.008320 
0.98365 0.008315 
0.98398 0.008309 
0.98432 0.008304 
0.98465 0.008298 
0.98498 0.008293 
0.98532 0.008288 
0.98565 0.008282 
0.98599 0.008277 
0.98632 0.008272 
0.98665 0.008266 
0.98699 0.008261 
0.98732 0.008255 
0.98765 0.008250 
0.98799 0.008245 
0.98832 0.008239 
0.98866 0.008234 
0.98899 0.008229 
0.98932 0.008223 
0.98966 0.008218 
0.98999 0.008213 
0.99032 0.008208 
0.99066 0.008202 
0.99099 0.008197 
0.99132 0.008192 
0.99166 0.008186 
0.99199 0.008181 
0.99233 0.008176 
0.99266 0.008171 
0.99299 0.008165 
0.99333 0.008160 
0.99366 0.008155 
0.99399 0.008150 
0.99433 0.008144 
0.99466 0.008139 
0.99499 0.008134 
0.99533 0.008129 
0.99566 0.008123 
0.99600 0.008118 
0.99633 0.008113 
0.99666 0.008108 
0.99700 0.008102 
0.99733 0.008097 
0.99766 0.008092 
0.99800 0.008087 
0.99833 0.008082 
0.99867 0.008077 
0.99900 0.008071 
0.99933 0.008066 
0.99967 0.008061 
1.00000 0.008056 
