1 1
0.00067 1.000000 
0.00100 1.000000 
0.00134 1.000000 
0.00167 1.000000 
0.00201 1.000000 
0.00234 1.000000 
0.00267 1.000000 
0.00301 1.000000 
0.00334 1.000000 
0.00368 1.000000 
0.00401 1.000000 
0.00434 1.000000 
0.00468 1.000000 
0.00501 1.000000 
0.00535 1.000000 
0.00568 1.000000 
0.00602 1.000000 
0.00635 1.000000 
0.00668 1.000000 
0.00702 1.000000 
0.00735 1.000000 
0.00769 1.000000 
0.00802 1.000000 
0.00836 1.000000 
0.00869 1.000000 
0.00902 1.000000 
0.00936 1.000000 
0.00969 1.000000 
0.01003 1.000000 
0.01036 1.000000 
0.01070 1.000000 
0.01103 1.000000 
0.01136 1.000000 
0.01170 1.000000 
0.01203 1.000000 
0.01237 1.000000 
0.01270 1.000000 
0.01303 1.000000 
0.01337 1.000000 
0.01370 1.000000 
0.01404 0.998839 
0.01437 0.997785 
0.01471 0.997886 
0.01504 0.997980 
0.01537 0.998068 
0.01571 0.997225 
0.01604 0.996454 
0.01638 0.996599 
0.01671 0.996735 
0.01705 0.996863 
0.01738 0.996983 
0.01771 0.996372 
0.01805 0.995108 
0.01838 0.993266 
0.01872 0.992857 
0.01905 0.992481 
0.01939 0.992740 
0.01972 0.992402 
0.02005 0.991525 
0.02039 0.990710 
0.02072 0.988366 
0.02106 0.986687 
0.02139 0.985119 
0.02172 0.980288 
0.02206 0.979021 
0.02239 0.976481 
0.02273 0.974100 
0.02306 0.969736 
0.02340 0.966046 
0.02373 0.964185 
0.02406 0.961268 
0.02440 0.959285 
0.02473 0.958534 
0.02507 0.955676 
0.02540 0.953684 
0.02574 0.952837 
0.02607 0.949384 
0.02640 0.947095 
0.02674 0.946203 
0.02707 0.945062 
0.02741 0.942788 
0.02774 0.938584 
0.02807 0.933735 
0.02841 0.930812 
0.02874 0.925855 
0.02908 0.924084 
0.02941 0.921891 
0.02975 0.917518 
0.03008 0.917603 
0.03041 0.917216 
0.03075 0.914477 
0.03108 0.912342 
0.03142 0.910318 
0.03175 0.907951 
0.03209 0.907018 
0.03242 0.901632 
0.03275 0.899853 
0.03309 0.891156 
0.03342 0.889899 
0.03376 0.885545 
0.03409 0.880994 
0.03443 0.877974 
0.03476 0.871919 
0.03509 0.867216 
0.03543 0.864870 
0.03576 0.862458 
0.03610 0.856871 
0.03643 0.851342 
0.03676 0.848874 
0.03710 0.847502 
0.03743 0.843629 
0.03777 0.840234 
0.03810 0.838379 
0.03844 0.837071 
0.03877 0.830735 
0.03910 0.828176 
0.03944 0.825438 
0.03977 0.822390 
0.04011 0.815546 
0.04044 0.813636 
0.04078 0.808698 
0.04111 0.803545 
0.04144 0.801338 
0.04178 0.798839 
0.04211 0.793905 
0.04245 0.790776 
0.04278 0.785310 
0.04311 0.781008 
0.04345 0.778652 
0.04378 0.776629 
0.04412 0.770183 
0.04445 0.763728 
0.04479 0.759847 
0.04512 0.757103 
0.04545 0.753268 
0.04579 0.750966 
0.04612 0.747488 
0.04646 0.744031 
0.04679 0.738952 
0.04713 0.735968 
0.04746 0.731395 
0.04779 0.725204 
0.04813 0.722514 
0.04846 0.720211 
0.04880 0.717714 
0.04913 0.715684 
0.04947 0.714194 
0.04980 0.712407 
0.05013 0.710246 
0.05047 0.707991 
0.05080 0.703730 
0.05114 0.700464 
0.05147 0.696800 
0.05180 0.692669 
0.05214 0.690653 
0.05247 0.686673 
0.05281 0.682335 
0.05314 0.678688 
0.05348 0.676179 
0.05381 0.671584 
0.05414 0.668124 
0.05448 0.663107 
0.05481 0.660856 
0.05515 0.656171 
0.05548 0.654984 
0.05582 0.651901 
0.05615 0.649130 
0.05648 0.645111 
0.05682 0.643439 
0.05715 0.638940 
0.05749 0.635591 
0.05782 0.632746 
0.05816 0.629659 
0.05849 0.627455 
0.05882 0.625714 
0.05916 0.622047 
0.05949 0.619120 
0.05983 0.617350 
0.06016 0.615332 
0.06049 0.611786 
0.06083 0.609799 
0.06116 0.606738 
0.06150 0.603172 
0.06183 0.600940 
0.06217 0.597791 
0.06250 0.593928 
0.06283 0.592274 
0.06317 0.589441 
0.06350 0.586689 
0.06384 0.584293 
0.06417 0.581643 
0.06451 0.578260 
0.06484 0.575023 
0.06517 0.571980 
0.06551 0.568969 
0.06584 0.565627 
0.06618 0.562529 
0.06651 0.558855 
0.06684 0.556683 
0.06718 0.553731 
0.06751 0.552239 
0.06785 0.550505 
0.06818 0.548054 
0.06852 0.545624 
0.06885 0.543926 
0.06918 0.540922 
0.06952 0.538694 
0.06985 0.536161 
0.07019 0.533516 
0.07052 0.531031 
0.07086 0.529420 
0.07119 0.526840 
0.07152 0.524374 
0.07186 0.522321 
0.07219 0.520887 
0.07253 0.518177 
0.07286 0.515072 
0.07320 0.512421 
0.07353 0.509797 
0.07386 0.507363 
0.07420 0.504790 
0.07453 0.502081 
0.07487 0.499680 
0.07520 0.498016 
0.07553 0.495890 
0.07587 0.492963 
0.07620 0.490378 
0.07654 0.488125 
0.07687 0.485590 
0.07721 0.483380 
0.07754 0.481117 
0.07787 0.479355 
0.07821 0.478339 
0.07854 0.476050 
0.07888 0.472990 
0.07921 0.470965 
0.07955 0.468674 
0.07988 0.466826 
0.08021 0.465028 
0.08055 0.463243 
0.08088 0.461061 
0.08122 0.459035 
0.08155 0.456520 
0.08189 0.454199 
0.08222 0.451966 
0.08255 0.449524 
0.08289 0.447434 
0.08322 0.445686 
0.08356 0.442988 
0.08389 0.441689 
0.08422 0.440081 
0.08456 0.438327 
0.08489 0.436090 
0.08523 0.434460 
0.08556 0.432353 
0.08590 0.430356 
0.08623 0.429192 
0.08656 0.426536 
0.08690 0.424710 
0.08723 0.422782 
0.08757 0.420666 
0.08790 0.418657 
0.08824 0.417243 
0.08857 0.415666 
0.08890 0.413420 
0.08924 0.411788 
0.08957 0.409945 
0.08991 0.408423 
0.09024 0.406361 
0.09057 0.404346 
0.09091 0.402730 
0.09124 0.401557 
0.09158 0.399562 
0.09191 0.397983 
0.09225 0.396179 
0.09258 0.394287 
0.09291 0.392904 
0.09325 0.391300 
0.09358 0.389631 
0.09392 0.387900 
0.09425 0.386411 
0.09459 0.384633 
0.09492 0.383069 
0.09525 0.381295 
0.09559 0.379585 
0.09592 0.378183 
0.09626 0.376670 
0.09659 0.374760 
0.09693 0.373559 
0.09726 0.371940 
0.09759 0.370216 
0.09793 0.368881 
0.09826 0.367951 
0.09860 0.366009 
0.09893 0.364430 
0.09926 0.362931 
0.09960 0.361196 
0.09993 0.359880 
0.10027 0.358038 
0.10060 0.356456 
0.10094 0.354888 
0.10127 0.353551 
0.10160 0.352006 
0.10194 0.350690 
0.10227 0.349320 
0.10261 0.347746 
0.10294 0.345890 
0.10328 0.344366 
0.10361 0.342750 
0.10394 0.341458 
0.10428 0.340094 
0.10461 0.338802 
0.10495 0.336989 
0.10528 0.335355 
0.10561 0.333836 
0.10595 0.332009 
0.10628 0.330635 
0.10662 0.329232 
0.10695 0.327743 
0.10729 0.326343 
0.10762 0.325071 
0.10795 0.324193 
0.10829 0.322822 
0.10862 0.321481 
0.10896 0.320415 
0.10929 0.319206 
0.10963 0.318285 
0.10996 0.316943 
0.11029 0.315852 
0.11063 0.314987 
0.11096 0.313672 
0.11130 0.312475 
0.11163 0.311161 
0.11197 0.309643 
0.11230 0.308316 
0.11263 0.307369 
0.11297 0.306007 
0.11330 0.304865 
0.11364 0.303575 
0.11397 0.302501 
0.11430 0.301778 
0.11464 0.300428 
0.11497 0.299241 
0.11531 0.298113 
0.11564 0.296859 
0.11598 0.295764 
0.11631 0.294710 
0.11664 0.293449 
0.11698 0.292558 
0.11731 0.291103 
0.11765 0.289854 
0.11798 0.288582 
0.11832 0.287591 
0.11865 0.286258 
0.11898 0.285203 
0.11932 0.283983 
0.11965 0.282819 
0.11999 0.281570 
0.12032 0.280857 
0.12066 0.279886 
0.12099 0.278998 
0.12132 0.277978 
0.12166 0.277177 
0.12199 0.276065 
0.12233 0.275110 
0.12266 0.274237 
0.12299 0.273102 
0.12333 0.271975 
0.12366 0.271076 
0.12400 0.270008 
0.12433 0.268933 
0.12467 0.267851 
0.12500 0.266778 
0.12533 0.265840 
0.12567 0.264823 
0.12600 0.263855 
0.12634 0.262978 
0.12667 0.261898 
0.12701 0.260853 
0.12734 0.259912 
0.12767 0.259004 
0.12801 0.258240 
0.12834 0.257248 
0.12868 0.256372 
0.12901 0.255488 
0.12934 0.254649 
0.12968 0.253656 
0.13001 0.252736 
0.13035 0.251968 
0.13068 0.251177 
0.13102 0.250248 
0.13135 0.249208 
0.13168 0.248111 
0.13202 0.247266 
0.13235 0.246426 
0.13269 0.245427 
0.13302 0.244700 
0.13336 0.243901 
0.13369 0.243158 
0.13402 0.242419 
0.13436 0.241622 
0.13469 0.240682 
0.13503 0.239835 
0.13536 0.238871 
0.13570 0.237840 
0.13603 0.236986 
0.13636 0.236234 
0.13670 0.235258 
0.13703 0.234289 
0.13737 0.233565 
0.13770 0.232679 
0.13803 0.231928 
0.13837 0.231077 
0.13870 0.230394 
0.13904 0.229657 
0.13937 0.228809 
0.13971 0.228001 
0.14004 0.227290 
0.14037 0.226423 
0.14071 0.225461 
0.14104 0.224674 
0.14138 0.223802 
0.14171 0.223081 
0.14205 0.222253 
0.14238 0.221442 
0.14271 0.220679 
0.14305 0.219976 
0.14338 0.219169 
0.14372 0.218334 
0.14405 0.217731 
0.14439 0.217013 
0.14472 0.216352 
0.14505 0.215632 
0.14539 0.215001 
0.14572 0.214236 
0.14606 0.213392 
0.14639 0.212742 
0.14672 0.212105 
0.14706 0.211390 
0.14739 0.210627 
0.14773 0.209961 
0.14806 0.209483 
0.14840 0.208712 
0.14873 0.207977 
0.14906 0.207195 
0.14940 0.206639 
0.14973 0.206046 
0.15007 0.205437 
0.15040 0.204682 
0.15074 0.204060 
0.15107 0.203393 
0.15140 0.202719 
0.15174 0.201953 
0.15207 0.201288 
0.15241 0.200617 
0.15274 0.199883 
0.15307 0.199316 
0.15341 0.198628 
0.15374 0.197944 
0.15408 0.197350 
0.15441 0.196777 
0.15475 0.196236 
0.15508 0.195706 
0.15541 0.195115 
0.15575 0.194471 
0.15608 0.193804 
0.15642 0.193250 
0.15675 0.192654 
0.15709 0.191952 
0.15742 0.191471 
0.15775 0.190993 
0.15809 0.190382 
0.15842 0.189802 
0.15876 0.189216 
0.15909 0.188713 
0.15943 0.188160 
0.15976 0.187486 
0.16009 0.186887 
0.16043 0.186265 
0.16076 0.185681 
0.16110 0.185204 
0.16143 0.184617 
0.16176 0.184017 
0.16210 0.183420 
0.16243 0.182860 
0.16277 0.182253 
0.16310 0.181666 
0.16344 0.181141 
0.16377 0.180568 
0.16410 0.179983 
0.16444 0.179392 
0.16477 0.178804 
0.16511 0.178195 
0.16544 0.177671 
0.16578 0.177053 
0.16611 0.176478 
0.16644 0.175955 
0.16678 0.175451 
0.16711 0.174974 
0.16745 0.174451 
0.16778 0.173867 
0.16811 0.173287 
0.16845 0.172757 
0.16878 0.172159 
0.16912 0.171698 
0.16945 0.171169 
0.16979 0.170681 
0.17012 0.170181 
0.17045 0.169560 
0.17079 0.169111 
0.17112 0.168680 
0.17146 0.168190 
0.17179 0.167664 
0.17213 0.167141 
0.17246 0.166629 
0.17279 0.166164 
0.17313 0.165695 
0.17346 0.165160 
0.17380 0.164688 
0.17413 0.164167 
0.17447 0.163707 
0.17480 0.163278 
0.17513 0.162736 
0.17547 0.162254 
0.17580 0.161774 
0.17614 0.161298 
0.17647 0.160823 
0.17680 0.160280 
0.17714 0.159867 
0.17747 0.159471 
0.17781 0.158950 
0.17814 0.158445 
0.17848 0.157971 
0.17881 0.157520 
0.17914 0.157009 
0.17948 0.156570 
0.17981 0.156162 
0.18015 0.155692 
0.18048 0.155246 
0.18082 0.154864 
0.18115 0.154463 
0.18148 0.153989 
0.18182 0.153504 
0.18215 0.153090 
0.18249 0.152623 
0.18282 0.152199 
0.18316 0.151763 
0.18349 0.151270 
0.18382 0.150886 
0.18416 0.150450 
0.18449 0.149997 
0.18483 0.149573 
0.18516 0.149118 
0.18549 0.148717 
0.18583 0.148279 
0.18616 0.147824 
0.18650 0.147372 
0.18683 0.146960 
0.18717 0.146550 
0.18750 0.146091 
0.18783 0.145685 
0.18817 0.145250 
0.18850 0.144836 
0.18884 0.144467 
0.18917 0.144107 
0.18951 0.143686 
0.18984 0.143354 
0.19017 0.143011 
0.19051 0.142639 
0.19084 0.142244 
0.19118 0.141869 
0.19151 0.141520 
0.19184 0.141148 
0.19218 0.140724 
0.19251 0.140302 
0.19285 0.139924 
0.19318 0.139530 
0.19352 0.139167 
0.19385 0.138753 
0.19418 0.138376 
0.19452 0.138007 
0.19485 0.137622 
0.19519 0.137233 
0.19552 0.136893 
0.19586 0.136490 
0.19619 0.136112 
0.19652 0.135753 
0.19686 0.135408 
0.19719 0.135023 
0.19753 0.134630 
0.19786 0.134261 
0.19820 0.133882 
0.19853 0.133505 
0.19886 0.133186 
0.19920 0.132858 
0.19953 0.132491 
0.19987 0.132087 
0.20020 0.131764 
0.20053 0.131397 
0.20087 0.131059 
0.20120 0.130652 
0.20154 0.130295 
0.20187 0.129935 
0.20221 0.129593 
0.20254 0.129286 
0.20287 0.128909 
0.20321 0.128571 
0.20354 0.128241 
0.20388 0.127869 
0.20421 0.127558 
0.20455 0.127194 
0.20488 0.126838 
0.20521 0.126536 
0.20555 0.126236 
0.20588 0.125890 
0.20622 0.125534 
0.20655 0.125201 
0.20689 0.124901 
0.20722 0.124566 
0.20755 0.124227 
0.20789 0.123885 
0.20822 0.123559 
0.20856 0.123235 
0.20889 0.122892 
0.20922 0.122566 
0.20956 0.122267 
0.20989 0.121928 
0.21023 0.121611 
0.21056 0.121296 
0.21090 0.120967 
0.21123 0.120644 
0.21156 0.120313 
0.21190 0.120023 
0.21223 0.119700 
0.21257 0.119418 
0.21290 0.119117 
0.21324 0.118802 
0.21357 0.118504 
0.21390 0.118197 
0.21424 0.117892 
0.21457 0.117598 
0.21491 0.117275 
0.21524 0.116993 
0.21557 0.116669 
0.21591 0.116404 
0.21624 0.116140 
0.21658 0.115858 
0.21691 0.115572 
0.21725 0.115278 
0.21758 0.115023 
0.21791 0.114750 
0.21825 0.114451 
0.21858 0.114143 
0.21892 0.113892 
0.21925 0.113605 
0.21959 0.113329 
0.21992 0.113059 
0.22025 0.112762 
0.22059 0.112471 
0.22092 0.112195 
0.22126 0.111906 
0.22159 0.111628 
0.22193 0.111355 
0.22226 0.111092 
0.22259 0.110836 
0.22293 0.110553 
0.22326 0.110276 
0.22360 0.110004 
0.22393 0.109770 
0.22426 0.109496 
0.22460 0.109236 
0.22493 0.108965 
0.22527 0.108716 
0.22560 0.108438 
0.22594 0.108166 
0.22627 0.107890 
0.22660 0.107628 
0.22694 0.107385 
0.22727 0.107117 
0.22761 0.106884 
0.22794 0.106631 
0.22828 0.106401 
0.22861 0.106141 
0.22894 0.105908 
0.22928 0.105654 
0.22961 0.105419 
0.22995 0.105159 
0.23028 0.104917 
0.23061 0.104668 
0.23095 0.104419 
0.23128 0.104155 
0.23162 0.103892 
0.23195 0.103638 
0.23229 0.103394 
0.23262 0.103159 
0.23295 0.102908 
0.23329 0.102663 
0.23362 0.102402 
0.23396 0.102175 
0.23429 0.101940 
0.23463 0.101707 
0.23496 0.101466 
0.23529 0.101214 
0.23563 0.100983 
0.23596 0.100725 
0.23630 0.100488 
0.23663 0.100237 
0.23697 0.100002 
0.23730 0.099768 
0.23763 0.099534 
0.23797 0.099318 
0.23830 0.099087 
0.23864 0.098852 
0.23897 0.098619 
0.23930 0.098402 
0.23964 0.098194 
0.23997 0.097948 
0.24031 0.097749 
0.24064 0.097531 
0.24098 0.097299 
0.24131 0.097099 
0.24164 0.096865 
0.24198 0.096639 
0.24231 0.096422 
0.24265 0.096225 
0.24298 0.096021 
0.24332 0.095787 
0.24365 0.095573 
0.24398 0.095345 
0.24432 0.095115 
0.24465 0.094915 
0.24499 0.094693 
0.24532 0.094468 
0.24566 0.094256 
0.24599 0.094037 
0.24632 0.093833 
0.24666 0.093623 
0.24699 0.093399 
0.24733 0.093172 
0.24766 0.092957 
0.24799 0.092754 
0.24833 0.092544 
0.24866 0.092317 
0.24900 0.092134 
0.24933 0.091923 
0.24967 0.091720 
0.25000 0.091514 
0.25033 0.091327 
0.25067 0.091115 
0.25100 0.090933 
0.25134 0.090723 
0.25167 0.090503 
0.25201 0.090341 
0.25234 0.090151 
0.25267 0.089933 
0.25301 0.089737 
0.25334 0.089532 
0.25368 0.089362 
0.25401 0.089169 
0.25434 0.088955 
0.25468 0.088756 
0.25501 0.088547 
0.25535 0.088357 
0.25568 0.088153 
0.25602 0.087947 
0.25635 0.087752 
0.25668 0.087550 
0.25702 0.087360 
0.25735 0.087180 
0.25769 0.086984 
0.25802 0.086799 
0.25836 0.086605 
0.25869 0.086435 
0.25902 0.086258 
0.25936 0.086069 
0.25969 0.085897 
0.26003 0.085733 
0.26036 0.085529 
0.26070 0.085353 
0.26103 0.085174 
0.26136 0.085008 
0.26170 0.084843 
0.26203 0.084666 
0.26237 0.084499 
0.26270 0.084316 
0.26303 0.084134 
0.26337 0.083969 
0.26370 0.083795 
0.26404 0.083615 
0.26437 0.083464 
0.26471 0.083276 
0.26504 0.083095 
0.26537 0.082914 
0.26571 0.082731 
0.26604 0.082551 
0.26638 0.082385 
0.26671 0.082226 
0.26705 0.082061 
0.26738 0.081887 
0.26771 0.081704 
0.26805 0.081538 
0.26838 0.081353 
0.26872 0.081188 
0.26905 0.081023 
0.26939 0.080838 
0.26972 0.080684 
0.27005 0.080527 
0.27039 0.080355 
0.27072 0.080175 
0.27106 0.079996 
0.27139 0.079823 
0.27172 0.079657 
0.27206 0.079482 
0.27239 0.079330 
0.27273 0.079180 
0.27306 0.079010 
0.27340 0.078844 
0.27373 0.078693 
0.27406 0.078525 
0.27440 0.078358 
0.27473 0.078194 
0.27507 0.078027 
0.27540 0.077862 
0.27574 0.077690 
0.27607 0.077538 
0.27640 0.077379 
0.27674 0.077213 
0.27707 0.077056 
0.27741 0.076899 
0.27774 0.076749 
0.27807 0.076599 
0.27841 0.076461 
0.27874 0.076318 
0.27908 0.076158 
0.27941 0.076011 
0.27975 0.075855 
0.28008 0.075716 
0.28041 0.075556 
0.28075 0.075396 
0.28108 0.075242 
0.28142 0.075092 
0.28175 0.074936 
0.28209 0.074795 
0.28242 0.074652 
0.28275 0.074509 
0.28309 0.074355 
0.28342 0.074205 
0.28376 0.074066 
0.28409 0.073922 
0.28443 0.073757 
0.28476 0.073606 
0.28509 0.073463 
0.28543 0.073335 
0.28576 0.073188 
0.28610 0.073045 
0.28643 0.072893 
0.28676 0.072759 
0.28710 0.072606 
0.28743 0.072453 
0.28777 0.072304 
0.28810 0.072163 
0.28844 0.072009 
0.28877 0.071869 
0.28910 0.071730 
0.28944 0.071586 
0.28977 0.071450 
0.29011 0.071304 
0.29044 0.071163 
0.29078 0.071040 
0.29111 0.070903 
0.29144 0.070777 
0.29178 0.070649 
0.29211 0.070508 
0.29245 0.070371 
0.29278 0.070239 
0.29311 0.070107 
0.29345 0.069963 
0.29378 0.069827 
0.29412 0.069692 
0.29445 0.069549 
0.29479 0.069412 
0.29512 0.069278 
0.29545 0.069154 
0.29579 0.069021 
0.29612 0.068898 
0.29646 0.068771 
0.29679 0.068639 
0.29713 0.068510 
0.29746 0.068397 
0.29779 0.068263 
0.29813 0.068133 
0.29846 0.068003 
0.29880 0.067881 
0.29913 0.067749 
0.29947 0.067623 
0.29980 0.067497 
0.30013 0.067381 
0.30047 0.067251 
0.30080 0.067131 
0.30114 0.067005 
0.30147 0.066881 
0.30180 0.066755 
0.30214 0.066626 
0.30247 0.066504 
0.30281 0.066376 
0.30314 0.066250 
0.30348 0.066118 
0.30381 0.065997 
0.30414 0.065876 
0.30448 0.065753 
0.30481 0.065628 
0.30515 0.065506 
0.30548 0.065396 
0.30582 0.065265 
0.30615 0.065139 
0.30648 0.065028 
0.30682 0.064910 
0.30715 0.064795 
0.30749 0.064661 
0.30782 0.064535 
0.30816 0.064421 
0.30849 0.064300 
0.30882 0.064180 
0.30916 0.064072 
0.30949 0.063959 
0.30983 0.063828 
0.31016 0.063707 
0.31049 0.063588 
0.31083 0.063472 
0.31116 0.063347 
0.31150 0.063234 
0.31183 0.063108 
0.31217 0.062984 
0.31250 0.062884 
0.31283 0.062768 
0.31317 0.062657 
0.31350 0.062537 
0.31384 0.062424 
0.31417 0.062305 
0.31451 0.062193 
0.31484 0.062079 
0.31517 0.061961 
0.31551 0.061847 
0.31584 0.061734 
0.31618 0.061620 
0.31651 0.061521 
0.31684 0.061404 
0.31718 0.061295 
0.31751 0.061186 
0.31785 0.061077 
0.31818 0.060958 
0.31852 0.060847 
0.31885 0.060739 
0.31918 0.060621 
0.31952 0.060516 
0.31985 0.060407 
0.32019 0.060296 
0.32052 0.060184 
0.32086 0.060071 
0.32119 0.059964 
0.32152 0.059852 
0.32186 0.059743 
0.32219 0.059634 
0.32253 0.059530 
0.32286 0.059432 
0.32320 0.059331 
0.32353 0.059223 
0.32386 0.059118 
0.32420 0.059015 
0.32453 0.058910 
0.32487 0.058804 
0.32520 0.058698 
0.32553 0.058590 
0.32587 0.058483 
0.32620 0.058377 
0.32654 0.058287 
0.32687 0.058183 
0.32721 0.058087 
0.32754 0.057985 
0.32787 0.057888 
0.32821 0.057786 
0.32854 0.057675 
0.32888 0.057576 
0.32921 0.057480 
0.32955 0.057384 
0.32988 0.057284 
0.33021 0.057193 
0.33055 0.057096 
0.33088 0.056991 
0.33122 0.056890 
0.33155 0.056795 
0.33189 0.056691 
0.33222 0.056597 
0.33255 0.056502 
0.33289 0.056398 
0.33322 0.056305 
0.33356 0.056213 
0.33389 0.056118 
0.33422 0.056024 
0.33456 0.055924 
0.33489 0.055832 
0.33523 0.055727 
0.33556 0.055628 
0.33590 0.055539 
0.33623 0.055440 
0.33656 0.055352 
0.33690 0.055266 
0.33723 0.055166 
0.33757 0.055071 
0.33790 0.054977 
0.33824 0.054882 
0.33857 0.054790 
0.33890 0.054699 
0.33924 0.054609 
0.33957 0.054525 
0.33991 0.054427 
0.34024 0.054341 
0.34057 0.054254 
0.34091 0.054157 
0.34124 0.054072 
0.34158 0.053980 
0.34191 0.053884 
0.34225 0.053792 
0.34258 0.053710 
0.34291 0.053619 
0.34325 0.053529 
0.34358 0.053444 
0.34392 0.053354 
0.34425 0.053273 
0.34459 0.053188 
0.34492 0.053108 
0.34525 0.053018 
0.34559 0.052934 
0.34592 0.052847 
0.34626 0.052752 
0.34659 0.052669 
0.34693 0.052586 
0.34726 0.052498 
0.34759 0.052406 
0.34793 0.052315 
0.34826 0.052231 
0.34860 0.052140 
0.34893 0.052060 
0.34926 0.051964 
0.34960 0.051880 
0.34993 0.051790 
0.35027 0.051711 
0.35060 0.051621 
0.35094 0.051539 
0.35127 0.051456 
0.35160 0.051367 
0.35194 0.051286 
0.35227 0.051196 
0.35261 0.051115 
0.35294 0.051027 
0.35328 0.050948 
0.35361 0.050866 
0.35394 0.050777 
0.35428 0.050692 
0.35461 0.050613 
0.35495 0.050532 
0.35528 0.050447 
0.35561 0.050368 
0.35595 0.050288 
0.35628 0.050214 
0.35662 0.050138 
0.35695 0.050062 
0.35729 0.049975 
0.35762 0.049896 
0.35795 0.049811 
0.35829 0.049734 
0.35862 0.049655 
0.35896 0.049573 
0.35929 0.049491 
0.35963 0.049418 
0.35996 0.049337 
0.36029 0.049259 
0.36063 0.049178 
0.36096 0.049102 
0.36130 0.049030 
0.36163 0.048959 
0.36197 0.048878 
0.36230 0.048798 
0.36263 0.048717 
0.36297 0.048649 
0.36330 0.048573 
0.36364 0.048501 
0.36397 0.048422 
0.36430 0.048352 
0.36464 0.048275 
0.36497 0.048195 
0.36531 0.048117 
0.36564 0.048049 
0.36598 0.047976 
0.36631 0.047895 
0.36664 0.047816 
0.36698 0.047744 
0.36731 0.047669 
0.36765 0.047590 
0.36798 0.047515 
0.36832 0.047442 
0.36865 0.047371 
0.36898 0.047303 
0.36932 0.047224 
0.36965 0.047152 
0.36999 0.047075 
0.37032 0.047000 
0.37066 0.046930 
0.37099 0.046857 
0.37132 0.046782 
0.37166 0.046706 
0.37199 0.046635 
0.37233 0.046562 
0.37266 0.046487 
0.37299 0.046412 
0.37333 0.046343 
0.37366 0.046271 
0.37400 0.046203 
0.37433 0.046135 
0.37467 0.046070 
0.37500 0.046001 
0.37533 0.045928 
0.37567 0.045859 
0.37600 0.045787 
0.37634 0.045719 
0.37667 0.045647 
0.37701 0.045574 
0.37734 0.045509 
0.37767 0.045439 
0.37801 0.045373 
0.37834 0.045302 
0.37868 0.045235 
0.37901 0.045166 
0.37934 0.045100 
0.37968 0.045030 
0.38001 0.044962 
0.38035 0.044894 
0.38068 0.044827 
0.38102 0.044761 
0.38135 0.044695 
0.38168 0.044625 
0.38202 0.044557 
0.38235 0.044486 
0.38269 0.044418 
0.38302 0.044351 
0.38336 0.044283 
0.38369 0.044218 
0.38402 0.044156 
0.38436 0.044093 
0.38469 0.044028 
0.38503 0.043962 
0.38536 0.043897 
0.38570 0.043831 
0.38603 0.043764 
0.38636 0.043703 
0.38670 0.043637 
0.38703 0.043569 
0.38737 0.043506 
0.38770 0.043444 
0.38803 0.043377 
0.38837 0.043312 
0.38870 0.043247 
0.38904 0.043187 
0.38937 0.043126 
0.38971 0.043064 
0.39004 0.043005 
0.39037 0.042937 
0.39071 0.042879 
0.39104 0.042818 
0.39138 0.042757 
0.39171 0.042694 
0.39205 0.042637 
0.39238 0.042575 
0.39271 0.042513 
0.39305 0.042449 
0.39338 0.042391 
0.39372 0.042332 
0.39405 0.042273 
0.39439 0.042212 
0.39472 0.042150 
0.39505 0.042091 
0.39539 0.042034 
0.39572 0.041974 
0.39606 0.041912 
0.39639 0.041851 
0.39672 0.041791 
0.39706 0.041729 
0.39739 0.041673 
0.39773 0.041617 
0.39806 0.041557 
0.39840 0.041497 
0.39873 0.041441 
0.39906 0.041379 
0.39940 0.041315 
0.39973 0.041253 
0.40007 0.041190 
0.40040 0.041127 
0.40074 0.041066 
0.40107 0.041006 
0.40140 0.040942 
0.40174 0.040885 
0.40207 0.040823 
0.40241 0.040769 
0.40274 0.040711 
0.40307 0.040652 
0.40341 0.040592 
0.40374 0.040536 
0.40408 0.040479 
0.40441 0.040419 
0.40475 0.040364 
0.40508 0.040313 
0.40541 0.040254 
0.40575 0.040196 
0.40608 0.040141 
0.40642 0.040084 
0.40675 0.040026 
0.40709 0.039967 
0.40742 0.039910 
0.40775 0.039859 
0.40809 0.039805 
0.40842 0.039742 
0.40876 0.039687 
0.40909 0.039631 
0.40943 0.039580 
0.40976 0.039522 
0.41009 0.039464 
0.41043 0.039410 
0.41076 0.039352 
0.41110 0.039296 
0.41143 0.039241 
0.41176 0.039184 
0.41210 0.039130 
0.41243 0.039073 
0.41277 0.039020 
0.41310 0.038963 
0.41344 0.038912 
0.41377 0.038858 
0.41410 0.038805 
0.41444 0.038750 
0.41477 0.038693 
0.41511 0.038638 
0.41544 0.038586 
0.41578 0.038537 
0.41611 0.038484 
0.41644 0.038433 
0.41678 0.038379 
0.41711 0.038323 
0.41745 0.038273 
0.41778 0.038224 
0.41811 0.038170 
0.41845 0.038115 
0.41878 0.038059 
0.41912 0.038009 
0.41945 0.037957 
0.41979 0.037908 
0.42012 0.037858 
0.42045 0.037805 
0.42079 0.037754 
0.42112 0.037699 
0.42146 0.037651 
0.42179 0.037600 
0.42213 0.037554 
0.42246 0.037509 
0.42279 0.037459 
0.42313 0.037411 
0.42346 0.037362 
0.42380 0.037311 
0.42413 0.037261 
0.42447 0.037207 
0.42480 0.037152 
0.42513 0.037101 
0.42547 0.037057 
0.42580 0.037005 
0.42614 0.036960 
0.42647 0.036906 
0.42680 0.036853 
0.42714 0.036804 
0.42747 0.036755 
0.42781 0.036705 
0.42814 0.036657 
0.42848 0.036607 
0.42881 0.036558 
0.42914 0.036507 
0.42948 0.036460 
0.42981 0.036410 
0.43015 0.036360 
0.43048 0.036309 
0.43082 0.036261 
0.43115 0.036212 
0.43148 0.036165 
0.43182 0.036121 
0.43215 0.036073 
0.43249 0.036026 
0.43282 0.035977 
0.43316 0.035931 
0.43349 0.035885 
0.43382 0.035839 
0.43416 0.035793 
0.43449 0.035747 
0.43483 0.035696 
0.43516 0.035651 
0.43549 0.035604 
0.43583 0.035561 
0.43616 0.035513 
0.43650 0.035463 
0.43683 0.035414 
0.43717 0.035366 
0.43750 0.035318 
0.43783 0.035273 
0.43817 0.035226 
0.43850 0.035180 
0.43884 0.035136 
0.43917 0.035091 
0.43951 0.035047 
0.43984 0.035002 
0.44017 0.034959 
0.44051 0.034916 
0.44084 0.034874 
0.44118 0.034830 
0.44151 0.034787 
0.44184 0.034743 
0.44218 0.034695 
0.44251 0.034653 
0.44285 0.034610 
0.44318 0.034564 
0.44352 0.034518 
0.44385 0.034472 
0.44418 0.034427 
0.44452 0.034381 
0.44485 0.034336 
0.44519 0.034292 
0.44552 0.034248 
0.44586 0.034202 
0.44619 0.034157 
0.44652 0.034114 
0.44686 0.034069 
0.44719 0.034026 
0.44753 0.033983 
0.44786 0.033940 
0.44820 0.033891 
0.44853 0.033844 
0.44886 0.033796 
0.44920 0.033755 
0.44953 0.033714 
0.44987 0.033669 
0.45020 0.033630 
0.45053 0.033590 
0.45087 0.033546 
0.45120 0.033503 
0.45154 0.033461 
0.45187 0.033417 
0.45221 0.033375 
0.45254 0.033330 
0.45287 0.033284 
0.45321 0.033243 
0.45354 0.033201 
0.45388 0.033158 
0.45421 0.033118 
0.45455 0.033077 
0.45488 0.033037 
0.45521 0.032996 
0.45555 0.032952 
0.45588 0.032910 
0.45622 0.032868 
0.45655 0.032831 
0.45689 0.032788 
0.45722 0.032748 
0.45755 0.032706 
0.45789 0.032665 
0.45822 0.032625 
0.45856 0.032585 
0.45889 0.032541 
0.45922 0.032501 
0.45956 0.032461 
0.45989 0.032422 
0.46023 0.032383 
0.46056 0.032339 
0.46090 0.032299 
0.46123 0.032258 
0.46156 0.032217 
0.46190 0.032178 
0.46223 0.032135 
0.46257 0.032095 
0.46290 0.032054 
0.46324 0.032016 
0.46357 0.031978 
0.46390 0.031938 
0.46424 0.031901 
0.46457 0.031861 
0.46491 0.031819 
0.46524 0.031777 
0.46557 0.031737 
0.46591 0.031698 
0.46624 0.031661 
0.46658 0.031621 
0.46691 0.031580 
0.46725 0.031539 
0.46758 0.031498 
0.46791 0.031455 
0.46825 0.031415 
0.46858 0.031378 
0.46892 0.031341 
0.46925 0.031302 
0.46959 0.031267 
0.46992 0.031230 
0.47025 0.031193 
0.47059 0.031158 
0.47092 0.031116 
0.47126 0.031077 
0.47159 0.031040 
0.47193 0.031000 
0.47226 0.030965 
0.47259 0.030928 
0.47293 0.030889 
0.47326 0.030852 
0.47360 0.030815 
0.47393 0.030781 
0.47426 0.030744 
0.47460 0.030709 
0.47493 0.030669 
0.47527 0.030632 
0.47560 0.030592 
0.47594 0.030555 
0.47627 0.030520 
0.47660 0.030484 
0.47694 0.030450 
0.47727 0.030412 
0.47761 0.030377 
0.47794 0.030341 
0.47828 0.030307 
0.47861 0.030274 
0.47894 0.030239 
0.47928 0.030202 
0.47961 0.030163 
0.47995 0.030129 
0.48028 0.030094 
0.48061 0.030058 
0.48095 0.030019 
0.48128 0.029980 
0.48162 0.029944 
0.48195 0.029910 
0.48229 0.029873 
0.48262 0.029838 
0.48295 0.029803 
0.48329 0.029769 
0.48362 0.029736 
0.48396 0.029699 
0.48429 0.029665 
0.48463 0.029631 
0.48496 0.029597 
0.48529 0.029562 
0.48563 0.029527 
0.48596 0.029493 
0.48630 0.029456 
0.48663 0.029421 
0.48697 0.029387 
0.48730 0.029352 
0.48763 0.029318 
0.48797 0.029284 
0.48830 0.029250 
0.48864 0.029216 
0.48897 0.029179 
0.48930 0.029146 
0.48964 0.029111 
0.48997 0.029078 
0.49031 0.029041 
0.49064 0.029005 
0.49098 0.028972 
0.49131 0.028937 
0.49164 0.028903 
0.49198 0.028869 
0.49231 0.028837 
0.49265 0.028803 
0.49298 0.028770 
0.49332 0.028739 
0.49365 0.028707 
0.49398 0.028672 
0.49432 0.028637 
0.49465 0.028604 
0.49499 0.028572 
0.49532 0.028539 
0.49566 0.028504 
0.49599 0.028471 
0.49632 0.028438 
0.49666 0.028405 
0.49699 0.028372 
0.49733 0.028339 
0.49766 0.028307 
0.49799 0.028275 
0.49833 0.028245 
0.49866 0.028212 
0.49900 0.028180 
0.49933 0.028147 
0.49967 0.028116 
0.50000 0.028086 
0.50033 0.028054 
0.50067 0.028021 
0.50100 0.027991 
0.50134 0.027962 
0.50167 0.027932 
0.50201 0.027901 
0.50234 0.027869 
0.50267 0.027837 
0.50301 0.027804 
0.50334 0.027772 
0.50368 0.027740 
0.50401 0.027708 
0.50434 0.027677 
0.50468 0.027644 
0.50501 0.027614 
0.50535 0.027580 
0.50568 0.027550 
0.50602 0.027518 
0.50635 0.027486 
0.50668 0.027454 
0.50702 0.027424 
0.50735 0.027391 
0.50769 0.027359 
0.50802 0.027326 
0.50836 0.027297 
0.50869 0.027264 
0.50902 0.027235 
0.50936 0.027204 
0.50969 0.027174 
0.51003 0.027143 
0.51036 0.027111 
0.51070 0.027080 
0.51103 0.027049 
0.51136 0.027018 
0.51170 0.026987 
0.51203 0.026956 
0.51237 0.026925 
0.51270 0.026896 
0.51303 0.026866 
0.51337 0.026835 
0.51370 0.026803 
0.51404 0.026772 
0.51437 0.026740 
0.51471 0.026708 
0.51504 0.026677 
0.51537 0.026648 
0.51571 0.026619 
0.51604 0.026588 
0.51638 0.026557 
0.51671 0.026528 
0.51705 0.026498 
0.51738 0.026468 
0.51771 0.026438 
0.51805 0.026410 
0.51838 0.026380 
0.51872 0.026349 
0.51905 0.026320 
0.51939 0.026290 
0.51972 0.026259 
0.52005 0.026233 
0.52039 0.026203 
0.52072 0.026175 
0.52106 0.026146 
0.52139 0.026120 
0.52172 0.026091 
0.52206 0.026063 
0.52239 0.026032 
0.52273 0.026003 
0.52306 0.025975 
0.52340 0.025947 
0.52373 0.025918 
0.52406 0.025890 
0.52440 0.025863 
0.52473 0.025835 
0.52507 0.025808 
0.52540 0.025781 
0.52574 0.025751 
0.52607 0.025722 
0.52640 0.025694 
0.52674 0.025666 
0.52707 0.025637 
0.52741 0.025607 
0.52774 0.025577 
0.52807 0.025551 
0.52841 0.025525 
0.52874 0.025496 
0.52908 0.025468 
0.52941 0.025439 
0.52975 0.025413 
0.53008 0.025387 
0.53041 0.025361 
0.53075 0.025333 
0.53108 0.025306 
0.53142 0.025279 
0.53175 0.025253 
0.53209 0.025226 
0.53242 0.025197 
0.53275 0.025170 
0.53309 0.025143 
0.53342 0.025115 
0.53376 0.025086 
0.53409 0.025060 
0.53443 0.025033 
0.53476 0.025006 
0.53509 0.024980 
0.53543 0.024954 
0.53576 0.024928 
0.53610 0.024901 
0.53643 0.024873 
0.53676 0.024845 
0.53710 0.024819 
0.53743 0.024794 
0.53777 0.024767 
0.53810 0.024740 
0.53844 0.024714 
0.53877 0.024688 
0.53910 0.024662 
0.53944 0.024635 
0.53977 0.024607 
0.54011 0.024579 
0.54044 0.024553 
0.54078 0.024525 
0.54111 0.024499 
0.54144 0.024473 
0.54178 0.024445 
0.54211 0.024419 
0.54245 0.024394 
0.54278 0.024370 
0.54311 0.024343 
0.54345 0.024319 
0.54378 0.024295 
0.54412 0.024269 
0.54445 0.024243 
0.54479 0.024218 
0.54512 0.024194 
0.54545 0.024169 
0.54579 0.024145 
0.54612 0.024119 
0.54646 0.024091 
0.54679 0.024066 
0.54713 0.024041 
0.54746 0.024015 
0.54779 0.023989 
0.54813 0.023964 
0.54846 0.023940 
0.54880 0.023914 
0.54913 0.023890 
0.54947 0.023864 
0.54980 0.023840 
0.55013 0.023815 
0.55047 0.023790 
0.55080 0.023766 
0.55114 0.023741 
0.55147 0.023716 
0.55180 0.023693 
0.55214 0.023668 
0.55247 0.023643 
0.55281 0.023618 
0.55314 0.023592 
0.55348 0.023566 
0.55381 0.023544 
0.55414 0.023520 
0.55448 0.023497 
0.55481 0.023473 
0.55515 0.023446 
0.55548 0.023423 
0.55582 0.023399 
0.55615 0.023374 
0.55648 0.023350 
0.55682 0.023326 
0.55715 0.023302 
0.55749 0.023277 
0.55782 0.023254 
0.55816 0.023230 
0.55849 0.023207 
0.55882 0.023183 
0.55916 0.023159 
0.55949 0.023136 
0.55983 0.023114 
0.56016 0.023090 
0.56049 0.023069 
0.56083 0.023045 
0.56116 0.023022 
0.56150 0.022999 
0.56183 0.022974 
0.56217 0.022951 
0.56250 0.022930 
0.56283 0.022907 
0.56317 0.022885 
0.56350 0.022862 
0.56384 0.022838 
0.56417 0.022814 
0.56451 0.022791 
0.56484 0.022769 
0.56517 0.022747 
0.56551 0.022726 
0.56584 0.022703 
0.56618 0.022678 
0.56651 0.022654 
0.56684 0.022630 
0.56718 0.022609 
0.56751 0.022587 
0.56785 0.022566 
0.56818 0.022543 
0.56852 0.022520 
0.56885 0.022498 
0.56918 0.022475 
0.56952 0.022453 
0.56985 0.022431 
0.57019 0.022408 
0.57052 0.022389 
0.57086 0.022366 
0.57119 0.022344 
0.57152 0.022321 
0.57186 0.022298 
0.57219 0.022276 
0.57253 0.022255 
0.57286 0.022234 
0.57320 0.022211 
0.57353 0.022189 
0.57386 0.022167 
0.57420 0.022146 
0.57453 0.022124 
0.57487 0.022102 
0.57520 0.022081 
0.57553 0.022060 
0.57587 0.022038 
0.57620 0.022016 
0.57654 0.021995 
0.57687 0.021973 
0.57721 0.021952 
0.57754 0.021930 
0.57787 0.021909 
0.57821 0.021886 
0.57854 0.021864 
0.57888 0.021843 
0.57921 0.021819 
0.57955 0.021797 
0.57988 0.021775 
0.58021 0.021752 
0.58055 0.021731 
0.58088 0.021710 
0.58122 0.021688 
0.58155 0.021665 
0.58189 0.021644 
0.58222 0.021623 
0.58255 0.021601 
0.58289 0.021578 
0.58322 0.021557 
0.58356 0.021537 
0.58389 0.021514 
0.58422 0.021492 
0.58456 0.021472 
0.58489 0.021451 
0.58523 0.021430 
0.58556 0.021408 
0.58590 0.021388 
0.58623 0.021368 
0.58656 0.021348 
0.58690 0.021327 
0.58723 0.021304 
0.58757 0.021282 
0.58790 0.021262 
0.58824 0.021239 
0.58857 0.021217 
0.58890 0.021194 
0.58924 0.021172 
0.58957 0.021152 
0.58991 0.021131 
0.59024 0.021110 
0.59057 0.021090 
0.59091 0.021070 
0.59124 0.021049 
0.59158 0.021029 
0.59191 0.021008 
0.59225 0.020988 
0.59258 0.020967 
0.59291 0.020948 
0.59325 0.020928 
0.59358 0.020907 
0.59392 0.020888 
0.59425 0.020868 
0.59459 0.020847 
0.59492 0.020826 
0.59525 0.020806 
0.59559 0.020786 
0.59592 0.020765 
0.59626 0.020745 
0.59659 0.020726 
0.59693 0.020706 
0.59726 0.020685 
0.59759 0.020666 
0.59793 0.020647 
0.59826 0.020626 
0.59860 0.020607 
0.59893 0.020587 
0.59926 0.020568 
0.59960 0.020548 
0.59993 0.020528 
0.60027 0.020509 
0.60060 0.020489 
0.60094 0.020470 
0.60127 0.020450 
0.60160 0.020431 
0.60194 0.020411 
0.60227 0.020391 
0.60261 0.020373 
0.60294 0.020353 
0.60328 0.020335 
0.60361 0.020315 
0.60394 0.020296 
0.60428 0.020275 
0.60461 0.020256 
0.60495 0.020237 
0.60528 0.020219 
0.60561 0.020200 
0.60595 0.020181 
0.60628 0.020162 
0.60662 0.020142 
0.60695 0.020123 
0.60729 0.020104 
0.60762 0.020085 
0.60795 0.020066 
0.60829 0.020047 
0.60862 0.020028 
0.60896 0.020009 
0.60929 0.019990 
0.60963 0.019971 
0.60996 0.019953 
0.61029 0.019935 
0.61063 0.019917 
0.61096 0.019898 
0.61130 0.019879 
0.61163 0.019861 
0.61197 0.019842 
0.61230 0.019823 
0.61263 0.019804 
0.61297 0.019786 
0.61330 0.019768 
0.61364 0.019750 
0.61397 0.019730 
0.61430 0.019713 
0.61464 0.019695 
0.61497 0.019676 
0.61531 0.019657 
0.61564 0.019640 
0.61598 0.019622 
0.61631 0.019605 
0.61664 0.019587 
0.61698 0.019570 
0.61731 0.019551 
0.61765 0.019533 
0.61798 0.019515 
0.61832 0.019497 
0.61865 0.019480 
0.61898 0.019461 
0.61932 0.019443 
0.61965 0.019424 
0.61999 0.019406 
0.62032 0.019388 
0.62066 0.019370 
0.62099 0.019351 
0.62132 0.019332 
0.62166 0.019313 
0.62199 0.019295 
0.62233 0.019277 
0.62266 0.019259 
0.62299 0.019242 
0.62333 0.019224 
0.62366 0.019206 
0.62400 0.019189 
0.62433 0.019171 
0.62467 0.019154 
0.62500 0.019137 
0.62533 0.019119 
0.62567 0.019102 
0.62600 0.019083 
0.62634 0.019065 
0.62667 0.019048 
0.62701 0.019031 
0.62734 0.019013 
0.62767 0.018995 
0.62801 0.018978 
0.62834 0.018961 
0.62868 0.018944 
0.62901 0.018926 
0.62934 0.018907 
0.62968 0.018890 
0.63001 0.018872 
0.63035 0.018855 
0.63068 0.018837 
0.63102 0.018819 
0.63135 0.018802 
0.63168 0.018785 
0.63202 0.018768 
0.63235 0.018752 
0.63269 0.018735 
0.63302 0.018716 
0.63336 0.018700 
0.63369 0.018683 
0.63402 0.018666 
0.63436 0.018650 
0.63469 0.018631 
0.63503 0.018614 
0.63536 0.018597 
0.63570 0.018580 
0.63603 0.018564 
0.63636 0.018545 
0.63670 0.018528 
0.63703 0.018512 
0.63737 0.018494 
0.63770 0.018477 
0.63803 0.018459 
0.63837 0.018442 
0.63870 0.018425 
0.63904 0.018407 
0.63937 0.018390 
0.63971 0.018375 
0.64004 0.018358 
0.64037 0.018341 
0.64071 0.018324 
0.64104 0.018308 
0.64138 0.018292 
0.64171 0.018276 
0.64205 0.018258 
0.64238 0.018241 
0.64271 0.018225 
0.64305 0.018208 
0.64338 0.018193 
0.64372 0.018176 
0.64405 0.018161 
0.64439 0.018145 
0.64472 0.018128 
0.64505 0.018112 
0.64539 0.018096 
0.64572 0.018080 
0.64606 0.018064 
0.64639 0.018048 
0.64672 0.018031 
0.64706 0.018015 
0.64739 0.017999 
0.64773 0.017984 
0.64806 0.017968 
0.64840 0.017952 
0.64873 0.017935 
0.64906 0.017920 
0.64940 0.017904 
0.64973 0.017888 
0.65007 0.017873 
0.65040 0.017856 
0.65074 0.017841 
0.65107 0.017826 
0.65140 0.017810 
0.65174 0.017795 
0.65207 0.017780 
0.65241 0.017765 
0.65274 0.017749 
0.65307 0.017734 
0.65341 0.017719 
0.65374 0.017702 
0.65408 0.017686 
0.65441 0.017671 
0.65475 0.017654 
0.65508 0.017638 
0.65541 0.017623 
0.65575 0.017607 
0.65608 0.017590 
0.65642 0.017576 
0.65675 0.017559 
0.65709 0.017543 
0.65742 0.017527 
0.65775 0.017510 
0.65809 0.017494 
0.65842 0.017478 
0.65876 0.017463 
0.65909 0.017447 
0.65943 0.017433 
0.65976 0.017418 
0.66009 0.017402 
0.66043 0.017385 
0.66076 0.017369 
0.66110 0.017353 
0.66143 0.017338 
0.66176 0.017323 
0.66210 0.017307 
0.66243 0.017291 
0.66277 0.017277 
0.66310 0.017261 
0.66344 0.017245 
0.66377 0.017229 
0.66410 0.017214 
0.66444 0.017199 
0.66477 0.017184 
0.66511 0.017169 
0.66544 0.017155 
0.66578 0.017139 
0.66611 0.017124 
0.66644 0.017109 
0.66678 0.017094 
0.66711 0.017080 
0.66745 0.017065 
0.66778 0.017050 
0.66811 0.017036 
0.66845 0.017022 
0.66878 0.017007 
0.66912 0.016993 
0.66945 0.016978 
0.66979 0.016962 
0.67012 0.016948 
0.67045 0.016934 
0.67079 0.016919 
0.67112 0.016904 
0.67146 0.016889 
0.67179 0.016875 
0.67213 0.016861 
0.67246 0.016846 
0.67279 0.016831 
0.67313 0.016817 
0.67346 0.016802 
0.67380 0.016788 
0.67413 0.016775 
0.67447 0.016760 
0.67480 0.016746 
0.67513 0.016732 
0.67547 0.016718 
0.67580 0.016703 
0.67614 0.016689 
0.67647 0.016675 
0.67680 0.016660 
0.67714 0.016646 
0.67747 0.016632 
0.67781 0.016618 
0.67814 0.016604 
0.67848 0.016590 
0.67881 0.016576 
0.67914 0.016562 
0.67948 0.016548 
0.67981 0.016534 
0.68015 0.016520 
0.68048 0.016506 
0.68082 0.016493 
0.68115 0.016479 
0.68148 0.016464 
0.68182 0.016448 
0.68215 0.016434 
0.68249 0.016420 
0.68282 0.016405 
0.68316 0.016392 
0.68349 0.016378 
0.68382 0.016364 
0.68416 0.016351 
0.68449 0.016338 
0.68483 0.016324 
0.68516 0.016311 
0.68549 0.016297 
0.68583 0.016284 
0.68616 0.016269 
0.68650 0.016255 
0.68683 0.016242 
0.68717 0.016228 
0.68750 0.016213 
0.68783 0.016201 
0.68817 0.016187 
0.68850 0.016173 
0.68884 0.016159 
0.68917 0.016146 
0.68951 0.016133 
0.68984 0.016119 
0.69017 0.016105 
0.69051 0.016093 
0.69084 0.016079 
0.69118 0.016066 
0.69151 0.016053 
0.69184 0.016040 
0.69218 0.016027 
0.69251 0.016014 
0.69285 0.016001 
0.69318 0.015988 
0.69352 0.015975 
0.69385 0.015962 
0.69418 0.015949 
0.69452 0.015936 
0.69485 0.015923 
0.69519 0.015910 
0.69552 0.015897 
0.69586 0.015884 
0.69619 0.015870 
0.69652 0.015857 
0.69686 0.015843 
0.69719 0.015831 
0.69753 0.015818 
0.69786 0.015804 
0.69820 0.015791 
0.69853 0.015777 
0.69886 0.015764 
0.69920 0.015751 
0.69953 0.015739 
0.69987 0.015726 
0.70020 0.015713 
0.70053 0.015699 
0.70087 0.015687 
0.70120 0.015674 
0.70154 0.015660 
0.70187 0.015647 
0.70221 0.015634 
0.70254 0.015621 
0.70287 0.015608 
0.70321 0.015595 
0.70354 0.015582 
0.70388 0.015569 
0.70421 0.015556 
0.70455 0.015543 
0.70488 0.015530 
0.70521 0.015517 
0.70555 0.015505 
0.70588 0.015492 
0.70622 0.015479 
0.70655 0.015467 
0.70689 0.015454 
0.70722 0.015441 
0.70755 0.015429 
0.70789 0.015416 
0.70822 0.015404 
0.70856 0.015391 
0.70889 0.015378 
0.70922 0.015365 
0.70956 0.015352 
0.70989 0.015340 
0.71023 0.015327 
0.71056 0.015315 
0.71090 0.015303 
0.71123 0.015290 
0.71156 0.015278 
0.71190 0.015265 
0.71223 0.015253 
0.71257 0.015240 
0.71290 0.015228 
0.71324 0.015215 
0.71357 0.015203 
0.71390 0.015191 
0.71424 0.015178 
0.71457 0.015166 
0.71491 0.015154 
0.71524 0.015142 
0.71557 0.015128 
0.71591 0.015116 
0.71624 0.015104 
0.71658 0.015092 
0.71691 0.015080 
0.71725 0.015067 
0.71758 0.015056 
0.71791 0.015043 
0.71825 0.015031 
0.71858 0.015019 
0.71892 0.015007 
0.71925 0.014995 
0.71959 0.014983 
0.71992 0.014971 
0.72025 0.014959 
0.72059 0.014948 
0.72092 0.014936 
0.72126 0.014924 
0.72159 0.014912 
0.72193 0.014900 
0.72226 0.014888 
0.72259 0.014876 
0.72293 0.014863 
0.72326 0.014851 
0.72360 0.014839 
0.72393 0.014826 
0.72426 0.014815 
0.72460 0.014803 
0.72493 0.014791 
0.72527 0.014779 
0.72560 0.014768 
0.72594 0.014755 
0.72627 0.014744 
0.72660 0.014732 
0.72694 0.014720 
0.72727 0.014709 
0.72761 0.014697 
0.72794 0.014686 
0.72828 0.014674 
0.72861 0.014662 
0.72894 0.014651 
0.72928 0.014639 
0.72961 0.014627 
0.72995 0.014615 
0.73028 0.014603 
0.73061 0.014592 
0.73095 0.014580 
0.73128 0.014569 
0.73162 0.014557 
0.73195 0.014546 
0.73229 0.014534 
0.73262 0.014522 
0.73295 0.014511 
0.73329 0.014500 
0.73362 0.014488 
0.73396 0.014477 
0.73429 0.014465 
0.73463 0.014453 
0.73496 0.014443 
0.73529 0.014431 
0.73563 0.014420 
0.73596 0.014408 
0.73630 0.014396 
0.73663 0.014386 
0.73697 0.014375 
0.73730 0.014363 
0.73763 0.014352 
0.73797 0.014340 
0.73830 0.014330 
0.73864 0.014318 
0.73897 0.014307 
0.73930 0.014296 
0.73964 0.014285 
0.73997 0.014273 
0.74031 0.014262 
0.74064 0.014251 
0.74098 0.014239 
0.74131 0.014228 
0.74164 0.014217 
0.74198 0.014205 
0.74231 0.014194 
0.74265 0.014183 
0.74298 0.014172 
0.74332 0.014160 
0.74365 0.014149 
0.74398 0.014138 
0.74432 0.014127 
0.74465 0.014114 
0.74499 0.014104 
0.74532 0.014093 
0.74566 0.014082 
0.74599 0.014071 
0.74632 0.014059 
0.74666 0.014048 
0.74699 0.014037 
0.74733 0.014026 
0.74766 0.014014 
0.74799 0.014003 
0.74833 0.013992 
0.74866 0.013982 
0.74900 0.013971 
0.74933 0.013961 
0.74967 0.013950 
0.75000 0.013938 
0.75033 0.013928 
0.75067 0.013917 
0.75100 0.013906 
0.75134 0.013896 
0.75167 0.013884 
0.75201 0.013874 
0.75234 0.013863 
0.75267 0.013853 
0.75301 0.013841 
0.75334 0.013829 
0.75368 0.013818 
0.75401 0.013807 
0.75434 0.013796 
0.75468 0.013786 
0.75501 0.013775 
0.75535 0.013764 
0.75568 0.013754 
0.75602 0.013743 
0.75635 0.013732 
0.75668 0.013722 
0.75702 0.013711 
0.75735 0.013701 
0.75769 0.013690 
0.75802 0.013680 
0.75836 0.013669 
0.75869 0.013659 
0.75902 0.013648 
0.75936 0.013638 
0.75969 0.013627 
0.76003 0.013616 
0.76036 0.013606 
0.76070 0.013595 
0.76103 0.013585 
0.76136 0.013574 
0.76170 0.013564 
0.76203 0.013553 
0.76237 0.013542 
0.76270 0.013532 
0.76303 0.013522 
0.76337 0.013512 
0.76370 0.013501 
0.76404 0.013491 
0.76437 0.013480 
0.76471 0.013469 
0.76504 0.013459 
0.76537 0.013448 
0.76571 0.013437 
0.76604 0.013428 
0.76638 0.013417 
0.76671 0.013407 
0.76705 0.013397 
0.76738 0.013387 
0.76771 0.013377 
0.76805 0.013366 
0.76838 0.013356 
0.76872 0.013346 
0.76905 0.013336 
0.76939 0.013326 
0.76972 0.013316 
0.77005 0.013306 
0.77039 0.013296 
0.77072 0.013286 
0.77106 0.013276 
0.77139 0.013266 
0.77172 0.013256 
0.77206 0.013245 
0.77239 0.013235 
0.77273 0.013225 
0.77306 0.013216 
0.77340 0.013206 
0.77373 0.013195 
0.77406 0.013185 
0.77440 0.013176 
0.77473 0.013166 
0.77507 0.013156 
0.77540 0.013146 
0.77574 0.013136 
0.77607 0.013127 
0.77640 0.013117 
0.77674 0.013107 
0.77707 0.013097 
0.77741 0.013087 
0.77774 0.013078 
0.77807 0.013068 
0.77841 0.013058 
0.77874 0.013048 
0.77908 0.013038 
0.77941 0.013028 
0.77975 0.013017 
0.78008 0.013007 
0.78041 0.012998 
0.78075 0.012988 
0.78108 0.012978 
0.78142 0.012968 
0.78175 0.012958 
0.78209 0.012948 
0.78242 0.012938 
0.78275 0.012928 
0.78309 0.012918 
0.78342 0.012909 
0.78376 0.012899 
0.78409 0.012889 
0.78443 0.012880 
0.78476 0.012869 
0.78509 0.012860 
0.78543 0.012850 
0.78576 0.012841 
0.78610 0.012831 
0.78643 0.012821 
0.78676 0.012812 
0.78710 0.012802 
0.78743 0.012792 
0.78777 0.012783 
0.78810 0.012773 
0.78844 0.012763 
0.78877 0.012754 
0.78910 0.012744 
0.78944 0.012734 
0.78977 0.012724 
0.79011 0.012715 
0.79044 0.012705 
0.79078 0.012695 
0.79111 0.012685 
0.79144 0.012676 
0.79178 0.012666 
0.79211 0.012657 
0.79245 0.012647 
0.79278 0.012638 
0.79311 0.012628 
0.79345 0.012618 
0.79378 0.012609 
0.79412 0.012599 
0.79445 0.012590 
0.79479 0.012580 
0.79512 0.012571 
0.79545 0.012562 
0.79579 0.012552 
0.79612 0.012543 
0.79646 0.012534 
0.79679 0.012524 
0.79713 0.012515 
0.79746 0.012505 
0.79779 0.012496 
0.79813 0.012486 
0.79846 0.012477 
0.79880 0.012467 
0.79913 0.012458 
0.79947 0.012448 
0.79980 0.012439 
0.80013 0.012430 
0.80047 0.012420 
0.80080 0.012411 
0.80114 0.012402 
0.80147 0.012393 
0.80180 0.012384 
0.80214 0.012375 
0.80247 0.012365 
0.80281 0.012356 
0.80314 0.012346 
0.80348 0.012337 
0.80381 0.012327 
0.80414 0.012319 
0.80448 0.012310 
0.80481 0.012301 
0.80515 0.012291 
0.80548 0.012282 
0.80582 0.012273 
0.80615 0.012264 
0.80648 0.012255 
0.80682 0.012246 
0.80715 0.012237 
0.80749 0.012228 
0.80782 0.012219 
0.80816 0.012209 
0.80849 0.012201 
0.80882 0.012192 
0.80916 0.012183 
0.80949 0.012174 
0.80983 0.012165 
0.81016 0.012156 
0.81049 0.012148 
0.81083 0.012139 
0.81116 0.012130 
0.81150 0.012121 
0.81183 0.012112 
0.81217 0.012102 
0.81250 0.012093 
0.81283 0.012085 
0.81317 0.012076 
0.81350 0.012067 
0.81384 0.012058 
0.81417 0.012050 
0.81451 0.012041 
0.81484 0.012032 
0.81517 0.012023 
0.81551 0.012014 
0.81584 0.012006 
0.81618 0.011997 
0.81651 0.011988 
0.81684 0.011980 
0.81718 0.011971 
0.81751 0.011963 
0.81785 0.011954 
0.81818 0.011945 
0.81852 0.011937 
0.81885 0.011929 
0.81918 0.011919 
0.81952 0.011911 
0.81985 0.011903 
0.82019 0.011894 
0.82052 0.011886 
0.82086 0.011877 
0.82119 0.011868 
0.82152 0.011860 
0.82186 0.011851 
0.82219 0.011842 
0.82253 0.011833 
0.82286 0.011825 
0.82320 0.011816 
0.82353 0.011807 
0.82386 0.011799 
0.82420 0.011790 
0.82453 0.011782 
0.82487 0.011773 
0.82520 0.011765 
0.82553 0.011756 
0.82587 0.011748 
0.82620 0.011739 
0.82654 0.011730 
0.82687 0.011721 
0.82721 0.011713 
0.82754 0.011704 
0.82787 0.011696 
0.82821 0.011688 
0.82854 0.011679 
0.82888 0.011671 
0.82921 0.011662 
0.82955 0.011654 
0.82988 0.011645 
0.83021 0.011637 
0.83055 0.011629 
0.83088 0.011620 
0.83122 0.011611 
0.83155 0.011603 
0.83189 0.011595 
0.83222 0.011586 
0.83255 0.011578 
0.83289 0.011569 
0.83322 0.011561 
0.83356 0.011553 
0.83389 0.011545 
0.83422 0.011536 
0.83456 0.011528 
0.83489 0.011520 
0.83523 0.011511 
0.83556 0.011503 
0.83590 0.011495 
0.83623 0.011487 
0.83656 0.011478 
0.83690 0.011471 
0.83723 0.011462 
0.83757 0.011455 
0.83790 0.011446 
0.83824 0.011438 
0.83857 0.011430 
0.83890 0.011422 
0.83924 0.011414 
0.83957 0.011406 
0.83991 0.011397 
0.84024 0.011389 
0.84057 0.011381 
0.84091 0.011373 
0.84124 0.011365 
0.84158 0.011357 
0.84191 0.011349 
0.84225 0.011341 
0.84258 0.011333 
0.84291 0.011325 
0.84325 0.011317 
0.84358 0.011309 
0.84392 0.011301 
0.84425 0.011293 
0.84459 0.011285 
0.84492 0.011277 
0.84525 0.011269 
0.84559 0.011261 
0.84592 0.011253 
0.84626 0.011245 
0.84659 0.011237 
0.84693 0.011229 
0.84726 0.011221 
0.84759 0.011214 
0.84793 0.011206 
0.84826 0.011198 
0.84860 0.011190 
0.84893 0.011182 
0.84926 0.011174 
0.84960 0.011166 
0.84993 0.011158 
0.85027 0.011150 
0.85060 0.011142 
0.85094 0.011134 
0.85127 0.011127 
0.85160 0.011119 
0.85194 0.011111 
0.85227 0.011103 
0.85261 0.011096 
0.85294 0.011088 
0.85328 0.011080 
0.85361 0.011072 
0.85394 0.011065 
0.85428 0.011057 
0.85461 0.011049 
0.85495 0.011041 
0.85528 0.011034 
0.85561 0.011026 
0.85595 0.011019 
0.85628 0.011011 
0.85662 0.011003 
0.85695 0.010996 
0.85729 0.010988 
0.85762 0.010981 
0.85795 0.010973 
0.85829 0.010966 
0.85862 0.010958 
0.85896 0.010951 
0.85929 0.010943 
0.85963 0.010935 
0.85996 0.010928 
0.86029 0.010920 
0.86063 0.010912 
0.86096 0.010904 
0.86130 0.010897 
0.86163 0.010889 
0.86197 0.010881 
0.86230 0.010874 
0.86263 0.010866 
0.86297 0.010858 
0.86330 0.010851 
0.86364 0.010843 
0.86397 0.010835 
0.86430 0.010828 
0.86464 0.010820 
0.86497 0.010813 
0.86531 0.010805 
0.86564 0.010797 
0.86598 0.010790 
0.86631 0.010782 
0.86664 0.010774 
0.86698 0.010767 
0.86731 0.010760 
0.86765 0.010752 
0.86798 0.010745 
0.86832 0.010737 
0.86865 0.010729 
0.86898 0.010722 
0.86932 0.010715 
0.86965 0.010707 
0.86999 0.010700 
0.87032 0.010692 
0.87066 0.010684 
0.87099 0.010677 
0.87132 0.010669 
0.87166 0.010662 
0.87199 0.010655 
0.87233 0.010647 
0.87266 0.010640 
0.87299 0.010632 
0.87333 0.010625 
0.87366 0.010618 
0.87400 0.010610 
0.87433 0.010603 
0.87467 0.010595 
0.87500 0.010588 
0.87533 0.010581 
0.87567 0.010574 
0.87600 0.010566 
0.87634 0.010559 
0.87667 0.010552 
0.87701 0.010544 
0.87734 0.010537 
0.87767 0.010530 
0.87801 0.010522 
0.87834 0.010515 
0.87868 0.010507 
0.87901 0.010500 
0.87934 0.010493 
0.87968 0.010486 
0.88001 0.010478 
0.88035 0.010471 
0.88068 0.010464 
0.88102 0.010457 
0.88135 0.010449 
0.88168 0.010442 
0.88202 0.010435 
0.88235 0.010427 
0.88269 0.010420 
0.88302 0.010413 
0.88336 0.010405 
0.88369 0.010398 
0.88402 0.010391 
0.88436 0.010383 
0.88469 0.010376 
0.88503 0.010369 
0.88536 0.010361 
0.88570 0.010354 
0.88603 0.010347 
0.88636 0.010340 
0.88670 0.010333 
0.88703 0.010326 
0.88737 0.010319 
0.88770 0.010312 
0.88803 0.010305 
0.88837 0.010298 
0.88870 0.010291 
0.88904 0.010284 
0.88937 0.010277 
0.88971 0.010270 
0.89004 0.010263 
0.89037 0.010256 
0.89071 0.010249 
0.89104 0.010242 
0.89138 0.010235 
0.89171 0.010228 
0.89205 0.010221 
0.89238 0.010214 
0.89271 0.010207 
0.89305 0.010200 
0.89338 0.010193 
0.89372 0.010186 
0.89405 0.010179 
0.89439 0.010172 
0.89472 0.010165 
0.89505 0.010158 
0.89539 0.010151 
0.89572 0.010144 
0.89606 0.010137 
0.89639 0.010130 
0.89672 0.010123 
0.89706 0.010116 
0.89739 0.010109 
0.89773 0.010102 
0.89806 0.010095 
0.89840 0.010088 
0.89873 0.010081 
0.89906 0.010074 
0.89940 0.010067 
0.89973 0.010061 
0.90007 0.010054 
0.90040 0.010046 
0.90074 0.010040 
0.90107 0.010033 
0.90140 0.010026 
0.90174 0.010019 
0.90207 0.010012 
0.90241 0.010006 
0.90274 0.009999 
0.90307 0.009992 
0.90341 0.009985 
0.90374 0.009978 
0.90408 0.009971 
0.90441 0.009964 
0.90475 0.009957 
0.90508 0.009950 
0.90541 0.009944 
0.90575 0.009937 
0.90608 0.009930 
0.90642 0.009923 
0.90675 0.009916 
0.90709 0.009910 
0.90742 0.009903 
0.90775 0.009896 
0.90809 0.009890 
0.90842 0.009883 
0.90876 0.009876 
0.90909 0.009870 
0.90943 0.009863 
0.90976 0.009856 
0.91009 0.009849 
0.91043 0.009843 
0.91076 0.009836 
0.91110 0.009829 
0.91143 0.009823 
0.91176 0.009816 
0.91210 0.009809 
0.91243 0.009803 
0.91277 0.009796 
0.91310 0.009789 
0.91344 0.009783 
0.91377 0.009776 
0.91410 0.009770 
0.91444 0.009763 
0.91477 0.009756 
0.91511 0.009750 
0.91544 0.009743 
0.91578 0.009737 
0.91611 0.009730 
0.91644 0.009724 
0.91678 0.009717 
0.91711 0.009711 
0.91745 0.009704 
0.91778 0.009698 
0.91811 0.009691 
0.91845 0.009685 
0.91878 0.009678 
0.91912 0.009671 
0.91945 0.009665 
0.91979 0.009658 
0.92012 0.009652 
0.92045 0.009646 
0.92079 0.009639 
0.92112 0.009633 
0.92146 0.009626 
0.92179 0.009620 
0.92213 0.009613 
0.92246 0.009607 
0.92279 0.009600 
0.92313 0.009594 
0.92346 0.009587 
0.92380 0.009580 
0.92413 0.009574 
0.92447 0.009567 
0.92480 0.009561 
0.92513 0.009554 
0.92547 0.009548 
0.92580 0.009541 
0.92614 0.009535 
0.92647 0.009528 
0.92680 0.009521 
0.92714 0.009515 
0.92747 0.009508 
0.92781 0.009502 
0.92814 0.009495 
0.92848 0.009489 
0.92881 0.009483 
0.92914 0.009476 
0.92948 0.009469 
0.92981 0.009463 
0.93015 0.009457 
0.93048 0.009450 
0.93082 0.009444 
0.93115 0.009438 
0.93148 0.009431 
0.93182 0.009425 
0.93215 0.009419 
0.93249 0.009412 
0.93282 0.009406 
0.93316 0.009399 
0.93349 0.009393 
0.93382 0.009386 
0.93416 0.009380 
0.93449 0.009373 
0.93483 0.009367 
0.93516 0.009361 
0.93549 0.009354 
0.93583 0.009348 
0.93616 0.009342 
0.93650 0.009335 
0.93683 0.009329 
0.93717 0.009323 
0.93750 0.009316 
0.93783 0.009310 
0.93817 0.009304 
0.93850 0.009297 
0.93884 0.009291 
0.93917 0.009285 
0.93951 0.009278 
0.93984 0.009272 
0.94017 0.009266 
0.94051 0.009259 
0.94084 0.009253 
0.94118 0.009247 
0.94151 0.009241 
0.94184 0.009234 
0.94218 0.009228 
0.94251 0.009222 
0.94285 0.009215 
0.94318 0.009209 
0.94352 0.009203 
0.94385 0.009197 
0.94418 0.009190 
0.94452 0.009184 
0.94485 0.009178 
0.94519 0.009172 
0.94552 0.009166 
0.94586 0.009159 
0.94619 0.009153 
0.94652 0.009147 
0.94686 0.009141 
0.94719 0.009135 
0.94753 0.009129 
0.94786 0.009122 
0.94820 0.009116 
0.94853 0.009110 
0.94886 0.009104 
0.94920 0.009098 
0.94953 0.009092 
0.94987 0.009086 
0.95020 0.009079 
0.95053 0.009073 
0.95087 0.009067 
0.95120 0.009061 
0.95154 0.009055 
0.95187 0.009049 
0.95221 0.009043 
0.95254 0.009037 
0.95287 0.009031 
0.95321 0.009025 
0.95354 0.009019 
0.95388 0.009013 
0.95421 0.009007 
0.95455 0.009001 
0.95488 0.008995 
0.95521 0.008989 
0.95555 0.008983 
0.95588 0.008977 
0.95622 0.008971 
0.95655 0.008965 
0.95689 0.008959 
0.95722 0.008953 
0.95755 0.008947 
0.95789 0.008941 
0.95822 0.008935 
0.95856 0.008929 
0.95889 0.008923 
0.95922 0.008917 
0.95956 0.008911 
0.95989 0.008905 
0.96023 0.008899 
0.96056 0.008894 
0.96090 0.008888 
0.96123 0.008882 
0.96156 0.008876 
0.96190 0.008870 
0.96223 0.008864 
0.96257 0.008859 
0.96290 0.008853 
0.96324 0.008847 
0.96357 0.008841 
0.96390 0.008835 
0.96424 0.008829 
0.96457 0.008823 
0.96491 0.008817 
0.96524 0.008812 
0.96557 0.008806 
0.96591 0.008800 
0.96624 0.008794 
0.96658 0.008788 
0.96691 0.008782 
0.96725 0.008777 
0.96758 0.008771 
0.96791 0.008765 
0.96825 0.008759 
0.96858 0.008753 
0.96892 0.008747 
0.96925 0.008742 
0.96959 0.008736 
0.96992 0.008730 
0.97025 0.008724 
0.97059 0.008719 
0.97092 0.008713 
0.97126 0.008707 
0.97159 0.008701 
0.97193 0.008696 
0.97226 0.008690 
0.97259 0.008684 
0.97293 0.008679 
0.97326 0.008673 
0.97360 0.008667 
0.97393 0.008661 
0.97426 0.008656 
0.97460 0.008650 
0.97493 0.008644 
0.97527 0.008639 
0.97560 0.008633 
0.97594 0.008627 
0.97627 0.008622 
0.97660 0.008616 
0.97694 0.008610 
0.97727 0.008605 
0.97761 0.008599 
0.97794 0.008593 
0.97828 0.008588 
0.97861 0.008582 
0.97894 0.008576 
0.97928 0.008571 
0.97961 0.008565 
0.97995 0.008560 
0.98028 0.008554 
0.98061 0.008548 
0.98095 0.008543 
0.98128 0.008537 
0.98162 0.008532 
0.98195 0.008526 
0.98229 0.008520 
0.98262 0.008515 
0.98295 0.008509 
0.98329 0.008504 
0.98362 0.008498 
0.98396 0.008493 
0.98429 0.008487 
0.98463 0.008482 
0.98496 0.008476 
0.98529 0.008471 
0.98563 0.008465 
0.98596 0.008460 
0.98630 0.008454 
0.98663 0.008449 
0.98697 0.008443 
0.98730 0.008438 
0.98763 0.008432 
0.98797 0.008427 
0.98830 0.008421 
0.98864 0.008415 
0.98897 0.008410 
0.98930 0.008404 
0.98964 0.008399 
0.98997 0.008393 
0.99031 0.008388 
0.99064 0.008383 
0.99098 0.008377 
0.99131 0.008372 
0.99164 0.008366 
0.99198 0.008361 
0.99231 0.008355 
0.99265 0.008350 
0.99298 0.008345 
0.99332 0.008339 
0.99365 0.008334 
0.99398 0.008328 
0.99432 0.008323 
0.99465 0.008318 
0.99499 0.008312 
0.99532 0.008307 
0.99566 0.008302 
0.99599 0.008296 
0.99632 0.008291 
0.99666 0.008286 
0.99699 0.008280 
0.99733 0.008275 
0.99766 0.008270 
0.99799 0.008264 
0.99833 0.008259 
0.99866 0.008254 
0.99900 0.008248 
0.99933 0.008243 
0.99967 0.008238 
1.00000 0.008233 
